t i j k u[t]
1 1 2 3 0.20101550000000004
2 1 2 4 0.0770175
3 1 2 5 0.17175500000000005
4 1 2 6 0.19696800000000003
5 1 2 7 0.13703750000000003
6 1 2 8 -0.044054500000000024
7 1 2 9 0.167385
8 1 2 10 0.44850000000000007
9 1 2 11 -0.02820400000000001
10 1 2 12 0.12817000000000006
11 1 2 13 0.1340195
12 1 2 14 0.20581000000000002
13 1 2 15 0.26754
14 1 2 16 0.13438000000000003
15 1 2 17 0.13185150000000004
16 1 2 18 -0.10729200000000004
17 1 2 19 0.024008699999999987
18 1 2 20 0.14469500000000007
19 1 3 4 -0.24815000000000004
20 1 3 5 -0.03881500000000001
21 1 3 6 -0.06047350000000001
22 1 3 7 -0.09359650000000001
23 1 3 8 -0.17672450000000003
24 1 3 9 -0.13010000000000002
25 1 3 10 0.18082000000000004
26 1 3 11 -0.2776690000000001
27 1 3 12 -0.2787650000000001
28 1 3 13 -0.21767350000000005
29 1 3 14 -0.07715000000000002
30 1 3 15 0.109413
31 1 3 16 -0.052306500000000006
32 1 3 17 -0.13980200000000004
33 1 3 18 -0.028967000000000017
34 1 3 19 -0.22349130000000006
35 1 3 20 -0.110085
36 1 4 5 0.13760000000000003
37 1 4 6 0.08700200000000002
38 1 4 7 0.16750200000000004
39 1 4 8 0.15321050000000003
40 1 4 9 0.12132000000000003
41 1 4 10 0.25640650000000004
42 1 4 11 -0.09181400000000002
43 1 4 12 0.026959999999999987
44 1 4 13 0.019246500000000003
45 1 4 14 0.36327500000000007
46 1 4 15 0.0064199999999999605
47 1 4 16 0.042900000000000015
48 1 4 17 -0.025887
49 1 4 18 0.04031150000000001
50 1 4 19 0.010843700000000003
51 1 4 20 0.21018500000000004
52 1 5 6 -0.14368000000000003
53 1 5 7 -0.06749950000000002
54 1 5 8 -0.19954950000000005
55 1 5 9 -0.18106000000000005
56 1 5 10 0.05958400000000002
57 1 5 11 -0.3970940000000001
58 1 5 12 -0.15620000000000003
59 1 5 13 -0.13776500000000003
60 1 5 14 0.027431999999999995
61 1 5 15 0.08007000000000002
62 1 5 16 -0.2512750000000001
63 1 5 17 -0.21494200000000005
64 1 5 18 -0.24863200000000008
65 1 5 19 -0.20831130000000003
66 1 5 20 -0.0018199999999999887
67 1 6 7 0.043655000000000006
68 1 6 8 -0.14115950000000005
69 1 6 9 0.0011050000000000005
70 1 6 10 0.05068500000000001
71 1 6 11 -0.056723000000000016
72 1 6 12 0.007829999999999995
73 1 6 13 -0.16055850000000005
74 1 6 14 0.11214350000000002
75 1 6 15 0.15298
76 1 6 16 -0.029229999999999992
77 1 6 17 -0.05209300000000002
78 1 6 18 -0.13431200000000001
79 1 6 19 -0.14209630000000004
80 1 6 20 0.0025100000000000127
81 1 7 8 0.047630500000000006
82 1 7 9 -0.05474500000000001
83 1 7 10 0.15514900000000004
84 1 7 11 -0.13330050000000002
85 1 7 12 0.09691200000000003
86 1 7 13 0.09847650000000002
87 1 7 14 -0.06704500000000001
88 1 7 15 0.354345
89 1 7 16 0.08797600000000003
90 1 7 17 -0.10820200000000002
91 1 7 18 -0.14096700000000004
92 1 7 19 -0.03996330000000001
93 1 7 20 0.08067500000000004
94 1 8 9 0.04171950000000001
95 1 8 10 0.15808250000000004
96 1 8 11 0.06184550000000001
97 1 8 12 0.18293450000000006
98 1 8 13 0.20540100000000008
99 1 8 14 0.3878895000000001
100 1 8 15 0.2577033000000001
101 1 8 16 0.14399450000000005
102 1 8 17 0.14405750000000003
103 1 8 18 0.05918250000000001
104 1 8 19 0.014664700000000006
105 1 8 20 0.05120450000000002
106 1 9 10 0.07711650000000002
107 1 9 11 -0.095859
108 1 9 12 -0.043760000000000014
109 1 9 13 -0.016408499999999996
110 1 9 14 0.13027500000000003
111 1 9 15 0.08441000000000001
112 1 9 16 0.08498500000000003
113 1 9 17 -0.12035800000000003
114 1 9 18 -0.18703200000000003
115 1 9 19 0.0572787
116 1 9 20 0.040670000000000026
117 1 10 11 -0.191664
118 1 10 12 -0.17196500000000003
119 1 10 13 -0.33421350000000005
120 1 10 14 -0.13758500000000004
121 1 10 15 -0.12492000000000004
122 1 10 16 -0.056905000000000004
123 1 10 17 -0.16096050000000003
124 1 10 18 -0.065087
125 1 10 19 -0.17984280000000002
126 1 10 20 -0.10590000000000001
127 1 11 12 0.22228400000000004
128 1 11 13 -0.012539499999999995
129 1 11 14 0.13481400000000002
130 1 11 15 0.18809900000000002
131 1 11 16 0.19497350000000005
132 1 11 17 -0.21444300000000005
133 1 11 18 0.005139000000000003
134 1 11 19 0.04994170000000001
135 1 11 20 0.1696590000000001
136 1 12 13 -0.16455350000000005
137 1 12 14 0.023359
138 1 12 15 0.1357665
139 1 12 16 -0.066535
140 1 12 17 -0.014256999999999999
141 1 12 18 -0.25773200000000007
142 1 12 19 -0.10667330000000003
143 1 12 20 0.06005200000000003
144 1 13 14 0.3441985000000001
145 1 13 15 0.27298750000000005
146 1 13 16 0.021348500000000006
147 1 13 17 -0.23830850000000003
148 1 13 18 0.14321650000000002
149 1 13 19 0.15014720000000004
150 1 13 20 0.13182350000000007
151 1 14 15 0.25922500000000004
152 1 14 16 0.061660000000000034
153 1 14 17 -0.13751850000000004
154 1 14 18 -0.34722700000000006
155 1 14 19 -0.22700630000000005
156 1 14 20 0.07612700000000004
157 1 15 16 -0.14381700000000003
158 1 15 17 -0.2811760000000001
159 1 15 18 -0.092432
160 1 15 19 -0.24353480000000005
161 1 15 20 -0.005514999999999982
162 1 16 17 -0.26862700000000006
163 1 16 18 -0.3367520000000001
164 1 16 19 -0.25846130000000006
165 1 16 20 0.13712900000000003
166 1 17 18 0.03442000000000001
167 1 17 19 -0.03328380000000001
168 1 17 20 0.1760055000000001
169 1 18 19 0.15719070000000002
170 1 18 20 0.3282470000000001
171 1 19 20 0.3094163000000001
172 2 3 4 -0.12415200000000003
173 2 3 5 -0.009554500000000006
174 2 3 6 -0.056426000000000004
175 2 3 7 -0.029618500000000002
176 2 3 8 0.06834550000000002
177 2 3 9 -0.0964695
178 2 3 10 -0.06666450000000003
179 2 3 11 -0.04844950000000002
180 2 3 12 -0.20591950000000003
181 2 3 13 -0.15067750000000002
182 2 3 14 -0.08194450000000002
183 2 3 15 0.042888499999999996
184 2 3 16 0.014329000000000015
185 2 3 17 -0.070638
186 2 3 18 0.27934050000000005
187 2 3 19 -0.04648449999999999
188 2 3 20 -0.05376450000000002
189 2 4 5 0.042862500000000005
190 2 4 6 -0.03294850000000001
191 2 4 7 0.10748200000000001
192 2 4 8 0.27428250000000004
193 2 4 9 0.0309525
194 2 4 10 -0.11507600000000001
195 2 4 11 0.013407499999999998
196 2 4 12 -0.024192500000000023
197 2 4 13 -0.03775550000000001
198 2 4 14 0.23448250000000007
199 2 4 15 -0.18410250000000006
200 2 4 16 -0.014462500000000003
201 2 4 17 -0.08072100000000001
202 2 4 18 0.22462100000000004
203 2 4 19 0.06385250000000002
204 2 4 20 0.1425075
205 2 5 6 -0.16889300000000004
206 2 5 7 -0.032782
207 2 5 8 0.01626000000000002
208 2 5 9 -0.17669000000000004
209 2 5 10 -0.21716100000000002
210 2 5 11 -0.19713500000000003
211 2 5 12 -0.11261500000000002
212 2 5 13 -0.10002950000000002
213 2 5 14 -0.006622999999999994
214 2 5 15 -0.015715000000000003
215 2 5 16 -0.2139000000000001
216 2 5 17 -0.17503850000000004
217 2 5 18 0.030415000000000008
218 2 5 19 -0.06056500000000001
219 2 5 20 0.02524
220 2 6 7 0.10358550000000001
221 2 6 8 0.09986300000000001
222 2 6 9 0.030688000000000007
223 2 6 10 -0.20084700000000005
224 2 6 11 0.16844900000000002
225 2 6 12 0.07662800000000002
226 2 6 13 -0.09761000000000002
227 2 6 14 0.10330150000000002
228 2 6 15 0.08240800000000002
229 2 6 16 0.03335800000000001
230 2 6 17 0.0130235
231 2 6 18 0.16994800000000004
232 2 6 19 0.030863000000000012
233 2 6 20 0.05478299999999999
234 2 7 8 0.22872250000000008
235 2 7 9 -0.08509250000000002
236 2 7 10 -0.15631350000000005
237 2 7 11 0.031941000000000004
238 2 7 12 0.10577950000000003
239 2 7 13 0.10149450000000003
240 2 7 14 -0.13581750000000004
241 2 7 15 0.22384250000000003
242 2 7 16 0.09063350000000002
243 2 7 17 -0.10301600000000002
244 2 7 18 0.10336250000000002
245 2 7 19 0.07306550000000002
246 2 7 20 0.07301750000000001
247 2 8 9 -0.16972000000000004
248 2 8 10 -0.3344720000000001
249 2 8 11 0.045994999999999994
250 2 8 12 0.010709999999999989
251 2 8 13 0.027327000000000014
252 2 8 14 0.138025
253 2 8 15 -0.05389120000000003
254 2 8 16 -0.03444000000000001
255 2 8 17 -0.03184850000000002
256 2 8 18 0.12242000000000001
257 2 8 19 -0.053398500000000015
258 2 8 20 -0.13754500000000006
259 2 9 10 -0.20399850000000005
260 2 9 11 0.09973000000000003
261 2 9 12 -0.004545000000000006
262 2 9 13 0.016957000000000003
263 2 9 14 0.09185000000000003
264 2 9 15 -0.015745000000000012
265 2 9 16 0.11799000000000001
266 2 9 17 -0.08482450000000001
267 2 9 18 0.08764500000000001
268 2 9 19 0.20065500000000003
269 2 9 20 0.06336
270 2 10 11 0.28504000000000007
271 2 10 12 0.14836500000000002
272 2 10 13 -0.019732999999999983
273 2 10 14 0.10510500000000002
274 2 10 15 0.05604000000000001
275 2 10 16 0.2572150000000001
276 2 10 17 0.15568800000000002
277 2 10 18 0.4907050000000001
278 2 10 19 0.24464850000000005
279 2 10 20 0.197905
280 2 11 12 0.06591
281 2 11 13 -0.17476300000000003
282 2 11 14 -0.09920000000000002
283 2 11 15 -0.10764500000000005
284 2 11 16 0.03238950000000001
285 2 11 17 -0.3744985
286 2 11 18 0.08422700000000002
287 2 11 19 -0.0022709999999999957
288 2 11 20 -0.0032400000000000102
289 2 12 13 -0.17040300000000003
290 2 12 14 -0.054281
291 2 12 15 -0.0036035000000000047
292 2 12 16 -0.072745
293 2 12 17 -0.017938499999999993
294 2 12 18 -0.022270000000000005
295 2 12 19 -0.00251199999999999
296 2 12 20 0.04352700000000001
297 2 13 14 0.2724080000000001
298 2 13 15 0.139467
299 2 13 16 0.02098800000000001
300 2 13 17 -0.23614050000000003
301 2 13 18 0.3845280000000001
302 2 13 19 0.26015800000000006
303 2 13 20 0.12114800000000002
304 2 14 15 0.19749500000000003
305 2 14 16 0.13309000000000004
306 2 14 17 -0.06356000000000002
307 2 14 18 -0.03412500000000001
308 2 14 19 -0.045205
309 2 14 20 0.13724200000000003
310 2 15 16 -0.010656999999999988
311 2 15 17 -0.14548750000000002
312 2 15 18 0.28240000000000004
313 2 15 19 -3.499999999984072e-6
314 2 15 20 0.11733000000000003
315 2 16 17 -0.26609850000000007
316 2 16 18 -0.09508000000000003
317 2 16 19 -0.14809000000000003
318 2 16 20 0.126814
319 2 17 18 0.27356350000000007
320 2 17 19 0.07455900000000001
321 2 17 20 0.16316200000000003
322 2 18 19 0.025889999999999996
323 2 18 20 0.07626000000000001
324 2 19 20 0.18873
325 3 4 5 -0.07173500000000002
326 3 4 6 -0.10067450000000003
327 3 4 7 0.012948499999999998
328 3 4 8 0.08178500000000001
329 3 4 9 0.0032699999999999843
330 3 4 10 -0.17256350000000004
331 3 4 11 -0.062294999999999996
332 3 4 12 0.05757499999999999
333 3 4 13 -0.011230000000000009
334 3 4 14 0.19227500000000006
335 3 4 15 -0.3511430000000001
336 3 4 16 -0.15294350000000004
337 3 4 17 -0.13423500000000005
338 3 4 18 -0.17887150000000002
339 3 4 19 -0.013815000000000013
340 3 4 20 0.07212
341 3 5 6 -0.12202150000000003
342 3 5 7 -0.012718000000000004
343 3 5 8 -0.06164000000000001
344 3 5 9 -0.08977500000000002
345 3 5 10 -0.16005100000000003
346 3 5 11 -0.15824000000000005
347 3 5 12 0.08375
348 3 5 13 0.041093500000000005
349 3 5 14 0.065767
350 3 5 15 -0.06815800000000001
351 3 5 16 -0.23778350000000006
352 3 5 17 -0.11395500000000001
353 3 5 18 -0.25848000000000004
354 3 5 19 -0.02363500000000001
355 3 5 20 0.06945000000000001
356 3 6 7 0.07677800000000003
357 3 6 8 -0.024908500000000017
358 3 6 9 0.0707315
359 3 6 10 -0.19060850000000001
360 3 6 11 0.16047250000000005
361 3 6 12 0.22612150000000006
362 3 6 13 -0.0033584999999999986
363 3 6 14 0.12882000000000002
364 3 6 15 -0.016906500000000005
365 3 6 16 -0.037397000000000014
366 3 6 17 0.027235500000000003
367 3 6 18 -0.16581850000000004
368 3 6 19 0.020921500000000006
369 3 6 20 0.05212150000000001
370 3 7 8 0.13075850000000003
371 3 7 9 -0.018241500000000004
372 3 7 10 -0.11926750000000003
373 3 7 11 0.050772000000000025
374 3 7 12 0.28208050000000007
375 3 7 13 0.22255350000000002
376 3 7 14 -0.08349150000000001
377 3 7 15 0.15133550000000004
378 3 7 16 0.046686000000000005
379 3 7 17 -0.0619965
380 3 7 18 -0.2055965
381 3 7 19 0.08993150000000001
382 3 7 20 0.09716350000000004
383 3 8 9 -0.004905000000000015
384 3 8 10 -0.19946200000000003
385 3 8 11 0.16279000000000005
386 3 8 12 0.2849750000000001
387 3 8 13 0.2463500000000001
388 3 8 14 0.28831500000000004
389 3 8 15 -0.028434200000000007
390 3 8 16 0.0195765
391 3 8 17 0.10713500000000002
392 3 8 18 -0.08857500000000003
393 3 8 19 0.06143150000000001
394 3 8 20 -0.015435000000000003
395 3 9 10 -0.23380350000000005
396 3 9 11 0.051710000000000034
397 3 9 12 0.10490500000000004
398 3 9 13 0.07116500000000002
399 3 9 14 0.07732500000000002
400 3 9 15 -0.15510300000000002
401 3 9 16 0.007191500000000008
402 3 9 17 -0.11065600000000002
403 3 9 18 -0.288165
404 3 9 19 0.15067000000000003
405 3 9 20 0.020655000000000017
406 3 10 11 0.26682500000000003
407 3 10 12 0.28762000000000004
408 3 10 13 0.06428000000000002
409 3 10 14 0.12038500000000002
410 3 10 15 -0.05351300000000002
411 3 10 16 0.17622150000000003
412 3 10 17 0.1596615
413 3 10 18 0.14470000000000005
414 3 10 19 0.22446850000000002
415 3 10 20 0.18500500000000003
416 3 11 12 0.22338000000000005
417 3 11 13 -0.07253500000000003
418 3 11 14 -0.06570500000000003
419 3 11 15 -0.19898300000000002
420 3 11 16 -0.030389000000000017
421 3 11 17 -0.35231
422 3 11 18 -0.24356300000000008
423 3 11 19 -0.004236000000000012
424 3 11 20 0.002074999999999994
425 3 12 13 -0.22564500000000007
426 3 12 14 -0.17825600000000005
427 3 12 15 -0.25241150000000007
428 3 12 16 -0.2929935000000001
429 3 12 17 -0.15322000000000005
430 3 12 18 -0.5075300000000001
431 3 12 19 -0.16194700000000004
432 3 12 20 -0.10862800000000004
433 3 13 14 0.20367500000000005
434 3 13 15 -0.054099
435 3 13 16 -0.14401850000000005
436 3 13 17 -0.31618
437 3 13 18 -0.045489999999999975
438 3 13 19 0.15596500000000002
439 3 13 20 0.024235000000000013
440 3 14 15 0.07266200000000003
441 3 14 16 0.036816500000000016
442 3 14 17 -0.0748665
443 3 14 18 -0.39541000000000004
444 3 14 19 -0.08066500000000001
445 3 14 20 0.10906200000000002
446 3 15 16 0.0179025
447 3 15 17 -0.031961
448 3 15 18 0.04594800000000002
449 3 15 19 0.0893695
450 3 15 20 0.213983
451 3 16 17 -0.18113150000000003
452 3 16 18 -0.36009150000000006
453 3 16 19 -0.08727650000000002
454 3 16 20 0.19490750000000007
455 3 17 18 -0.076415
456 3 17 19 0.0504055
457 3 17 20 0.14628850000000004
458 3 18 19 0.3517150000000001
459 3 18 20 0.4093650000000001
460 3 19 20 0.19601000000000005
461 4 5 6 -0.09308200000000001
462 4 5 7 -0.09740150000000003
463 4 5 8 -0.21516000000000005
464 4 5 9 -0.16478
465 4 5 10 -0.05922250000000001
466 4 5 11 -0.16768000000000005
467 4 5 12 -0.04556
468 4 5 13 -0.0194115
469 4 5 14 -0.19824300000000006
470 4 5 15 0.21125000000000002
471 4 5 16 -0.15657500000000002
472 4 5 17 -0.051455
473 4 5 18 -0.15134350000000002
474 4 5 19 -0.08155500000000002
475 4 5 20 -0.07440500000000001
476 4 6 7 -0.036845
477 4 6 8 -0.20736800000000005
478 4 6 9 -0.033213
479 4 6 10 -0.11871950000000003
480 4 6 11 0.12209300000000003
481 4 6 12 0.06787200000000002
482 4 6 13 -0.09280300000000001
483 4 6 14 -0.16412950000000004
484 4 6 15 0.23356200000000005
485 4 6 16 0.014872000000000012
486 4 6 17 0.06079600000000002
487 4 6 18 -0.08762150000000002
488 4 6 19 -0.06593800000000001
489 4 6 20 -0.12067300000000002
490 4 7 8 0.061922000000000026
491 4 7 9 -0.008562999999999989
492 4 7 10 0.06624450000000001
493 4 7 11 0.12601550000000003
494 4 7 12 0.23745400000000008
495 4 7 13 0.24673200000000003
496 4 7 14 -0.26281800000000005
497 4 7 15 0.5154270000000002
498 4 7 16 0.21257800000000004
499 4 7 17 0.08518700000000001
500 4 7 18 -0.013776499999999994
501 4 7 19 0.11669500000000001
502 4 7 20 0.03799200000000002
503 4 8 9 0.07361000000000002
504 4 8 10 0.05488650000000001
505 4 8 11 0.30687000000000003
506 4 8 12 0.3091850000000001
507 4 8 13 0.3393650000000001
508 4 8 14 0.177825
509 4 8 15 0.4044938000000001
510 4 8 16 0.25430500000000006
511 4 8 17 0.323155
512 4 8 18 0.17208150000000003
513 4 8 19 0.15703150000000005
514 4 8 20 -0.0057700000000000095
515 4 9 10 -0.05797000000000002
516 4 9 11 0.11727500000000002
517 4 9 12 0.050600000000000006
518 4 9 13 0.08566500000000002
519 4 9 14 -0.11168000000000003
520 4 9 15 0.19931000000000007
521 4 9 16 0.16340500000000002
522 4 9 17 0.02684900000000001
523 4 9 18 -0.10602350000000003
524 4 9 19 0.16775500000000004
525 4 9 20 -0.04819500000000001
526 4 10 11 0.15655650000000002
527 4 10 12 0.05748150000000002
528 4 10 13 -0.09705350000000001
529 4 10 14 -0.24445350000000007
530 4 10 15 0.12506650000000005
531 4 10 16 0.15660150000000003
532 4 10 17 0.12133300000000004
533 4 10 18 0.15100800000000003
534 4 10 19 0.06572000000000001
535 4 10 20 -0.05967850000000001
536 4 11 12 0.10351000000000005
537 4 11 13 -0.1236
538 4 11 14 -0.3202750000000001
539 4 11 15 0.08986500000000001
540 4 11 16 0.06025950000000002
541 4 11 17 -0.28037000000000006
542 4 11 18 -0.1269865
543 4 11 19 -0.05271599999999999
544 4 11 20 -0.13234
545 4 12 13 -0.15684000000000003
546 4 12 14 -0.31295600000000007
547 4 12 15 0.15630650000000001
548 4 12 16 -0.08247500000000002
549 4 12 17 0.03859
550 4 12 18 -0.2710835000000001
551 4 12 19 -0.09055700000000003
552 4 12 20 -0.12317300000000002
553 4 13 14 0.0001700000000000035
554 4 13 15 0.28581400000000007
555 4 13 16 -0.002305000000000002
556 4 13 17 -0.19317500000000004
557 4 13 18 0.12215150000000005
558 4 13 19 0.15855000000000002
559 4 13 20 -0.059115
560 4 14 15 0.6160800000000002
561 4 14 16 0.38203500000000007
562 4 14 17 0.2516435000000001
563 4 14 18 -0.024263499999999997
564 4 14 19 0.12542500000000004
565 4 14 20 0.22921700000000006
566 4 15 16 -0.18029700000000004
567 4 15 17 -0.24886900000000006
568 4 15 18 -0.12632350000000006
569 4 15 19 -0.24795850000000005
570 4 15 20 -0.20928000000000005
571 4 16 17 -0.19984000000000002
572 4 16 18 -0.33416350000000006
573 4 16 19 -0.22640500000000005
574 4 16 20 -0.030156000000000006
575 4 17 18 -0.031778499999999994
576 4 17 19 -0.07001450000000002
577 4 17 20 -0.06006650000000001
578 4 18 19 0.18665850000000006
579 4 18 20 0.15837350000000006
580 4 19 20 0.11007500000000005
581 5 6 7 -0.032525500000000006
582 5 6 8 -0.08529000000000003
583 5 6 9 0.03848500000000001
584 5 6 10 -0.15257900000000002
585 5 6 11 0.19669100000000003
586 5 6 12 0.020350000000000004
587 5 6 13 -0.16647350000000002
588 5 6 14 -0.058968500000000014
589 5 6 15 -0.07077000000000001
590 5 6 16 0.07836500000000002
591 5 6 17 0.019169000000000002
592 5 6 18 -0.029360000000000004
593 5 6 19 -0.077465
594 5 6 20 -0.13935000000000003
595 5 7 8 0.17968050000000002
596 5 7 9 0.05881550000000001
597 5 7 10 0.028065500000000004
598 5 7 11 0.19629400000000005
599 5 7 12 0.1856125
600 5 7 13 0.16874200000000003
601 5 7 14 -0.16197650000000002
602 5 7 15 0.20677550000000003
603 5 7 16 0.2717515000000001
604 5 7 17 0.03924050000000001
605 5 7 18 0.04016550000000002
606 5 7 19 0.10084850000000002
607 5 7 20 0.014995500000000009
608 5 8 9 0.023229999999999997
609 5 8 10 -0.10105100000000002
610 5 8 11 0.25939000000000006
611 5 8 12 0.13958500000000004
612 5 8 13 0.14361650000000004
613 5 8 14 0.16090800000000005
614 5 8 15 -0.021916200000000007
615 5 8 16 0.19572000000000006
616 5 8 17 0.15945000000000004
617 5 8 18 0.10826500000000003
618 5 8 19 0.023426500000000013
619 5 8 20 -0.14652500000000004
620 5 9 10 -0.16352750000000002
621 5 9 11 0.12017500000000005
622 5 9 12 -0.06862000000000001
623 5 9 13 -0.059703500000000014
624 5 9 14 -0.07821700000000001
625 5 9 15 -0.17672000000000002
626 5 9 16 0.15520000000000003
627 5 9 17 -0.08647600000000001
628 5 9 18 -0.11946000000000001
629 5 9 19 0.08453000000000002
630 5 9 20 -0.13857000000000003
631 5 10 11 0.2650140000000001
632 5 10 12 0.04381899999999999
633 5 10 13 -0.1368645
634 5 10 14 -0.10543300000000003
635 5 10 15 -0.14540600000000006
636 5 10 16 0.25395400000000007
637 5 10 17 0.11356550000000001
638 5 10 18 0.24312900000000004
639 5 10 19 0.08805250000000002
640 5 10 20 -0.044496000000000015
641 5 11 12 -0.01861000000000002
642 5 11 13 -0.2718685000000001
643 5 11 14 -0.2897120000000001
644 5 11 15 -0.28906500000000007
645 5 11 16 0.04915450000000002
646 5 11 17 -0.3965950000000001
647 5 11 18 -0.14332300000000003
648 5 11 19 -0.13884100000000002
649 5 11 20 -0.22561500000000004
650 5 12 13 -0.18298850000000003
651 5 12 14 -0.16027300000000003
652 5 12 15 -0.10050350000000001
653 5 12 16 0.028540000000000017
654 5 12 17 0.044485000000000004
655 5 12 18 -0.16530000000000003
656 5 12 19 -0.05456200000000001
657 5 12 20 -0.094328
658 5 13 14 0.17900150000000006
659 5 13 15 0.055152500000000014
660 5 13 16 0.13485850000000005
661 5 13 17 -0.16113150000000004
662 5 13 18 0.2540835000000001
663 5 13 19 0.2206935
664 5 13 20 -0.004121500000000001
665 5 14 15 0.20658700000000008
666 5 14 16 0.34036700000000003
667 5 14 17 0.10485550000000002
668 5 14 18 -0.07116300000000003
669 5 14 19 0.008737000000000009
670 5 14 20 0.10537900000000001
671 5 15 16 0.18752800000000006
672 5 15 17 0.013836000000000001
673 5 15 18 0.23627000000000004
674 5 15 19 0.04484650000000001
675 5 15 20 0.07637500000000001
676 5 16 17 -0.30496000000000006
677 5 16 18 -0.33939500000000006
678 5 16 19 -0.30142500000000005
679 5 16 20 -0.11232600000000001
680 5 17 18 0.06811000000000002
681 5 17 19 -0.039914500000000006
682 5 17 20 -0.037116500000000004
683 5 18 19 0.11687000000000003
684 5 18 20 0.08143500000000004
685 5 19 20 0.10292500000000002
686 6 7 8 0.23244500000000007
687 6 7 9 -0.012195000000000003
688 6 7 10 0.14811900000000003
689 6 7 11 -0.0329225
690 6 7 12 0.13273700000000002
691 6 7 13 0.30269000000000007
692 6 7 14 -0.1355335
693 6 7 15 0.24502000000000002
694 6 7 16 0.16086100000000003
695 6 7 17 -0.012454
696 6 7 18 0.037000000000000005
697 6 7 19 0.14578800000000006
698 6 7 20 0.12182000000000003
699 6 8 9 -0.10054500000000005
700 6 8 10 -0.03376200000000002
701 6 8 11 -0.022591000000000014
702 6 8 12 0.033944999999999996
703 6 8 13 0.22480000000000006
704 6 8 14 0.13458650000000003
705 6 8 15 -0.036436200000000016
706 6 8 16 0.032064999999999996
707 6 8 17 0.054991
708 6 8 18 0.052335
709 6 8 19 0.015601499999999994
710 6 8 20 -0.09246500000000003
711 6 9 10 0.02753650000000001
712 6 9 11 -0.038031
713 6 9 12 -0.05048500000000001
714 6 9 13 0.14525500000000002
715 6 9 14 0.019236500000000017
716 6 9 15 -0.06746500000000001
717 6 9 16 0.11532000000000002
718 6 9 17 -0.06716000000000001
719 6 9 18 -0.05161500000000001
720 6 9 19 0.20048000000000002
721 6 9 20 0.039265000000000015
722 6 10 11 -0.08425600000000001
723 6 10 12 -0.12911000000000003
724 6 10 13 -0.12297000000000004
725 6 10 14 -0.19904350000000004
726 6 10 15 -0.22721500000000003
727 6 10 16 0.02301
728 6 10 17 -0.05818250000000001
729 6 10 18 0.11991000000000003
730 6 10 19 0.0129385
731 6 10 20 -0.05772500000000001
732 6 11 12 0.15773100000000004
733 6 11 13 0.09129600000000002
734 6 11 14 -0.034052500000000006
735 6 11 15 -0.021604000000000005
736 6 11 16 0.16748050000000006
737 6 11 17 -0.21907300000000005
738 6 11 18 0.08272800000000002
739 6 11 19 0.13531500000000002
740 6 11 20 0.11042600000000002
741 6 12 13 0.003834999999999989
742 6 12 14 -0.08095450000000001
743 6 12 15 -0.009383500000000003
744 6 12 16 -0.029475000000000015
745 6 12 17 0.04566600000000001
746 6 12 18 -0.11559000000000004
747 6 12 19 0.04325300000000001
748 6 12 20 0.06537200000000003
749 6 13 14 0.07149650000000002
750 6 13 15 -0.040551000000000004
751 6 13 16 -0.10998000000000004
752 6 13 17 -0.3467740000000001
753 6 13 18 0.11697000000000005
754 6 13 19 0.13168500000000005
755 6 13 20 -0.031245
756 6 14 15 0.21838850000000007
757 6 14 16 0.20303350000000003
758 6 14 17 0.026718000000000013
759 6 14 18 -0.10077150000000004
760 6 14 19 0.027233500000000004
761 6 14 20 0.18576050000000002
762 6 15 16 0.038393000000000004
763 6 15 17 -0.07610300000000002
764 6 15 18 0.19486
765 6 15 19 0.05154150000000001
766 6 15 20 0.144955
767 6 16 17 -0.245764
768 6 16 18 -0.23167000000000007
769 6 16 19 -0.14559500000000003
770 6 16 20 0.10538900000000002
771 6 17 18 0.11663900000000003
772 6 17 19 0.0567195
773 6 17 20 0.12140250000000004
774 6 18 19 0.16497500000000004
775 6 18 20 0.19142500000000004
776 6 19 20 0.16481000000000004
777 7 8 9 0.14409500000000003
778 7 8 10 0.05056400000000002
779 7 8 11 0.24277650000000003
780 7 8 12 0.13365300000000002
781 7 8 13 0.15455500000000005
782 7 8 14 0.5025650000000002
783 7 8 15 -0.049011200000000005
784 7 8 16 0.10364900000000003
785 7 8 17 0.29989000000000005
786 7 8 18 0.24778000000000008
787 7 8 19 0.10225850000000004
788 7 8 20 0.018160000000000003
789 7 9 10 -0.13277750000000002
790 7 9 11 -0.0173035
791 7 9 12 -0.19541700000000004
792 7 9 13 -0.16963
793 7 9 14 0.142575
794 7 9 15 -0.3246800000000001
795 7 9 16 -0.05773600000000001
796 7 9 17 -0.06690100000000002
797 7 9 18 -0.10081000000000002
798 7 9 19 0.042497000000000014
799 7 9 20 -0.09475000000000001
800 7 10 11 0.09678550000000001
801 7 10 12 -0.11372800000000002
802 7 10 13 -0.27754100000000004
803 7 10 14 0.08460900000000002
804 7 10 15 -0.324116
805 7 10 16 0.010268000000000001
806 7 10 17 0.10239050000000004
807 7 10 18 0.23102900000000007
808 7 10 19 0.0152695
809 7 10 20 -0.031426000000000016
810 7 11 12 -0.007928500000000007
811 7 11 13 -0.24431650000000005
812 7 11 14 0.06855850000000001
813 7 11 15 -0.2995465000000001
814 7 11 16 -0.026303000000000003
815 7 11 17 -0.23954150000000005
816 7 11 18 0.012805500000000004
817 7 11 19 -0.043395500000000004
818 7 11 20 -0.044316500000000016
819 7 12 13 -0.16611800000000002
820 7 12 14 0.18731600000000004
821 7 12 15 -0.12166650000000001
822 7 12 16 -0.05759900000000001
823 7 12 17 0.190857
824 7 12 18 -0.019853000000000013
825 7 12 19 0.030202
826 7 12 20 0.076289
827 7 13 14 0.5097200000000002
828 7 13 15 0.017119
829 7 13 16 0.031848999999999995
830 7 13 17 -0.031630000000000005
831 7 13 18 0.3826600000000001
832 7 13 19 0.28858700000000004
833 7 13 20 0.149625
834 7 14 15 -0.16216500000000003
835 7 14 16 -0.093361
836 7 14 17 -0.0963615
837 7 14 18 -0.2733050000000001
838 7 14 19 -0.25408800000000004
839 7 14 20 -0.071593
840 7 15 16 0.12255200000000001
841 7 15 17 0.18137100000000003
842 7 15 18 0.40288000000000007
843 7 15 19 0.15077350000000003
844 7 15 20 0.2681550000000001
845 7 16 17 -0.072449
846 7 16 18 -0.10780900000000003
847 7 16 19 -0.13052200000000003
848 7 16 20 0.14443
849 7 17 18 0.06718500000000002
850 7 17 19 -0.10152250000000002
851 7 17 20 -0.012871500000000003
852 7 18 19 0.05618700000000002
853 7 18 20 0.10660500000000003
854 7 19 20 0.18877800000000006
855 8 9 10 -0.03924650000000001
856 8 9 11 -0.11598500000000003
857 8 9 12 -0.18497500000000006
858 8 9 13 -0.18009000000000006
859 8 9 14 -0.21589500000000003
860 8 9 15 -0.13157380000000002
861 8 9 16 -0.01729
862 8 9 17 -0.22269600000000006
863 8 9 18 -0.20449500000000007
864 8 9 19 0.0843335
865 8 9 20 0.03118500000000001
866 8 10 11 -0.09542700000000001
867 8 10 12 -0.19681700000000005
868 8 10 13 -0.3815320000000001
869 8 10 14 -0.3673920000000001
870 8 10 15 -0.2245408
871 8 10 16 -0.042817000000000015
872 8 10 17 -0.14693550000000002
873 8 10 18 0.03381300000000001
874 8 10 19 -0.036425000000000006
875 8 10 20 0.0009780000000000125
876 8 11 12 0.10119500000000001
877 8 11 13 -0.15609500000000004
878 8 11 14 -0.19123000000000004
879 8 11 15 -0.007758800000000001
880 8 11 16 0.11282450000000001
881 8 11 17 -0.29665500000000006
882 8 11 18 0.007801999999999997
883 8 11 19 0.09712250000000001
884 8 11 20 0.18030000000000004
885 8 12 13 -0.18702000000000005
886 8 12 14 -0.18159600000000006
887 8 12 15 0.060997700000000016
888 8 12 16 -0.02759500000000001
889 8 12 17 0.02462
890 8 12 18 -0.13398000000000004
891 8 12 19 0.06159650000000001
892 8 12 20 0.19178200000000004
893 8 13 14 0.16171000000000005
894 8 13 15 0.22068520000000003
895 8 13 16 0.08275500000000004
896 8 13 17 -0.17696500000000004
897 8 13 18 0.28943500000000005
898 8 13 19 0.34088350000000006
899 8 13 20 0.28602000000000005
900 8 14 15 0.38941120000000007
901 8 14 16 0.3055550000000001
902 8 14 17 0.1063135
903 8 14 18 -0.01852000000000001
904 8 14 19 0.14621850000000006
905 8 14 20 0.4128120000000001
906 8 15 16 -0.030108200000000005
907 8 15 17 -0.16753020000000005
908 8 15 18 0.10608880000000001
909 8 15 19 -0.0004961999999999967
910 8 15 20 0.20098380000000007
911 8 16 17 -0.26869000000000004
912 8 16 18 -0.25194000000000005
913 8 16 19 -0.1291315
914 8 16 20 0.229919
915 8 17 18 0.11929500000000004
916 8 17 19 0.09610900000000003
917 8 17 20 0.2688585000000001
918 8 18 19 0.2017085
919 8 18 20 0.33622500000000005
920 8 19 20 0.2728765000000001
921 9 10 11 -0.01868850000000001
922 9 10 12 -0.051088500000000016
923 9 10 13 -0.24068850000000006
924 9 10 14 -0.19074350000000004
925 9 10 15 -0.13221350000000004
926 9 10 16 -0.06477350000000003
927 9 10 17 0.036514000000000005
928 9 10 18 0.19906150000000003
929 9 10 19 -0.16000500000000004
930 9 10 20 -0.06945350000000003
931 9 11 12 0.17018500000000003
932 9 11 13 -0.09199
933 9 11 14 -0.09132000000000001
934 9 11 15 0.007830000000000005
935 9 11 16 0.014129500000000008
936 9 11 17 -0.189944
937 9 11 18 0.09631200000000001
938 9 11 19 -0.103196
939 9 11 20 0.03313000000000001
940 9 12 13 -0.19190500000000005
941 9 12 14 -0.15067600000000006
942 9 12 15 0.0075965000000000026
943 9 12 16 -0.19528000000000006
944 9 12 17 0.062341000000000014
945 9 12 18 -0.11446000000000002
946 9 12 19 -0.20771200000000006
947 9 12 20 -0.024378000000000007
948 9 13 14 0.19751500000000008
949 9 13 15 0.17216900000000004
950 9 13 16 -0.08004500000000002
951 9 13 17 -0.13435900000000003
952 9 13 18 0.31384000000000006
953 9 13 19 0.07646000000000001
954 9 13 20 0.07474500000000003
955 9 14 15 0.3050900000000001
956 9 14 16 0.10695000000000005
957 9 14 17 0.11311450000000003
958 9 14 18 -0.02992000000000002
959 9 14 19 -0.15401
960 9 14 20 0.16573200000000002
961 9 15 16 -0.14439200000000005
962 9 15 17 -0.07640800000000003
963 9 15 18 0.17901000000000003
964 9 15 19 -0.2164035
965 9 15 20 0.038225
966 9 16 17 -0.06328399999999999
967 9 16 18 -0.06473500000000004
968 9 16 19 -0.23075500000000004
969 9 16 20 0.18144400000000005
970 9 17 18 0.10109400000000004
971 9 17 19 -0.2109205
972 9 17 20 0.014977500000000005
973 9 18 19 -0.08712000000000003
974 9 18 20 0.10054500000000005
975 9 19 20 0.32602500000000006
976 10 11 12 0.20258500000000004
977 10 11 13 0.13001000000000004
978 10 11 14 0.08073500000000002
979 10 11 15 0.12135500000000003
980 10 11 16 0.06021450000000002
981 10 11 17 -0.24514650000000004
982 10 11 18 -0.121438
983 10 11 19 0.038120500000000015
984 10 11 20 0.08389500000000001
985 10 12 13 -0.0023050000000000128
986 10 12 14 -0.011021000000000006
987 10 12 15 0.08872150000000001
988 10 12 16 -0.18159500000000003
989 10 12 17 -0.025261500000000006
990 10 12 18 -0.3646100000000001
991 10 12 19 -0.09879550000000002
992 10 12 20 -0.0060129999999999975
993 10 13 14 0.14757000000000006
994 10 13 15 0.06369400000000001
995 10 13 16 -0.25596
996 10 13 17 -0.4115615000000001
997 10 13 18 -0.12591000000000002
998 10 13 19 -0.004223500000000003
999 10 13 20 -0.09648999999999999
1000 10 14 15 0.24656000000000008
1001 10 14 16 -0.019019999999999995
1002 10 14 17 -0.11414300000000002
1003 10 14 18 -0.41972500000000007
1004 10 14 19 -0.18474850000000004
1005 10 14 20 0.044442000000000016
1006 10 15 16 -0.21183200000000002
1007 10 15 17 -0.24513550000000003
1008 10 15 18 -0.15226500000000004
1009 10 15 19 -0.18861200000000006
1010 10 15 20 -0.024535
1011 10 16 17 -0.16457150000000004
1012 10 16 18 -0.3285700000000001
1013 10 16 19 -0.13552350000000002
1014 10 16 20 0.18612400000000007
1015 10 17 18 -0.0614535
1016 10 17 19 -0.014401500000000003
1017 10 17 20 0.12094500000000005
1018 10 18 19 0.27194650000000004
1019 10 18 20 0.3690600000000001
1020 10 19 20 0.23547350000000003
1021 11 12 13 0.07027000000000001
1022 11 12 14 0.11082900000000002
1023 11 12 15 0.16995150000000003
1024 11 12 16 -0.039224500000000016
1025 11 12 17 0.4224700000000002
1026 11 12 18 -0.040587000000000026
1027 11 12 19 0.065669
1028 11 12 20 0.11267700000000001
1029 11 13 14 0.19684500000000008
1030 11 13 15 0.07234900000000002
1031 11 13 16 -0.18616450000000004
1032 11 13 17 -0.03640500000000003
1033 11 13 18 0.12553800000000004
1034 11 13 19 0.08766600000000001
1035 11 13 20 -0.050374999999999996
1036 11 14 15 0.20594000000000007
1037 11 14 16 0.001500499999999994
1038 11 14 17 0.21173850000000002
1039 11 14 18 -0.21755200000000005
1040 11 14 19 -0.14213400000000004
1041 11 14 20 0.041282
1042 11 15 16 -0.15069150000000003
1043 11 15 17 0.12136600000000002
1044 11 15 18 0.090528
1045 11 15 19 -0.10537750000000003
1046 11 15 20 0.012925
1047 11 16 17 0.1407895
1048 11 16 18 -0.14691750000000006
1049 11 16 19 -0.11342950000000002
1050 11 16 20 0.16244350000000005
1051 11 17 18 -0.18516200000000005
1052 11 17 19 -0.2976685
1053 11 17 20 -0.20809650000000005
1054 11 18 19 0.11238800000000002
1055 11 18 20 0.16372700000000004
1056 11 19 20 0.18969900000000003
1057 12 13 14 0.15628600000000004
1058 12 13 15 -0.02733250000000001
1059 12 13 16 -0.07667000000000003
1060 12 13 17 -0.38860500000000003
1061 12 13 18 0.23639500000000005
1062 12 13 19 0.092267
1063 12 13 20 -0.09278200000000002
1064 12 14 15 0.14681750000000002
1065 12 14 16 0.15155400000000005
1066 12 14 17 -0.09990250000000002
1067 12 14 18 -0.06613600000000001
1068 12 14 19 -0.09697400000000002
1069 12 14 20 0.039434000000000004
1070 12 15 16 0.058484500000000016
1071 12 15 17 -0.13115250000000003
1072 12 15 18 0.30106650000000007
1073 12 15 19 -0.0010949999999999962
1074 12 15 20 0.0701995
1075 12 16 17 -0.32090500000000005
1076 12 16 18 -0.14555500000000005
1077 12 16 19 -0.21832300000000004
1078 12 16 20 0.010542
1079 12 17 18 0.27789500000000006
1080 12 17 19 0.05913250000000002
1081 12 17 20 0.10169650000000004
1082 12 18 19 0.006131999999999983
1083 12 18 20 0.010463000000000002
1084 12 19 20 0.142691
1085 13 14 15 0.33043600000000006
1086 13 14 16 0.3845100000000001
1087 13 14 17 0.4449885000000001
1088 13 14 18 -0.14624500000000004
1089 13 14 19 -0.032954999999999984
1090 13 14 20 0.28850200000000004
1091 13 15 16 0.10782200000000002
1092 13 15 17 0.23012000000000007
1093 13 15 18 0.037339
1094 13 15 19 -0.12069450000000002
1095 13 15 20 0.13564900000000002
1096 13 16 17 -0.008969999999999992
1097 13 16 18 -0.4586200000000001
1098 13 16 19 -0.38726000000000005
1099 13 16 20 0.026654
1100 13 17 18 -0.34710500000000005
1101 13 17 19 -0.42173950000000004
1102 13 17 20 -0.19412650000000004
1103 13 18 19 0.15026000000000006
1104 13 18 20 0.3396400000000001
1105 13 19 20 0.3277400000000001
1106 14 15 16 0.05374800000000001
1107 14 15 17 0.11556750000000005
1108 14 15 18 0.5140200000000001
1109 14 15 19 0.24269650000000006
1110 14 15 20 0.17758300000000002
1111 14 16 17 -0.0694485
1112 14 16 18 0.07213500000000003
1113 14 16 19 0.030204999999999996
1114 14 16 20 0.12266200000000003
1115 14 17 18 0.24412850000000008
1116 14 17 19 0.05620400000000001
1117 14 17 20 -0.03764
1118 14 18 19 0.036969999999999996
1119 14 18 20 -0.09510700000000002
1120 14 19 20 0.0062830000000000065
1121 15 16 17 -0.131268
1122 15 16 18 -0.3881370000000001
1123 15 16 19 -0.15874350000000007
1124 15 16 20 -0.0011729999999999965
1125 15 17 18 -0.15432400000000002
1126 15 17 19 -0.07092500000000002
1127 15 17 20 -0.09965550000000002
1128 15 18 19 0.30829350000000005
1129 15 18 20 0.24133000000000004
1130 15 19 20 0.0713965
1131 16 17 18 0.10254500000000004
1132 16 17 19 -0.043449499999999995
1133 16 17 20 -0.22975050000000002
1134 16 18 19 0.07890000000000001
1135 16 18 20 -0.145634
1136 16 19 20 -0.08617400000000004
1137 17 18 19 0.22489450000000002
1138 17 18 20 0.18666150000000004
1139 17 19 20 0.10012700000000001
1140 18 19 20 0.13836
