t i j k u[t]=u_ijk
1 1 2 3 0.07532300000000001
2 1 2 4 -0.040454999999999984
3 1 2 5 -0.17207499999999995
4 1 2 6 0.076236
5 1 2 7 0.10734000000000003
6 1 2 8 -0.07087499999999998
7 1 2 9 0.06606000000000001
8 1 2 10 0.07475450000000002
9 1 2 11 -0.10451449999999997
10 1 2 12 0.0898285
11 1 2 13 0.0807535
12 1 2 14 -0.02892999999999999
13 1 2 15 0.013865000000000016
14 1 2 16 -0.298726
15 1 2 17 0.13170949999999998
16 1 2 18 0.111975
17 1 2 19 -0.11062999999999995
18 1 2 20 -0.09004499999999999
19 1 3 4 0.07359700000000001
20 1 3 5 -0.012753999999999998
21 1 3 6 0.010603
22 1 3 7 -0.049846999999999995
23 1 3 8 -0.031943
24 1 3 9 0.082122
25 1 3 10 0.155111
26 1 3 11 -0.051561499999999996
27 1 3 12 0.039002
28 1 3 13 0.040927000000000005
29 1 3 14 0.1021055
30 1 3 15 0.005334000000000002
31 1 3 16 -0.1908755
32 1 3 17 0.030921999999999984
33 1 3 18 0.061406999999999996
34 1 3 19 -0.15228799999999998
35 1 3 20 -0.310888
36 1 4 5 -0.271355
37 1 4 6 -0.014061000000000008
38 1 4 7 -0.133195
39 1 4 8 0.10816999999999997
40 1 4 9 0.027974999999999993
41 1 4 10 -0.02416499999999999
42 1 4 11 -0.14089
43 1 4 12 0.24652500000000002
44 1 4 13 0.125987
45 1 4 14 0.05892999999999999
46 1 4 15 -0.06762499999999999
47 1 4 16 -0.07564
48 1 4 17 0.00391999999999999
49 1 4 18 -0.075575
50 1 4 19 -0.24746549999999998
51 1 4 20 -0.38739999999999997
52 1 5 6 0.18392600000000003
53 1 5 7 -0.024613999999999997
54 1 5 8 0.029715000000000002
55 1 5 9 0.342875
56 1 5 10 0.19116
57 1 5 11 0.18314999999999998
58 1 5 12 0.2200265
59 1 5 13 0.32249
60 1 5 14 0.162707
61 1 5 15 0.09707999999999999
62 1 5 16 0.007869999999999999
63 1 5 17 0.34052
64 1 5 18 0.23443499999999998
65 1 5 19 -0.22349349999999998
66 1 5 20 -0.16783
67 1 6 7 -0.06939849999999999
68 1 6 8 0.021034000000000018
69 1 6 9 0.15214399999999997
70 1 6 10 -0.03661599999999999
71 1 6 11 0.06164900000000001
72 1 6 12 0.132833
73 1 6 13 0.09757300000000002
74 1 6 14 0.19256399999999999
75 1 6 15 0.07320900000000001
76 1 6 16 -0.1507395
77 1 6 17 0.138449
78 1 6 18 0.067664
79 1 6 19 -0.19884349999999998
80 1 6 20 -0.20862099999999997
81 1 7 8 0.07410500000000002
82 1 7 9 0.3150155
83 1 7 10 0.057805000000000016
84 1 7 11 0.033939
85 1 7 12 0.474095
86 1 7 13 0.1721605
87 1 7 14 0.18583849999999996
88 1 7 15 0.043776999999999996
89 1 7 16 -0.20863500000000001
90 1 7 17 0.23272449999999995
91 1 7 18 0.099275
92 1 7 19 -0.21707
93 1 7 20 -0.35713
94 1 8 9 0.19204
95 1 8 10 0.05096
96 1 8 11 0.082033
97 1 8 12 0.1291
98 1 8 13 0.023435000000000008
99 1 8 14 0.14492500000000003
100 1 8 15 0.031145
101 1 8 16 -0.09941649999999999
102 1 8 17 0.21664000000000003
103 1 8 18 0.033729999999999996
104 1 8 19 -0.09557799999999998
105 1 8 20 -0.16186
106 1 9 10 -0.11920599999999998
107 1 9 11 -0.228895
108 1 9 12 0.04910999999999999
109 1 9 13 -0.159789
110 1 9 14 -0.092334
111 1 9 15 -0.14398000000000002
112 1 9 16 -0.32602000000000003
113 1 9 17 -0.03259450000000001
114 1 9 18 0.12995499999999996
115 1 9 19 -0.44913999999999993
116 1 9 20 -0.32484
117 1 10 11 -0.15552311000000002
118 1 10 12 0.11815499999999998
119 1 10 13 0.12798
120 1 10 14 0.09482999999999998
121 1 10 15 -0.11593949999999999
122 1 10 16 -0.15662500000000001
123 1 10 17 0.08356514999999998
124 1 10 18 0.1555
125 1 10 19 -0.28026
126 1 10 20 -0.15287
127 1 11 12 0.096885
128 1 11 13 0.12495750000000001
129 1 11 14 0.168585
130 1 11 15 0.0657965
131 1 11 16 -0.21687499999999998
132 1 11 17 0.165615
133 1 11 18 -0.011380000000000012
134 1 11 19 -0.32427999999999996
135 1 11 20 -0.198455
136 1 12 13 -0.04836
137 1 12 14 -0.14695499999999997
138 1 12 15 -0.10431499999999998
139 1 12 16 -0.24363999999999997
140 1 12 17 -0.148085
141 1 12 18 0.17642499999999997
142 1 12 19 -0.36584150000000004
143 1 12 20 -0.3159915
144 1 13 14 -0.20351499999999995
145 1 13 15 -0.07085
146 1 13 16 -0.12609499999999996
147 1 13 17 0.04893599999999998
148 1 13 18 -0.149865
149 1 13 19 -0.5939899999999999
150 1 13 20 -0.39382
151 1 14 15 -0.092511
152 1 14 16 -0.254853
153 1 14 17 -0.012475000000000014
154 1 14 18 0.007942999999999995
155 1 14 19 -0.46944499999999995
156 1 14 20 -0.2680455
157 1 15 16 -0.11491
158 1 15 17 0.06256999999999999
159 1 15 18 0.06832999999999999
160 1 15 19 -0.508365
161 1 15 20 -0.31557
162 1 16 17 0.14956999999999998
163 1 16 18 0.38174
164 1 16 19 -0.12162499999999998
165 1 16 20 0.11276
166 1 17 18 -0.16824
167 1 17 19 -0.434573
168 1 17 20 -0.466925
169 1 18 19 -0.22948499999999997
170 1 18 20 -0.344275
171 1 19 20 0.05268799999999998
172 2 3 4 0.189375
173 2 3 5 0.234644
174 2 3 6 0.009689999999999995
175 2 3 7 -0.081864
176 2 3 8 0.11425499999999998
177 2 3 9 0.09138499999999998
178 2 3 10 0.1556795
179 2 3 11 0.12827599999999997
180 2 3 12 0.02449650000000001
181 2 3 13 0.03549649999999999
182 2 3 14 0.20635849999999997
183 2 3 15 0.06679199999999999
184 2 3 16 0.1831735
185 2 3 17 -0.025464499999999998
186 2 3 18 0.024754999999999996
187 2 3 19 0.03366499999999999
188 2 3 20 -0.14552
189 2 4 5 -0.139735
190 2 4 6 -0.130752
191 2 4 7 -0.28099
192 2 4 8 0.13859
193 2 4 9 -0.07854
194 2 4 10 -0.13937449999999998
195 2 4 11 -0.07683050000000001
196 2 4 12 0.1162415
197 2 4 13 0.004778500000000002
198 2 4 14 0.04740499999999998
199 2 4 15 -0.12194500000000003
200 2 4 16 0.182631
201 2 4 17 -0.1682445
202 2 4 18 -0.228005
203 2 4 19 -0.17729050000000002
204 2 4 20 -0.33781
205 2 5 6 -0.06438499999999998
206 2 5 7 -0.304029
207 2 5 8 -0.07148500000000002
208 2 5 9 0.10474
209 2 5 10 -0.05566950000000001
210 2 5 11 0.11558949999999998
211 2 5 12 -0.04187700000000001
212 2 5 13 0.06966149999999999
213 2 5 14 0.019561999999999993
214 2 5 15 -0.08886000000000002
215 2 5 16 0.134521
216 2 5 17 0.03673549999999998
217 2 5 18 -0.04961499999999999
218 2 5 19 -0.2849385
219 2 5 20 -0.24985999999999994
220 2 6 7 -0.10050250000000004
221 2 6 8 0.168145
222 2 6 9 0.16232
223 2 6 10 -0.0351345
224 2 6 11 0.2423995
225 2 6 12 0.1192405
226 2 6 13 0.0930555
227 2 6 14 0.29773
228 2 6 15 0.13557999999999998
229 2 6 16 0.2242225
230 2 6 17 0.0829755
231 2 6 18 0.031924999999999995
232 2 6 19 -0.011977500000000014
233 2 6 20 -0.04233999999999999
234 2 7 8 0.25232
235 2 7 9 0.35629550000000004
236 2 7 10 0.09039049999999998
237 2 7 11 0.2457935
238 2 7 12 0.49160649999999995
239 2 7 13 0.19874699999999998
240 2 7 14 0.3221085
241 2 7 15 0.137252
242 2 7 16 0.197431
243 2 7 17 0.20835499999999998
244 2 7 18 0.09464
245 2 7 19 0.0009000000000000007
246 2 7 20 -0.15974499999999997
247 2 8 9 0.05510499999999998
248 2 8 10 -0.09466949999999998
249 2 8 11 0.1156725
250 2 8 12 -0.031603499999999986
251 2 8 13 -0.1281935
252 2 8 14 0.10298
253 2 8 15 -0.05359499999999999
254 2 8 16 0.1284345
255 2 8 17 0.014055500000000021
256 2 8 18 -0.14911999999999997
257 2 8 19 -0.055823000000000005
258 2 8 20 -0.14268999999999998
259 2 9 10 -0.1279005
260 2 9 11 -0.0583205
261 2 9 12 0.025341499999999996
262 2 9 13 -0.17448249999999998
263 2 9 14 0.0026559999999999917
264 2 9 15 -0.091785
265 2 9 16 0.03876599999999999
266 2 9 17 -0.098244
267 2 9 18 0.08403999999999998
268 2 9 19 -0.27244999999999997
269 2 9 20 -0.168735
270 2 10 11 0.02374589
271 2 10 12 0.103081
272 2 10 13 0.121981
273 2 10 14 0.19851449999999998
274 2 10 15 -0.05505
275 2 10 16 0.21685549999999998
276 2 10 17 0.026610150000000006
277 2 10 18 0.11827950000000001
278 2 10 19 -0.09487550000000002
279 2 10 20 0.011929500000000003
280 2 11 12 -0.09745799999999999
281 2 11 13 -0.0603105
282 2 11 14 0.0930005
283 2 11 15 -0.052583
284 2 11 16 -0.02266349999999999
285 2 11 17 -0.07060899999999999
286 2 11 18 -0.2278695
287 2 11 19 -0.3181645
288 2 11 20 -0.2129245
289 2 12 13 -0.039285
290 2 12 14 -0.028196499999999992
291 2 12 15 -0.028351499999999998
292 2 12 16 0.1449145
293 2 12 17 -0.18996599999999997
294 2 12 18 0.15427849999999999
295 2 12 19 -0.165383
296 2 12 20 -0.136118
297 2 13 14 -0.09383150000000001
298 2 13 15 -0.003961500000000007
299 2 13 16 0.2533845
300 2 13 17 -0.002019999999999998
301 2 13 18 -0.1810865
302 2 13 19 -0.4026065
303 2 13 20 -0.22302149999999998
304 2 14 15 -0.135306
305 2 14 16 0.014943000000000007
306 2 14 17 -0.17311449999999998
307 2 14 18 -0.132962
308 2 14 19 -0.387745
309 2 14 20 -0.2069305
310 2 15 16 0.197681
311 2 15 17 -0.055274499999999976
312 2 15 18 -0.029779999999999994
313 2 15 19 -0.38387
314 2 15 20 -0.21166000000000001
315 2 16 17 -0.2808655
316 2 16 18 -0.02896099999999999
317 2 16 19 -0.309721
318 2 16 20 -0.09592099999999998
319 2 17 18 -0.1485055
320 2 17 19 -0.1922335
321 2 17 20 -0.24517049999999999
322 2 18 19 -0.006879999999999997
323 2 18 20 -0.14225499999999996
324 2 19 20 0.032103000000000013
325 3 4 5 -0.185004
326 3 4 6 0.048933
327 3 4 7 -0.009750999999999998
328 3 4 8 0.21370999999999996
329 3 4 9 0.019450000000000012
330 3 4 10 -0.105679
331 3 4 11 -0.0157315
332 3 4 12 0.28112
333 3 4 13 0.158657
334 3 4 14 0.030421500000000004
335 3 4 15 0.0006380000000000052
336 3 4 16 0.18883250000000001
337 3 4 17 0.046595000000000004
338 3 4 18 -0.063385
339 3 4 19 -0.021580500000000002
340 3 4 20 -0.0029149999999999563
341 3 5 6 0.16056900000000002
342 3 5 7 0.012478999999999997
343 3 5 8 0.048903999999999996
344 3 5 9 0.24799899999999997
345 3 5 10 0.023294999999999993
346 3 5 11 0.22195749999999997
347 3 5 12 0.1682705
348 3 5 13 0.268809
349 3 5 14 0.0478475
350 3 5 15 0.07899199999999999
351 3 5 16 0.1859915
352 3 5 17 0.296844
353 3 5 18 0.16027399999999997
354 3 5 19 -0.0839595
355 3 5 20 0.13030400000000003
356 3 6 7 -0.008948500000000003
357 3 6 8 0.06358000000000001
358 3 6 9 0.08062499999999999
359 3 6 10 -0.181124
360 3 6 11 0.12381349999999999
361 3 6 12 0.10443399999999999
362 3 6 13 0.067249
363 3 6 14 0.1010615
364 3 6 15 0.07847799999999999
365 3 6 16 0.050739
366 3 6 17 0.11813
367 3 6 18 0.016859999999999997
368 3 6 19 -0.0359525
369 3 6 20 0.11287
370 3 7 8 0.05620100000000001
371 3 7 9 0.18304649999999997
372 3 7 10 -0.147153
373 3 7 11 0.0356535
374 3 7 12 0.38524600000000003
375 3 7 13 0.08138649999999999
376 3 7 14 0.033886
377 3 7 15 -0.011404000000000004
378 3 7 16 -0.06760650000000001
379 3 7 17 0.1519555
380 3 7 18 -0.011979000000000005
381 3 7 19 -0.11462900000000001
382 3 7 20 -0.09608900000000001
383 3 8 9 0.07797499999999997
384 3 8 10 -0.136094
385 3 8 11 0.1016515
386 3 8 12 0.058155
387 3 8 13 -0.049434999999999986
388 3 8 14 0.0108765
389 3 8 15 -0.006132000000000004
390 3 8 16 0.059515999999999986
391 3 8 17 0.15377500000000002
392 3 8 18 -0.05962
393 3 8 19 0.024766999999999994
394 3 8 20 0.11708499999999998
395 3 9 10 -0.19219499999999998
396 3 9 11 -0.09521150000000002
397 3 9 12 0.09222999999999998
398 3 9 13 -0.11859399999999999
399 3 9 14 -0.11231749999999999
400 3 9 15 -0.06719199999999999
401 3 9 16 -0.0530225
402 3 9 17 0.018605500000000007
403 3 9 18 0.15067
404 3 9 19 -0.21473000000000003
405 3 9 20 0.06817000000000001
406 3 10 11 0.05114939
407 3 10 12 0.234264
408 3 10 13 0.24216400000000002
409 3 10 14 0.1478355
410 3 10 15 0.0338375
411 3 10 16 0.18936150000000002
412 3 10 17 0.20775415
413 3 10 18 0.249204
414 3 10 19 0.027138999999999996
415 3 10 20 0.313129
416 3 11 12 0.006321499999999979
417 3 11 13 0.03246899999999999
418 3 11 14 0.014918
419 3 11 15 0.008901000000000001
420 3 11 16 -0.077561
421 3 11 17 0.0831315
422 3 11 18 -0.12434850000000001
423 3 11 19 -0.22355350000000002
424 3 11 20 0.06087150000000001
425 3 12 13 -0.050284999999999996
426 3 12 14 -0.21005849999999995
427 3 12 15 -0.07064699999999997
428 3 12 16 -0.013762499999999988
429 3 12 17 -0.140005
430 3 12 18 0.15402000000000002
431 3 12 19 -0.1745515
432 3 12 20 0.03389850000000001
433 3 13 14 -0.26469349999999997
434 3 13 15 -0.035257
435 3 13 16 0.1057075
436 3 13 17 0.05894100000000001
437 3 13 18 -0.17034499999999997
438 3 13 19 -0.40077499999999994
439 3 13 20 -0.04200499999999998
440 3 14 15 0.0042605
441 3 14 16 0.038127999999999995
442 3 14 17 0.058708500000000004
443 3 14 18 0.0486415
444 3 14 19 -0.2150515
445 3 14 20 0.144948
446 3 15 16 0.08129949999999998
447 3 15 17 0.036982
448 3 15 18 0.012256999999999995
449 3 15 19 -0.350743
450 3 15 20 0.0006520000000000082
451 3 16 17 -0.0722275
452 3 16 18 0.1294575
453 3 16 19 -0.16021249999999998
454 3 16 20 0.2327725
455 3 17 18 -0.19872499999999998
456 3 17 19 -0.251363
457 3 17 20 -0.12511499999999998
458 3 18 19 -0.01578999999999999
459 3 18 20 0.02802000000000001
460 3 19 20 0.21128800000000006
461 4 5 6 -0.07336799999999999
462 4 5 7 -0.162774
463 4 5 8 -0.34981
464 4 5 9 0.043544999999999986
465 4 5 10 -0.056030000000000024
466 4 5 11 0.05268499999999998
467 4 5 12 -0.2978535
468 4 5 13 -0.07485200000000003
469 4 5 14 -0.167578
470 4 5 15 -0.10665
471 4 5 16 -0.187845
472 4 5 17 0.06524499999999997
473 4 5 18 0.03865499999999998
474 4 5 19 -0.247383
475 4 5 20 -0.051785000000000025
476 4 6 7 0.049735499999999995
477 4 6 8 -0.10119700000000001
478 4 6 9 0.110108
479 4 6 10 -0.026512
480 4 6 11 0.188478
481 4 6 12 -0.127753
482 4 6 13 -0.042475
483 4 6 14 0.119573
484 4 6 15 0.126773
485 4 6 16 -0.08916049999999999
486 4 6 17 0.12046799999999999
487 4 6 18 0.12917800000000002
488 4 6 19 0.034560999999999995
489 4 6 20 0.16471799999999995
490 4 7 8 -0.16725999999999996
491 4 7 9 0.1538455
492 4 7 10 -0.051225
493 4 7 11 0.041634000000000004
494 4 7 12 0.09437500000000001
495 4 7 13 -0.08702149999999999
496 4 7 14 -0.006286499999999995
497 4 7 15 -0.021792999999999996
498 4 7 16 -0.26619000000000004
499 4 7 17 0.0956095
500 4 7 18 0.041655
501 4 7 19 -0.1027995
502 4 7 20 -0.10292500000000002
503 4 8 9 0.27223499999999995
504 4 8 10 0.183295
505 4 8 11 0.33109299999999997
506 4 8 12 -0.009255000000000013
507 4 8 13 0.00561799999999999
508 4 8 14 0.19416500000000003
509 4 8 15 0.20694
510 4 8 16 0.08439349999999998
511 4 8 17 0.32088999999999995
512 4 8 18 0.217475
513 4 8 19 0.2600575
514 4 8 20 0.33370999999999995
515 4 9 10 -0.067066
516 4 9 11 -0.06003
517 4 9 12 -0.16944000000000004
518 4 9 13 -0.257801
519 4 9 14 -0.12328900000000001
520 4 9 15 -0.04838
521 4 9 16 -0.22240500000000002
522 4 9 17 -0.00853950000000001
523 4 9 18 0.23350499999999996
524 4 9 19 -0.1736995
525 4 9 20 0.09053499999999998
526 4 10 11 -0.03879811
527 4 10 12 -0.152535
528 4 10 13 -0.02217199999999999
529 4 10 14 0.011735000000000006
530 4 10 15 -0.07247949999999999
531 4 10 16 -0.10514999999999998
532 4 10 17 0.05548014999999999
533 4 10 18 0.20691
534 4 10 19 -0.056959499999999996
535 4 10 20 0.21036500000000002
536 4 11 12 -0.29053
537 4 11 13 -0.1419195
538 4 11 14 -0.031235000000000002
539 4 11 15 -0.007468499999999997
540 4 11 16 -0.282125
541 4 11 17 0.020804999999999994
542 4 11 18 -0.076695
543 4 11 19 -0.21770449999999997
544 4 11 20 0.04805499999999998
545 4 12 13 0.07217799999999999
546 4 12 14 0.04064000000000001
547 4 12 15 0.209835
548 4 12 16 0.078525
549 4 12 17 0.09451999999999998
550 4 12 18 0.498525
551 4 12 19 0.128149
552 4 12 20 0.3179335
553 4 13 14 -0.136458
554 4 13 15 0.12276199999999998
555 4 13 16 0.075532
556 4 13 17 0.17100300000000002
557 4 13 18 0.051697000000000014
558 4 13 19 -0.22053750000000003
559 4 13 20 0.11956699999999999
560 4 14 15 0.034044
561 4 14 16 -0.12028300000000001
562 4 14 17 0.04253499999999999
563 4 14 18 0.142448
564 4 14 19 -0.1630495
565 4 14 20 0.17828449999999998
566 4 15 16 -0.106895
567 4 15 17 -0.008974999999999999
568 4 15 18 0.07628
569 4 15 19 -0.32852449999999994
570 4 15 20 0.004204999999999992
571 4 16 17 0.07000999999999999
572 4 16 18 0.381675
573 4 16 19 0.0502005
574 4 16 20 0.42451999999999995
575 4 17 18 -0.08874499999999998
576 4 17 19 -0.1831875
577 4 17 20 -0.075605
578 4 18 19 -0.05759449999999999
579 4 18 20 -0.032450000000000014
580 4 19 20 0.1926225
581 5 6 7 0.13914149999999997
582 5 6 8 0.175245
583 5 6 9 -0.006804999999999994
584 5 6 10 -0.04384999999999999
585 5 6 11 0.062425000000000015
586 5 6 12 0.09673250000000001
587 5 6 13 -0.040990999999999986
588 5 6 14 0.21378300000000003
589 5 6 15 0.160055
590 5 6 16 0.02531650000000001
591 5 6 17 -0.01814499999999999
592 5 6 18 0.017155000000000007
593 5 6 19 0.208576
594 5 6 20 0.143135
595 5 7 8 0.019776000000000005
596 5 7 9 -0.05247349999999999
597 5 7 10 -0.15796899999999997
598 5 7 11 -0.173825
599 5 7 12 0.22945450000000003
600 5 7 13 -0.1749435
601 5 7 14 -0.001482500000000001
602 5 7 15 -0.077917
603 5 7 16 -0.24111900000000006
604 5 7 17 -0.13240949999999999
605 5 7 18 -0.159774
606 5 7 19 -0.018190500000000005
607 5 7 20 -0.21391400000000005
608 5 8 9 -0.12112
609 5 8 10 -0.11048499999999999
610 5 8 11 -0.071402
611 5 8 12 -0.061211499999999995
612 5 8 13 -0.26933999999999997
613 5 8 14 0.011933000000000004
614 5 8 15 -0.036219999999999995
615 5 8 16 -0.07757149999999999
616 5 8 17 -0.09416499999999998
617 5 8 18 -0.17098999999999998
618 5 8 19 0.1576305
619 5 8 20 0.03568499999999999
620 5 9 10 0.032509
621 5 9 11 -0.06917
622 5 9 12 0.1719585
623 5 9 13 -0.13940399999999997
624 5 9 14 0.087834
625 5 9 15 0.10181499999999999
626 5 9 16 0.008984999999999998
627 5 9 17 -0.030239499999999996
628 5 9 18 0.238395
629 5 9 19 0.1172285
630 5 9 20 0.18586499999999997
631 5 10 11 -0.14751311
632 5 10 12 0.08928849999999998
633 5 10 13 -0.0033499999999999862
634 5 10 14 0.12328299999999998
635 5 10 15 -0.021859500000000007
636 5 10 16 0.026665
637 5 10 17 -0.06579485
638 5 10 18 0.11222500000000002
639 5 10 19 0.1343935
640 5 10 20 0.20611999999999997
641 5 11 12 0.0600085
642 5 11 13 -0.014382499999999998
643 5 11 14 0.18902799999999997
644 5 11 15 0.15186650000000002
645 5 11 16 -0.04159500000000001
646 5 11 17 0.008245000000000002
647 5 11 18 -0.06266499999999998
648 5 11 19 0.08236349999999998
649 5 11 20 0.15252499999999997
650 5 12 13 -0.1508235
651 5 12 14 -0.08963549999999999
652 5 12 15 0.0186315
653 5 12 16 -0.0314835
654 5 12 17 -0.2685785
655 5 12 18 0.1620165
656 5 12 19 0.0776785
657 5 12 20 0.071865
658 5 13 14 -0.043732000000000014
659 5 13 15 0.15455999999999998
660 5 13 16 0.18852499999999997
661 5 13 17 0.030905999999999993
662 5 13 18 -0.06181000000000001
663 5 13 19 -0.048006500000000014
664 5 13 20 0.09650000000000002
665 5 14 15 -0.026884000000000005
666 5 14 16 -0.100016
667 5 14 17 -0.19028799999999998
668 5 14 18 -0.06378500000000001
669 5 14 19 -0.0832445
670 5 14 20 0.06249149999999999
671 5 15 16 -0.0257
672 5 15 17 -0.18086999999999998
673 5 15 18 -0.06902499999999999
674 5 15 19 -0.1877915
675 5 15 20 -0.05066
676 5 16 17 -0.18308
677 5 16 18 0.15517500000000004
678 5 16 19 0.1097385
679 5 16 20 0.28846
680 5 17 18 -0.062154999999999995
681 5 17 19 0.12944050000000001
682 5 17 20 0.041424999999999976
683 5 18 19 0.22844350000000002
684 5 18 20 0.05798999999999999
685 5 19 20 -0.0029755000000000033
686 6 7 8 -0.016327499999999984
687 6 7 9 0.09347300000000001
688 6 7 10 0.025022499999999993
689 6 7 11 -0.09710850000000001
690 6 7 12 0.2718635
691 6 7 13 0.005188999999999999
692 6 7 14 -0.076124
693 6 7 15 -0.09883049999999999
694 6 7 16 -0.12729400000000002
695 6 7 17 0.024876999999999996
696 6 7 18 -0.037787499999999995
697 6 7 19 -0.08762500000000001
698 6 7 20 -0.21790750000000003
699 6 8 9 0.06093
700 6 8 10 0.10860999999999997
701 6 8 11 0.041417999999999996
702 6 8 12 0.01730100000000001
703 6 8 13 -0.05310399999999999
704 6 8 14 -0.026605000000000004
705 6 8 15 -0.021029999999999993
706 6 8 16 0.072357
707 6 8 17 0.099225
708 6 8 18 -0.0129
709 6 8 19 0.12429950000000001
710 6 8 20 0.067795
711 6 9 10 0.069554
712 6 9 11 -0.13840000000000002
713 6 9 12 0.06842099999999998
714 6 9 13 -0.10521800000000002
715 6 9 14 -0.13275399999999998
716 6 9 15 -0.06504499999999999
717 6 9 16 -0.023136500000000004
718 6 9 17 -0.018899500000000003
719 6 9 18 0.21443499999999996
720 6 9 19 -0.0981525
721 6 9 20 0.035924999999999985
722 6 10 11 -0.25378811
723 6 10 12 -0.051294
724 6 10 13 -0.0062089999999999975
725 6 10 14 -0.13435000000000002
726 6 10 15 -0.22576449999999998
727 6 10 16 -0.04250149999999999
728 6 10 17 -0.09149985
729 6 10 18 0.05122000000000001
730 6 10 19 -0.11803249999999998
731 6 10 20 0.019135000000000003
732 6 11 12 0.02570100000000002
733 6 11 13 0.0890335
734 6 11 14 0.03767
735 6 11 15 0.05423650000000001
736 6 11 16 -0.004486499999999993
737 6 11 17 0.088815
738 6 11 18 -0.017394999999999983
739 6 11 19 -0.06378749999999997
740 6 11 20 0.071815
741 6 12 13 -0.0131
742 6 12 14 -0.206686
743 6 12 15 -0.044690999999999995
744 6 12 16 0.0399325
745 6 12 17 -0.153701
746 6 12 18 0.241594
747 6 12 19 -0.034165
748 6 12 20 0.0254625
749 6 13 14 -0.298506
750 6 13 15 -0.04648599999999999
751 6 13 16 0.1222175
752 6 13 17 0.008060000000000001
753 6 13 18 -0.119956
754 6 13 19 -0.2975735
755 6 13 20 -0.08762599999999998
756 6 14 15 0.026844000000000007
757 6 14 16 0.08845050000000002
758 6 14 17 0.04163999999999999
759 6 14 18 0.132843
760 6 14 19 -0.0780375
761 6 14 20 0.13313949999999997
762 6 15 16 0.1090385
763 6 15 17 -0.002669999999999995
764 6 15 18 0.073875
765 6 15 19 -0.23631249999999998
766 6 15 20 -0.03373999999999999
767 6 16 17 -0.1396185
768 6 16 18 0.1633365
769 6 16 19 -0.07352099999999999
770 6 16 20 0.1706415
771 6 17 18 -0.09745499999999999
772 6 17 19 -0.09728049999999999
773 6 17 20 -0.119855
774 6 18 19 0.0370225
775 6 18 20 -0.06799
776 6 19 20 0.06246549999999999
777 7 8 9 -0.04887049999999999
778 7 8 10 0.06725999999999999
779 7 8 11 0.122199
780 7 8 12 -0.27089
781 7 8 13 -0.07462049999999998
782 7 8 14 0.03319150000000002
783 7 8 15 0.061473
784 7 8 16 0.18332350000000003
785 7 8 17 0.05802050000000001
786 7 8 18 0.00855999999999999
787 7 8 19 0.195597
788 7 8 20 0.269375
789 7 9 10 0.13800449999999997
790 7 9 11 0.05218149999999999
791 7 9 12 -0.10996950000000003
792 7 9 13 -0.016933999999999998
793 7 9 14 0.036842999999999994
794 7 9 15 0.12725850000000002
795 7 9 16 0.19763050000000001
796 7 9 17 0.0496965
797 7 9 18 0.3456955
798 7 9 19 0.0829455
799 7 9 20 0.34730550000000004
800 7 10 11 -0.13165711
801 7 10 12 -0.298135
802 7 10 13 0.013624500000000017
803 7 10 14 -0.03320349999999998
804 7 10 15 -0.1019115
805 7 10 16 0.10981500000000002
806 7 10 17 -0.09135435
807 7 10 18 0.11403
808 7 10 19 -0.005384999999999995
809 7 10 20 0.262065
810 7 11 12 -0.343271
811 7 11 13 -0.013264000000000003
812 7 11 14 0.0166855
813 7 11 15 0.0559585
814 7 11 16 0.025699000000000007
815 7 11 17 -0.0331705
816 7 11 18 -0.076716
817 7 11 19 -0.07327099999999999
818 7 11 20 0.192614
819 7 12 13 0.2535745
820 7 12 14 0.14130150000000005
821 7 12 15 0.32600300000000004
822 7 12 16 0.43909000000000004
823 7 12 17 0.09328550000000004
824 7 12 18 0.551245
825 7 12 19 0.32532350000000004
826 7 12 20 0.5152335000000001
827 7 13 14 -0.217193
828 7 13 15 0.057533499999999994
829 7 13 16 0.2547005
830 7 13 17 -0.011628
831 7 13 18 -0.07697949999999999
832 7 13 19 -0.20475950000000004
833 7 13 20 0.13547050000000002
834 7 14 15 0.0495505
835 7 14 16 0.13962049999999998
836 7 14 17 -0.05936099999999999
837 7 14 18 0.09450649999999998
838 7 14 19 -0.0665365
839 7 14 20 0.274923
840 7 15 16 0.137502
841 7 15 17 -0.12637749999999998
842 7 15 18 0.012831999999999998
843 7 15 19 -0.247518
844 7 15 20 0.08533699999999998
845 7 16 17 -0.2917895
846 7 16 18 0.07382999999999999
847 7 16 19 -0.11318999999999999
848 7 16 20 0.26125499999999996
849 7 17 18 -0.034790499999999995
850 7 17 19 0.015221500000000002
851 7 17 20 0.12292949999999998
852 7 18 19 0.08686000000000002
853 7 18 20 0.11213000000000002
854 7 19 20 0.19274799999999997
855 8 9 10 0.021873999999999984
856 8 9 11 -0.11888800000000001
857 8 9 12 0.11204999999999998
858 8 9 13 0.008815999999999985
859 8 9 14 -0.04521900000000001
860 8 9 15 0.01691499999999999
861 8 9 16 -0.03456350000000001
862 8 9 17 -0.05719450000000001
863 8 9 18 0.288265
864 8 9 19 -0.16152200000000003
865 8 9 20 0.029059999999999985
866 8 10 11 -0.18659611
867 8 10 12 0.040015
868 8 10 13 0.155505
869 8 10 14 0.0008650000000000047
870 8 10 15 -0.09612449999999999
871 8 10 16 -0.006248499999999989
872 8 10 17 -0.08211485
873 8 10 18 0.17273
874 8 10 19 -0.13372199999999998
875 8 10 20 0.059949999999999996
876 8 11 12 0.04981800000000001
877 8 11 13 0.18355549999999998
878 8 11 14 0.10569300000000002
879 8 11 15 0.11668450000000001
880 8 11 16 -0.0354255
881 8 11 17 0.031008000000000004
882 8 11 18 0.03692299999999997
883 8 11 19 -0.146669
884 8 11 20 0.045438000000000006
885 8 12 13 0.05730499999999998
886 8 12 14 -0.16277999999999998
887 8 12 15 -0.006359999999999999
888 8 12 16 -0.0151235
889 8 12 17 -0.235625
890 8 12 18 0.271795
891 8 12 19 -0.1411635
892 8 12 20 -0.025031499999999998
893 8 13 14 -0.325005
894 8 13 15 -0.07855999999999999
895 8 13 16 -0.003243499999999999
896 8 13 17 -0.14426899999999998
897 8 13 18 -0.16016
898 8 13 19 -0.4749769999999999
899 8 13 20 -0.20852499999999996
900 8 14 15 0.021269
901 8 14 16 -0.010511499999999995
902 8 14 17 -0.08419
903 8 14 18 0.11913799999999998
904 8 14 19 -0.228942
905 8 14 20 0.0387395
906 8 15 16 0.0156515
907 8 15 17 -0.122925
908 8 15 18 0.065745
909 8 15 19 -0.381642
910 8 15 20 -0.122565
911 8 16 17 -0.1664865
912 8 16 18 0.2485935
913 8 16 19 -0.12546349999999998
914 8 16 20 0.1752035
915 8 17 18 0.014670000000000006
916 8 17 19 -0.12235499999999998
917 8 17 20 -0.08842499999999999
918 8 18 19 -0.10017699999999999
919 8 18 20 -0.148685
920 8 19 20 0.11897
921 9 10 11 -0.04583411
922 9 10 12 -0.05016099999999999
923 9 10 13 0.16856300000000002
924 9 10 14 0.067958
925 9 10 15 -0.09116550000000001
926 9 10 16 0.05018900000000002
927 9 10 17 -0.0030463499999999998
928 9 10 18 -0.09366099999999997
929 9 10 19 0.049674
930 9 10 20 0.05276400000000001
931 9 11 12 -0.18111999999999998
932 9 11 13 0.0558515
933 9 11 14 0.032024
934 9 11 15 -0.019118500000000004
935 9 11 16 -0.11975
936 9 11 17 -0.0306855
937 9 11 18 -0.37023
938 9 11 19 -0.104035
939 9 11 20 -0.10251
940 9 12 13 0.160539
941 9 12 14 -0.0055109999999999985
942 9 12 15 0.08877499999999999
943 9 12 16 0.13149
944 9 12 17 -0.0663805
945 9 12 18 0.09558
946 9 12 19 0.1324085
947 9 12 20 0.0579585
948 9 13 14 -0.27097
949 9 13 15 -0.08665900000000001
950 9 13 16 0.04013599999999999
951 9 13 17 -0.0782585
952 9 13 18 -0.4396089999999999
953 9 13 19 -0.304639
954 9 13 20 -0.22876899999999997
955 9 14 15 -0.040865000000000005
956 9 14 16 -0.021166999999999995
957 9 14 17 -0.0722145
958 9 14 18 -0.21434599999999998
959 9 14 19 -0.11263899999999999
960 9 14 20 -0.035539499999999995
961 9 15 16 0.06713
962 9 15 17 -0.04881549999999999
963 9 15 18 -0.205605
964 9 15 19 -0.203205
965 9 15 20 -0.13470999999999997
966 9 16 17 -0.1438555
967 9 16 18 -0.07423499999999998
968 9 16 19 0.0014950000000000018
969 9 16 20 0.11158000000000001
970 9 17 18 -0.33078949999999996
971 9 17 19 -0.0180275
972 9 17 20 -0.1746795
973 9 18 19 0.3496099999999999
974 9 18 20 0.11052
975 9 19 20 -0.071612
976 10 11 12 -0.17679311
977 10 11 13 -0.15854561
978 10 11 14 -0.08176811
979 10 11 15 0.026212889999999996
980 10 11 16 -0.21577311000000005
981 10 11 17 -0.07347326
982 10 11 18 -0.32240311000000005
983 10 11 19 -0.19954311
984 10 11 20 -0.20110811
985 10 12 13 -0.05818500000000002
986 10 12 14 -0.12362999999999999
987 10 12 15 0.1297795
988 10 12 16 0.031139999999999987
989 10 12 17 -0.11349514999999999
990 10 12 18 0.13907999999999998
991 10 12 19 0.0325735
992 10 12 20 -0.044966500000000006
993 10 13 14 -0.170365
994 10 13 15 0.17306949999999996
995 10 13 16 0.15851
996 10 13 17 0.09335085000000001
997 10 13 18 -0.177385
998 10 13 19 -0.18575
999 10 13 20 -0.11296999999999997
1000 10 14 15 0.1182585
1001 10 14 16 -0.003398000000000007
1002 10 14 17 -0.0012101499999999988
1003 10 14 18 -0.05272700000000002
1004 10 14 19 -0.09435500000000001
1005 10 14 20 -0.0203455
1006 10 15 16 -0.0742245
1007 10 15 17 -0.13693464999999996
1008 10 15 18 -0.2031095
1009 10 15 19 -0.3440445
1010 10 15 20 -0.2786395
1011 10 16 17 -0.09062015
1012 10 16 18 0.069615
1013 10 16 19 0.0020100000000000118
1014 10 16 20 0.10900500000000002
1015 10 17 18 -0.24017485000000002
1016 10 17 19 -0.07074785
1017 10 17 20 -0.23048985000000002
1018 10 18 19 0.20627500000000004
1019 10 18 20 -0.035904999999999986
1020 10 19 20 -0.074702
1021 11 12 13 -0.0764325
1022 11 12 14 -0.21865500000000002
1023 11 12 15 -0.0732265
1024 11 12 16 0.07012
1025 11 12 17 -0.21681499999999995
1026 11 12 18 0.28468999999999994
1027 11 12 19 0.05532349999999999
1028 11 12 20 -0.020651499999999996
1029 11 13 14 -0.2471425
1030 11 13 15 -0.011689000000000003
1031 11 13 16 0.2157375
1032 11 13 17 0.008278499999999996
1033 11 13 18 -0.013527500000000003
1034 11 13 19 -0.1447525
1035 11 13 20 -0.0704075
1036 11 14 15 0.0102775
1037 11 14 16 0.130607
1038 11 14 17 -0.009505000000000008
1039 11 14 18 0.18790799999999996
1040 11 14 19 0.023419999999999993
1041 11 14 20 0.09899450000000001
1042 11 15 16 0.1677615
1043 11 15 17 -0.0372485
1044 11 15 18 0.14550650000000004
1045 11 15 19 -0.1182885
1046 11 15 20 -0.051318499999999975
1047 11 16 17 -0.23292000000000002
1048 11 16 18 0.17624499999999999
1049 11 16 19 -0.01422000000000001
1050 11 16 20 0.09434000000000001
1051 11 17 18 0.008755000000000002
1052 11 17 19 0.055321999999999996
1053 11 17 20 -0.102855
1054 11 18 19 0.08341499999999999
1055 11 18 20 -0.1572
1056 11 19 20 -0.07313699999999998
1057 12 13 14 -0.10492000000000001
1058 12 13 15 -0.014895000000000004
1059 12 13 16 0.06918499999999998
1060 12 13 17 0.14866099999999996
1061 12 13 18 -0.37465
1062 12 13 19 -0.2765085
1063 12 13 20 -0.12618849999999998
1064 12 14 15 -0.13515099999999997
1065 12 14 16 -0.158168
1066 12 14 17 -0.011345000000000004
1067 12 14 18 -0.31543699999999997
1068 12 14 19 -0.2505585
1069 12 14 20 -0.09900899999999997
1070 12 15 16 0.024414999999999996
1071 12 15 17 0.10634
1072 12 15 18 -0.21241
1073 12 15 19 -0.2468385
1074 12 15 20 -0.1038935
1075 12 16 17 0.05401500000000001
1076 12 16 18 -0.038324999999999984
1077 12 16 19 0.0005765000000000019
1078 12 16 20 0.1851115
1079 12 17 18 -0.4927499999999999
1080 12 17 19 -0.21681650000000002
1081 12 17 20 -0.29901849999999996
1082 12 18 19 0.3127815
1083 12 18 20 0.1481415
1084 12 19 20 0.0028379999999999963
1085 13 14 15 -0.225176
1086 13 14 16 -0.332273
1087 13 14 17 -0.264926
1088 13 14 18 -0.045707000000000005
1089 13 14 19 -0.07896999999999998
1090 13 14 20 -0.0777405
1091 13 15 16 -0.05966499999999999
1092 13 15 17 -0.057216
1093 13 15 18 0.147345
1094 13 15 19 0.014775000000000028
1095 13 15 20 0.007399999999999984
1096 13 16 17 -0.025460999999999998
1097 13 16 18 0.4055099999999999
1098 13 16 19 0.34626999999999997
1099 13 16 20 0.38048499999999996
1100 13 17 18 0.03056099999999999
1101 13 17 19 0.208353
1102 13 17 20 -0.024169000000000017
1103 13 18 19 0.21464000000000003
1104 13 18 20 -0.10032
1105 13 19 20 -0.14748200000000003
1106 14 15 16 0.047431999999999995
1107 14 15 17 -0.01746599999999998
1108 14 15 18 -0.03212399999999999
1109 14 15 19 -0.131431
1110 14 15 20 -0.14003549999999998
1111 14 16 17 -0.092808
1112 14 16 18 0.118944
1113 14 16 19 0.09296700000000001
1114 14 16 20 0.1259525
1115 14 17 18 -0.188658
1116 14 17 19 0.022396999999999997
1117 14 17 20 -0.2113545
1118 14 18 19 0.24790299999999996
1119 14 18 20 -0.0682865
1120 14 19 20 -0.1487115
1121 15 16 17 -0.02791000000000001
1122 15 16 18 0.19849999999999998
1123 15 16 19 0.27183
1124 15 16 20 0.31342
1125 15 17 18 -0.174
1126 15 17 19 0.136362
1127 15 17 20 -0.088785
1128 15 18 19 0.34721
1129 15 18 20 0.03962500000000001
1130 15 19 20 -0.140107
1131 16 17 18 -0.40041000000000004
1132 16 17 19 -0.163378
1133 16 17 20 -0.43011499999999997
1134 16 18 19 0.27388
1135 16 18 20 -0.07529499999999999
1136 16 19 20 -0.181697
1137 17 18 19 0.03684800000000001
1138 17 18 20 -0.04558999999999999
1139 17 19 20 0.08504
1140 18 19 20 0.167478
