l i j f[l] s[l] h[l]
1 1 2 -3.4462 -0.8377070000000002 -4.440892098500626e-16
2 1 3 -2.3298 -0.8377070000000002 -4.440892098500626e-16
3 2 3 5.7018 -0.7996845000000001 -6.661338147750939e-16
4 1 4 -2.186 -0.8377070000000002 -4.440892098500626e-16
5 2 4 0.33422 -0.7996845000000001 -6.661338147750939e-16
6 3 4 1.2824 4.6234225 0.0
7 1 5 -2.9239 -0.8377070000000002 -4.440892098500626e-16
8 2 5 0.99645 -0.7996845000000001 -6.661338147750939e-16
9 3 5 -1.81 4.6234225 0.0
10 4 5 -3.5608 -0.7716194999999999 -6.661338147750939e-16
11 1 6 -0.48056 -0.8377070000000002 -4.440892098500626e-16
12 2 6 -1.125 -0.7996845000000001 -6.661338147750939e-16
13 3 6 -1.0412 4.6234225 0.0
14 4 6 -2.159 -0.7716194999999999 -6.661338147750939e-16
15 5 6 2.8144 -0.8598925 -2.220446049250313e-16
16 1 7 -1.1219 -0.8377070000000002 -4.440892098500626e-16
17 2 7 0.37677 -0.7996845000000001 -6.661338147750939e-16
18 3 7 1.5732 4.6234225 0.0
19 4 7 -0.31066 -0.7716194999999999 -6.661338147750939e-16
20 5 7 -0.8988 -0.8598925 -2.220446049250313e-16
21 6 7 3.2197 1.1666649999999998 2.220446049250313e-16
22 1 8 -1.3485 -0.8377070000000002 -4.440892098500626e-16
23 2 8 -0.73339 -0.7996845000000001 -6.661338147750939e-16
24 3 8 -1.2997 4.6234225 0.0
25 4 8 1.1048 -0.7716194999999999 -6.661338147750939e-16
26 5 8 0.81189 -0.8598925 -2.220446049250313e-16
27 6 8 1.7867 1.1666649999999998 2.220446049250313e-16
28 7 8 0.72423 -0.05429200000000009 -4.440892098500626e-16
29 1 9 -2.937 -0.8377070000000002 -4.440892098500626e-16
30 2 9 0.24271 -0.7996845000000001 -6.661338147750939e-16
31 3 9 -1.8718 4.6234225 0.0
32 4 9 -4.307 -0.7716194999999999 -6.661338147750939e-16
33 5 9 -1.2485 -0.8598925 -2.220446049250313e-16
34 6 9 -1.9271 1.1666649999999998 2.220446049250313e-16
35 7 9 0.58199 -0.05429200000000009 -4.440892098500626e-16
36 8 9 -3.5068 1.2575649999999998 5.551115123125783e-17
37 1 10 -3.9457 -0.8377070000000002 -4.440892098500626e-16
38 2 10 -0.22876 -0.7996845000000001 -6.661338147750939e-16
39 3 10 -2.3432 4.6234225 0.0
40 4 10 -1.4444 -0.7716194999999999 -6.661338147750939e-16
41 5 10 -1.1365 -0.8598925 -2.220446049250313e-16
42 6 10 -0.5369 1.1666649999999998 2.220446049250313e-16
43 7 10 -0.030618 -0.05429200000000009 -4.440892098500626e-16
44 8 10 -1.9367 1.2575649999999998 5.551115123125783e-17
45 9 10 1.4043 -0.4705075 2.220446049250313e-16
46 1 11 -1.584 -0.8377070000000002 -4.440892098500626e-16
47 2 11 -0.15433 -0.7996845000000001 -6.661338147750939e-16
48 3 11 -0.62245 4.6234225 0.0
49 4 11 -1.2056 -0.7716194999999999 -6.661338147750939e-16
50 5 11 3.8843 -0.8598925 -2.220446049250313e-16
51 6 11 1.4747 1.1666649999999998 2.220446049250313e-16
52 7 11 -2.6729 -0.05429200000000009 -4.440892098500626e-16
53 8 11 1.1169 1.2575649999999998 5.551115123125783e-17
54 9 11 0.81888 -0.4705075 2.220446049250313e-16
55 10 11 -1.9192 -2.1055724999999996 -2.220446049250313e-16
56 1 12 -3.7939 -0.8377070000000002 -4.440892098500626e-16
57 2 12 1.6109 -0.7996845000000001 -6.661338147750939e-16
58 3 12 -2.0635 4.6234225 0.0
59 4 12 -0.93701 -0.7716194999999999 -6.661338147750939e-16
60 5 12 0.21693 -0.8598925 -2.220446049250313e-16
61 6 12 0.309 1.1666649999999998 2.220446049250313e-16
62 7 12 4.2408 -0.05429200000000009 -4.440892098500626e-16
63 8 12 -1.4254 1.2575649999999998 5.551115123125783e-17
64 9 12 0.53564 -0.4705075 2.220446049250313e-16
65 10 12 -3.2111 -2.1055724999999996 -2.220446049250313e-16
66 11 12 -0.14334 2.3302024999999995 0.0
67 1 13 -4.5219 -0.8377070000000002 -4.440892098500626e-16
68 2 13 -5.9161 -0.7996845000000001 -6.661338147750939e-16
69 3 13 -3.8366 4.6234225 0.0
70 4 13 -1.3669 -0.7716194999999999 -6.661338147750939e-16
71 5 13 -0.67158 -0.8598925 -2.220446049250313e-16
72 6 13 -0.74739 1.1666649999999998 2.220446049250313e-16
73 7 13 -3.1215 -0.05429200000000009 -4.440892098500626e-16
74 8 13 -4.007 1.2575649999999998 5.551115123125783e-17
75 9 13 -3.0294 -0.4705075 2.220446049250313e-16
76 10 13 -1.7967 -2.1055724999999996 -2.220446049250313e-16
77 11 13 -1.8018 2.3302024999999995 0.0
78 12 13 -2.1913 -0.9227305 -1.6653345369377348e-16
79 1 14 -2.8442 -0.8377070000000002 -4.440892098500626e-16
80 2 14 -2.9279 -0.7996845000000001 -6.661338147750939e-16
81 3 14 -3.2651 4.6234225 0.0
82 4 14 -0.56436 -0.7716194999999999 -6.661338147750939e-16
83 5 14 -3.0344 -0.8598925 -2.220446049250313e-16
84 6 14 -2.6694 1.1666649999999998 2.220446049250313e-16
85 7 14 -2.413 -0.05429200000000009 -4.440892098500626e-16
86 8 14 -2.3983 1.2575649999999998 5.551115123125783e-17
87 9 14 2.2988 -0.4705075 2.220446049250313e-16
88 10 14 -1.2635 -2.1055724999999996 -2.220446049250313e-16
89 11 14 -1.4047 2.3302024999999995 0.0
90 12 14 -1.0728 -0.9227305 -1.6653345369377348e-16
91 13 14 -2.7295 0.23944700000000008 0.0
92 1 15 -2.5505 -0.8377070000000002 -4.440892098500626e-16
93 2 15 3.0205 -0.7996845000000001 -6.661338147750939e-16
94 3 15 -1.0085 4.6234225 0.0
95 4 15 1.3701 -0.7716194999999999 -6.661338147750939e-16
96 5 15 0.79185 -0.8598925 -2.220446049250313e-16
97 6 15 -1.2563 1.1666649999999998 2.220446049250313e-16
98 7 15 -0.70528 -0.05429200000000009 -4.440892098500626e-16
99 8 15 0.10896 1.2575649999999998 5.551115123125783e-17
100 9 15 0.73134 -0.4705075 2.220446049250313e-16
101 10 15 -0.22556 -2.1055724999999996 -2.220446049250313e-16
102 11 15 -1.0553 2.3302024999999995 0.0
103 12 15 -0.71401 -0.9227305 -1.6653345369377348e-16
104 13 15 2.185 0.23944700000000008 0.0
105 14 15 2.8735 -0.7626179999999996 -2.220446049250313e-16
106 1 16 -4.0005 -0.8377070000000002 -4.440892098500626e-16
107 2 16 0.20021 -0.7996845000000001 -6.661338147750939e-16
108 3 16 -1.5807 4.6234225 0.0
109 4 16 -1.6753 -0.7716194999999999 -6.661338147750939e-16
110 5 16 2.4045 -0.8598925 -2.220446049250313e-16
111 6 16 -1.6129 1.1666649999999998 2.220446049250313e-16
112 7 16 -2.9845 -0.05429200000000009 -4.440892098500626e-16
113 8 16 -1.7812 1.2575649999999998 5.551115123125783e-17
114 9 16 4.449 -0.4705075 2.220446049250313e-16
115 10 16 0.85148 -2.1055724999999996 -2.220446049250313e-16
116 11 16 1.3221 2.3302024999999995 0.0
117 12 16 1.9061 -0.9227305 -1.6653345369377348e-16
118 13 16 3.0772 0.23944700000000008 0.0
119 14 16 2.1878 -0.7626179999999996 -2.220446049250313e-16
120 15 16 -1.1099 2.7555544999999997 2.220446049250313e-16
121 1 17 -4.0928 -0.8377070000000002 -4.440892098500626e-16
122 2 17 -0.69048 -0.7996845000000001 -6.661338147750939e-16
123 3 17 -2.6252 4.6234225 0.0
124 4 17 -4.1372 -0.7716194999999999 -6.661338147750939e-16
125 5 17 -0.38064 -0.8598925 -2.220446049250313e-16
126 6 17 -0.88108 1.1666649999999998 2.220446049250313e-16
127 7 17 -0.70431 -0.05429200000000009 -4.440892098500626e-16
128 8 17 -2.0452 1.2575649999999998 5.551115123125783e-17
129 9 17 1.9308 -0.4705075 2.220446049250313e-16
130 10 17 -1.295 -2.1055724999999996 -2.220446049250313e-16
131 11 17 1.1986 2.3302024999999995 0.0
132 12 17 -0.55779 -0.9227305 -1.6653345369377348e-16
133 13 17 2.2799 0.23944700000000008 0.0
134 14 17 -0.55503 -0.7626179999999996 -2.220446049250313e-16
135 15 17 -1.2668 2.7555544999999997 2.220446049250313e-16
136 16 17 -3.0227 0.7781486 -4.440892098500626e-16
137 1 18 -4.4796 -0.8377070000000002 -4.440892098500626e-16
138 2 18 -2.7333 -0.7996845000000001 -6.661338147750939e-16
139 3 18 -1.9103 4.6234225 0.0
140 4 18 -4.6665 -0.7716194999999999 -6.661338147750939e-16
141 5 18 -2.1426 -0.8598925 -2.220446049250313e-16
142 6 18 -1.7243 1.1666649999999998 2.220446049250313e-16
143 7 18 -0.22279 -0.05429200000000009 -4.440892098500626e-16
144 8 18 -3.6276 1.2575649999999998 5.551115123125783e-17
145 9 18 2.9754 -0.4705075 2.220446049250313e-16
146 10 18 -3.2084 -2.1055724999999996 -2.220446049250313e-16
147 11 18 0.2029 2.3302024999999995 0.0
148 12 18 3.4304 -0.9227305 -1.6653345369377348e-16
149 13 18 0.17991 0.23944700000000008 0.0
150 14 18 -2.6742 -0.7626179999999996 -2.220446049250313e-16
151 15 18 -3.7986 2.7555544999999997 2.220446049250313e-16
152 16 18 0.76755 0.7781486 -4.440892098500626e-16
153 17 18 -4.1964 -0.3316744 -2.220446049250313e-16
154 1 19 -4.3881 -0.8377070000000002 -4.440892098500626e-16
155 2 19 -3.2983 -0.7996845000000001 -6.661338147750939e-16
156 3 19 -1.4997 4.6234225 0.0
157 4 19 -2.4034 -0.7716194999999999 -6.661338147750939e-16
158 5 19 -3.5782 -0.8598925 -2.220446049250313e-16
159 6 19 3.5118 1.1666649999999998 2.220446049250313e-16
160 7 19 -3.7594 -0.05429200000000009 -4.440892098500626e-16
161 8 19 -2.1062 1.2575649999999998 5.551115123125783e-17
162 9 19 1.9693 -0.4705075 2.220446049250313e-16
163 10 19 -1.1619 -2.1055724999999996 -2.220446049250313e-16
164 11 19 -1.1188 2.3302024999999995 0.0
165 12 19 1.4508 -0.9227305 -1.6653345369377348e-16
166 13 19 -0.74369 0.23944700000000008 0.0
167 14 19 -2.4391 -0.7626179999999996 -2.220446049250313e-16
168 15 19 -5.2504 2.7555544999999997 2.220446049250313e-16
169 16 19 -0.23663 0.7781486 -4.440892098500626e-16
170 17 19 -2.3812 -0.3316744 -2.220446049250313e-16
171 18 19 -1.2972 1.9431330999999996 4.440892098500626e-16
172 1 20 -3.4212 -0.8377070000000002 -4.440892098500626e-16
173 2 20 -2.3486 -0.7996845000000001 -6.661338147750939e-16
174 3 20 1.5004 4.6234225 0.0
175 4 20 -2.4148 -0.7716194999999999 -6.661338147750939e-16
176 5 20 -4.135 -0.8598925 -2.220446049250313e-16
177 6 20 -1.1189 1.1666649999999998 2.220446049250313e-16
178 7 20 -4.4897 -0.05429200000000009 -4.440892098500626e-16
179 8 20 2.8075 1.2575649999999998 5.551115123125783e-17
180 9 20 0.4265 -0.4705075 2.220446049250313e-16
181 10 20 2.2798 -2.1055724999999996 -2.220446049250313e-16
182 11 20 2.2856 2.3302024999999995 0.0
183 12 20 -0.060407 -0.9227305 -1.6653345369377348e-16
184 13 20 2.4855 0.23944700000000008 0.0
185 14 20 -2.2087 -0.7626179999999996 -2.220446049250313e-16
186 15 20 -3.5474 2.7555544999999997 2.220446049250313e-16
187 16 20 1.4629 0.7781486 -4.440892098500626e-16
188 17 20 0.28707 -0.3316744 -2.220446049250313e-16
189 18 20 -2.7068 1.9431330999999996 4.440892098500626e-16
190 19 20 1.0675 0.1750081 5.551115123125783e-17
