t i j k u[t]
1 1 2 3 0.3518605
2 1 2 4 0.039969500000000005
3 1 2 5 0.08446200000000001
4 1 2 6 -0.094357
5 1 2 7 -0.08325450000000001
6 1 2 8 -0.061709499999999994
7 1 2 9 -0.006029499999999999
8 1 2 10 0.24112050000000002
9 1 2 11 0.06668550000000001
10 1 2 12 0.2936905000000001
11 1 2 13 -0.018039499999999986
12 1 2 14 0.024236850000000008
13 1 2 15 0.3256055
14 1 2 16 0.21133550000000004
15 1 2 17 -0.090666
16 1 2 18 0.11331049999999997
17 1 2 19 -0.1997935
18 1 2 20 0.014110500000000005
19 1 3 4 -0.04517099999999998
20 1 3 5 -0.2717835
21 1 3 6 -0.04870000000000001
22 1 3 7 0.002115
23 1 3 8 -0.0972165
24 1 3 9 -0.24691550000000004
25 1 3 10 -0.0836005
26 1 3 11 0.04637500000000001
27 1 3 12 0.15020000000000003
28 1 3 13 -0.12138099999999998
29 1 3 14 -0.17970150000000001
30 1 3 15 -0.03644149999999998
31 1 3 16 -0.08727149999999999
32 1 3 17 -0.09372999999999998
33 1 3 18 0.08079649999999998
34 1 3 19 -0.10317899999999998
35 1 3 20 0.11587000000000001
36 1 4 5 0.082611
37 1 4 6 -0.24919400000000003
38 1 4 7 -0.136804
39 1 4 8 0.169926
40 1 4 9 -0.103434
41 1 4 10 0.077971
42 1 4 11 0.08096249999999999
43 1 4 12 0.098026
44 1 4 13 0.07305
45 1 4 14 -0.07364249999999999
46 1 4 15 0.194091
47 1 4 16 -0.032149
48 1 4 17 -0.07852050000000001
49 1 4 18 0.16707599999999997
50 1 4 19 0.0246075
51 1 4 20 0.08955099999999999
52 1 5 6 -0.12133000000000002
53 1 5 7 -0.017778500000000003
54 1 5 8 -0.003141499999999986
55 1 5 9 -0.08611100000000001
56 1 5 10 0.1210745
57 1 5 11 0.0968385
58 1 5 12 0.2576735
59 1 5 13 0.015231500000000009
60 1 5 14 -0.170765
61 1 5 15 0.15045350000000002
62 1 5 16 0.0712345
63 1 5 17 -0.095585
64 1 5 18 0.1112035
65 1 5 19 -0.1066805
66 1 5 20 0.06809850000000002
67 1 6 7 0.242495
68 1 6 8 0.09286500000000002
69 1 6 9 0.0968915
70 1 6 10 0.396785
71 1 6 11 0.149041
72 1 6 12 0.19512
73 1 6 13 0.19144750000000002
74 1 6 14 0.09273650000000003
75 1 6 15 0.07566500000000004
76 1 6 16 0.07971500000000001
77 1 6 17 0.0894375
78 1 6 18 0.31426
79 1 6 19 0.24356100000000003
80 1 6 20 0.164965
81 1 7 8 0.12728000000000003
82 1 7 9 0.019825000000000002
83 1 7 10 0.254485
84 1 7 11 -0.014767500000000001
85 1 7 12 0.35768
86 1 7 13 0.072648
87 1 7 14 -0.007821999999999994
88 1 7 15 0.15599500000000002
89 1 7 16 -0.116155
90 1 7 17 0.0043150000000000245
91 1 7 18 0.31772999999999996
92 1 7 19 -0.16343899999999997
93 1 7 20 0.074044
94 1 8 9 -0.1344285
95 1 8 10 0.06857549999999998
96 1 8 11 0.023324999999999985
97 1 8 12 0.29609499999999994
98 1 8 13 -0.045673000000000005
99 1 8 14 -0.07189850000000003
100 1 8 15 0.11434000000000001
101 1 8 16 -0.153625
102 1 8 17 -0.05298000000000003
103 1 8 18 -0.05505000000000002
104 1 8 19 0.036681
105 1 8 20 0.19141
106 1 9 10 0.26092
107 1 9 11 0.03627499999999999
108 1 9 12 0.291155
109 1 9 13 -0.009984999999999999
110 1 9 14 0.1262445
111 1 9 15 0.18461750000000002
112 1 9 16 0.39289
113 1 9 17 0.092935
114 1 9 18 0.3124414999999999
115 1 9 19 0.140471
116 1 9 20 0.14675999999999997
117 1 10 11 -0.1308
118 1 10 12 -0.16796
119 1 10 13 -0.14101499999999997
120 1 10 14 -0.18271849999999998
121 1 10 15 -0.0693625
122 1 10 16 -0.194095
123 1 10 17 -0.11425
124 1 10 18 -0.14229
125 1 10 19 -0.22851400000000002
126 1 10 20 -0.038720000000000004
127 1 11 12 0.319545
128 1 11 13 -0.220185
129 1 11 14 0.02096650000000001
130 1 11 15 0.015064500000000012
131 1 11 16 -0.005380149999999991
132 1 11 17 -0.035535000000000004
133 1 11 18 0.2016625
134 1 11 19 0.12661600000000003
135 1 11 20 0.23306500000000005
136 1 12 13 -0.10039149999999998
137 1 12 14 -0.12294800000000002
138 1 12 15 -0.154985
139 1 12 16 -0.21781499999999998
140 1 12 17 -0.2919505
141 1 12 18 0.12188
142 1 12 19 -0.1506875
143 1 12 20 0.028479999999999995
144 1 13 14 -0.028757500000000012
145 1 13 15 0.103915
146 1 13 16 0.12017
147 1 13 17 0.014764999999999983
148 1 13 18 0.12719849999999996
149 1 13 19 -0.13039900000000001
150 1 13 20 0.19686
151 1 14 15 0.12208749999999999
152 1 14 16 0.10375350000000001
153 1 14 17 -0.0976935
154 1 14 18 0.3264635
155 1 14 19 -0.1290105
156 1 14 20 0.098086
157 1 15 16 -0.098875
158 1 15 17 -0.1470195
159 1 15 18 0.09178199999999996
160 1 15 19 -0.0718575
161 1 15 20 0.024442499999999995
162 1 16 17 -0.14788015000000002
163 1 16 18 0.09191499999999998
164 1 16 19 0.030030999999999995
165 1 16 20 0.10366100000000002
166 1 17 18 0.12947499999999995
167 1 17 19 -0.008329000000000008
168 1 17 20 0.31289
169 1 18 19 -0.372724
170 1 18 20 -0.28886
171 1 19 20 0.28501399999999993
172 2 3 4 0.26672
173 2 3 5 -0.004384999999999995
174 2 3 6 0.3975175
175 2 3 7 0.43723
176 2 3 8 0.3163535
177 2 3 9 0.1109745
178 2 3 10 0.027139500000000007
179 2 3 11 0.33155
180 2 3 12 0.20837000000000006
181 2 3 13 0.248519
182 2 3 14 0.14792215
183 2 3 15 -0.0101865
184 2 3 16 0.0532535
185 2 3 17 0.3487965
186 2 3 18 0.3193465
187 2 3 19 0.448475
188 2 3 20 0.45362
189 2 4 5 0.0381185
190 2 4 6 -0.1148675
191 2 4 7 -0.013579999999999993
192 2 4 8 0.27160500000000004
193 2 4 9 -0.05743500000000001
194 2 4 10 -0.12318000000000001
195 2 4 11 0.05424649999999999
196 2 4 12 -0.155695
197 2 4 13 0.131059
198 2 4 14 -0.05790984999999999
199 2 4 15 -0.09154500000000002
200 2 4 16 -0.20351499999999997
201 2 4 17 0.052115
202 2 4 18 0.09373500000000001
203 2 4 19 0.2643705
204 2 4 20 0.11541000000000001
205 2 5 6 0.057489
206 2 5 7 0.14993800000000002
207 2 5 8 0.14303000000000005
208 2 5 9 0.004380500000000001
209 2 5 10 -0.035584000000000005
210 2 5 11 0.11461500000000001
211 2 5 12 0.04844500000000001
212 2 5 13 0.117733
213 2 5 14 -0.11053984999999998
214 2 5 15 -0.09069
215 2 5 16 -0.055638999999999994
216 2 5 17 0.07954300000000002
217 2 5 18 0.082355
218 2 5 19 0.17757499999999998
219 2 5 20 0.13845
220 2 6 7 0.23139250000000003
221 2 6 8 0.06021750000000002
222 2 6 9 0.008564
223 2 6 10 0.06130750000000001
224 2 6 11 -0.01200150000000001
225 2 6 12 -0.19292750000000003
226 2 6 13 0.11513
227 2 6 14 -0.025857350000000008
228 2 6 15 -0.34429750000000003
229 2 6 16 -0.22597750000000003
230 2 6 17 0.0857465
231 2 6 18 0.1065925
232 2 6 19 0.34899750000000007
233 2 6 20 0.0564975
234 2 7 8 0.10573500000000001
235 2 7 9 -0.057400000000000014
236 2 7 10 -0.06989000000000001
237 2 7 11 -0.16470750000000003
238 2 7 12 -0.019265
239 2 7 13 0.0074329999999999926
240 2 7 14 -0.11531335000000001
241 2 7 15 -0.252865
242 2 7 16 -0.410745
243 2 7 17 0.011726499999999996
244 2 7 18 0.12116499999999998
245 2 7 19 -0.046900000000000004
246 2 7 20 -0.02332100000000001
247 2 8 9 -0.1901085
248 2 8 10 -0.23425450000000003
249 2 8 11 -0.10507
250 2 8 12 -0.05930500000000003
251 2 8 13 -0.08934300000000002
252 2 8 14 -0.15784485000000004
253 2 8 15 -0.272975
254 2 8 16 -0.42667
255 2 8 17 -0.024023500000000024
256 2 8 18 -0.23007000000000002
257 2 8 19 0.174765
258 2 8 20 0.11559
259 2 9 10 0.013769999999999994
260 2 9 11 -0.03644000000000002
261 2 9 12 -0.008565
262 2 9 13 0.0020249999999999877
263 2 9 14 0.09597815000000001
264 2 9 15 -0.14701750000000002
265 2 9 16 0.175525
266 2 9 17 0.1775715
267 2 9 18 0.1931015
268 2 9 19 0.334235
269 2 9 20 0.12662
270 2 10 11 0.04363499999999998
271 2 10 12 -0.22053000000000003
272 2 10 13 0.11814500000000004
273 2 10 14 0.03416515
274 2 10 15 -0.1538475
275 2 10 16 -0.16430999999999998
276 2 10 17 0.21753650000000005
277 2 10 18 -0.01447999999999996
278 2 10 19 0.21239999999999998
279 2 10 20 0.18829
280 2 11 12 0.09253999999999997
281 2 11 13 -0.13546000000000002
282 2 11 14 0.06341515000000002
283 2 11 15 -0.2438555
284 2 11 16 -0.15003014999999997
285 2 11 17 0.12181650000000002
286 2 11 18 0.15503750000000002
287 2 11 19 0.393095
288 2 11 20 0.28564
289 2 12 13 0.21133850000000004
290 2 12 14 0.14650565000000002
291 2 12 15 -0.1869
292 2 12 16 -0.13546000000000002
293 2 12 17 0.09240599999999999
294 2 12 18 0.30226000000000003
295 2 12 19 0.3427965
296 2 12 20 0.30805999999999994
297 2 13 14 -0.07103385
298 2 13 15 -0.23973
299 2 13 16 -0.10920500000000002
300 2 13 17 0.08739150000000001
301 2 13 18 -0.004151499999999999
302 2 13 19 0.051355
303 2 13 20 0.16471
304 2 14 15 -0.17928115000000003
305 2 14 16 -0.08334514999999999
306 2 14 17 0.01720935
307 2 14 18 0.23738985
308 2 14 19 0.09501984999999999
309 2 14 20 0.10821235000000001
310 2 15 16 0.015395000000000002
311 2 15 17 0.26925200000000005
312 2 15 18 0.30407700000000004
313 2 15 19 0.45354150000000004
314 2 15 20 0.3359375
315 2 16 17 0.15412135000000002
316 2 16 18 0.18994000000000003
317 2 16 19 0.44116
318 2 16 20 0.300886
319 2 17 18 -0.0745015
320 2 17 19 0.10079849999999999
321 2 17 20 0.20811350000000003
322 2 18 19 -0.05962000000000001
323 2 18 20 -0.18966000000000002
324 2 19 20 0.07111
325 3 4 5 0.30922350000000004
326 3 4 6 -0.245665
327 3 4 7 -0.18409000000000003
328 3 4 8 0.22197150000000002
329 3 4 9 0.09831050000000001
330 3 4 10 0.11640049999999999
331 3 4 11 -0.01058350000000001
332 3 4 12 -0.09734500000000003
333 3 4 13 0.14926
334 3 4 14 0.06088800000000001
335 3 4 15 0.18536149999999996
336 3 4 16 0.009951500000000002
337 3 4 17 -0.02996150000000001
338 3 4 18 0.0411085
339 3 4 19 0.08261550000000001
340 3 4 20 -0.07149
341 3 5 6 -0.34441350000000004
342 3 5 7 -0.291677
343 3 5 8 -0.17770850000000002
344 3 5 9 -0.11097899999999998
345 3 5 10 -0.0671085
346 3 5 11 -0.22131999999999996
347 3 5 12 -0.16430999999999998
348 3 5 13 -0.135171
349 3 5 14 -0.262847
350 3 5 15 -0.08488850000000002
351 3 5 16 -0.11327749999999999
352 3 5 17 -0.2736385
353 3 5 18 -0.2413765
354 3 5 19 -0.275285
355 3 5 20 -0.319555
356 3 6 7 0.19168000000000002
357 3 6 8 0.14138150000000002
358 3 6 9 0.295107
359 3 6 10 0.4316855
360 3 6 11 0.053966
361 3 6 12 -0.0037800000000000056
362 3 6 13 0.2641285
363 3 6 14 0.223738
364 3 6 15 0.06340649999999999
365 3 6 16 0.11828649999999999
366 3 6 17 0.13446750000000002
367 3 6 18 0.1847635
368 3 6 19 0.29804
369 3 6 20 0.000395000000000012
370 3 7 8 0.22661150000000002
371 3 7 9 0.2688555
372 3 7 10 0.3402005
373 3 7 11 -0.05902750000000001
374 3 7 12 0.20959499999999998
375 3 7 13 0.196144
376 3 7 14 0.17399450000000002
377 3 7 15 0.19455150000000002
378 3 7 16 -0.026768499999999994
379 3 7 17 0.10016000000000001
380 3 7 18 0.23904850000000002
381 3 7 19 -0.058145
382 3 7 20 -0.039711
383 3 8 9 0.015270499999999998
384 3 8 10 0.054959499999999994
385 3 8 11 -0.12026650000000001
386 3 8 12 0.04867849999999998
387 3 8 13 -0.021508500000000007
388 3 8 14 0.010586499999999974
389 3 8 15 0.053565
390 3 8 16 -0.16357
391 3 8 17 -0.056466499999999996
392 3 8 18 -0.233063
393 3 8 19 0.0426435
394 3 8 20 -0.021676499999999987
395 3 9 10 0.09760500000000001
396 3 9 11 -0.2570155
397 3 9 12 -0.10596050000000003
398 3 9 13 -0.13551950000000001
399 3 9 14 0.05903050000000001
400 3 9 15 -0.025856499999999998
401 3 9 16 0.23324600000000004
402 3 9 17 -0.060250500000000005
403 3 9 18 -0.0152705
404 3 9 19 -0.003265499999999999
405 3 9 20 -0.21602550000000004
406 3 10 11 -0.26077550000000005
407 3 10 12 -0.40176049999999996
408 3 10 13 -0.10323449999999999
409 3 10 14 -0.0866175
410 3 10 15 -0.1165215
411 3 10 16 -0.190424
412 3 10 17 -0.10412049999999996
413 3 10 18 -0.306687
414 3 10 19 -0.20893550000000002
415 3 10 20 -0.2381905
416 3 11 12 0.21571999999999994
417 3 11 13 -0.052428999999999996
418 3 11 14 0.24704300000000004
419 3 11 15 0.09788100000000001
420 3 11 16 0.12826635000000003
421 3 11 17 0.10457000000000001
422 3 11 18 0.16724100000000003
423 3 11 19 0.27617
424 3 11 20 0.16357000000000002
425 3 12 13 0.17118950000000002
426 3 12 14 0.2069535
427 3 12 15 0.0316565
428 3 12 16 0.01965650000000001
429 3 12 17 -0.0480205
430 3 12 18 0.19128350000000005
431 3 12 19 0.10269149999999999
432 3 12 20 0.06281000000000002
433 3 13 14 0.02956300000000001
434 3 13 15 0.01897550000000001
435 3 13 16 0.08606050000000001
436 3 13 17 -0.012885999999999976
437 3 13 18 -0.074979
438 3 13 19 -0.148601
439 3 13 20 -0.040390999999999996
440 3 14 15 -0.021172500000000007
441 3 14 16 0.011323500000000009
442 3 14 17 -0.18366500000000002
443 3 14 18 0.06596550000000001
444 3 14 19 -0.20553300000000002
445 3 14 20 -0.1974855
446 3 15 16 -0.048045
447 3 15 17 -0.089731
448 3 15 18 -0.025456000000000003
449 3 15 19 -0.00512
450 3 15 20 -0.12786899999999998
451 3 16 17 -0.14142165
452 3 16 18 -0.076153
453 3 16 19 0.0459385
454 3 16 20 -0.09948050000000001
455 3 17 18 -0.0450515
456 3 17 19 0.0011199999999999878
457 3 17 20 0.10329000000000002
458 3 18 19 -0.18874850000000004
459 3 18 20 -0.3239335
460 3 19 20 0.06596500000000001
461 4 5 6 0.21047499999999997
462 4 5 7 0.2016365
463 4 5 8 -0.0904565
464 4 5 9 0.09993400000000001
465 4 5 10 0.12571450000000003
466 4 5 11 0.09848699999999999
467 4 5 12 0.24225850000000002
468 4 5 13 0.024792499999999995
469 4 5 14 -0.014511499999999988
470 4 5 15 0.0389735
471 4 5 16 0.1859945
472 4 5 17 0.06554650000000001
473 4 5 18 0.026738500000000002
474 4 5 19 -0.048677000000000005
475 4 5 20 0.061158500000000005
476 4 6 7 0.130105
477 4 6 8 -0.326255
478 4 6 9 -0.04886849999999999
479 4 6 10 0.06962000000000002
480 4 6 11 -0.18111549999999998
481 4 6 12 -0.15209999999999999
482 4 6 13 -0.13079649999999998
483 4 6 14 -0.08281500000000001
484 4 6 15 -0.36761999999999995
485 4 6 16 -0.13733
486 4 6 17 -0.081236
487 4 6 18 -0.10200999999999998
488 4 6 19 -0.030240499999999997
489 4 6 20 -0.17378
490 4 7 8 -0.17945000000000003
491 4 7 9 -0.013545000000000008
492 4 7 10 0.03971
493 4 7 11 -0.232534
494 4 7 12 0.12285
495 4 7 13 -0.137206
496 4 7 14 -0.0709835
497 4 7 15 -0.17489999999999997
498 4 7 16 -0.22081
499 4 7 17 -0.053968499999999996
500 4 7 18 0.013850000000000006
501 4 7 19 -0.3248505
502 4 7 20 -0.152311
503 4 8 9 0.13893149999999999
504 4 8 10 0.1605305
505 4 8 11 0.11228850000000003
506 4 8 12 0.367995
507 4 8 13 0.051203
508 4 8 14 0.17167
509 4 8 15 0.09017500000000002
510 4 8 16 0.04844999999999999
511 4 8 17 0.1954665
512 4 8 18 -0.05219999999999998
513 4 8 19 0.1819995
514 4 8 20 0.27178500000000005
515 4 9 10 0.07951499999999999
516 4 9 11 -0.14812150000000002
517 4 9 12 0.08969500000000001
518 4 9 13 -0.18646900000000002
519 4 9 14 0.096453
520 4 9 15 -0.1129075
521 4 9 16 0.32160500000000003
522 4 9 17 0.06802150000000001
523 4 9 18 0.041931500000000003
524 4 9 19 0.012429499999999994
525 4 9 20 -0.04622500000000001
526 4 10 11 -0.13379149999999998
527 4 10 12 -0.18801500000000002
528 4 10 13 -0.136094
529 4 10 14 -0.031105000000000004
530 4 10 15 -0.18548250000000002
531 4 10 16 -0.083975
532 4 10 17 0.04224150000000001
533 4 10 18 -0.231395
534 4 10 19 -0.17515050000000001
535 4 10 20 -0.050300000000000004
536 4 11 12 0.3024815
537 4 11 13 -0.2122725
538 4 11 14 0.1755715
539 4 11 15 -0.098064
540 4 11 16 0.10773135
541 4 11 17 0.12394799999999999
542 4 11 18 0.11554899999999999
543 4 11 19 0.18297100000000002
544 4 11 20 0.22447650000000002
545 4 12 13 -0.0754155
546 4 12 14 0.04872049999999998
547 4 12 15 -0.25105
548 4 12 16 -0.08764000000000001
549 4 12 17 -0.115404
550 4 12 18 0.05283
551 4 12 19 -0.07726900000000002
552 4 12 20 0.036954999999999995
553 4 13 14 0.11793499999999998
554 4 13 15 -0.017125999999999995
555 4 13 16 0.22536899999999999
556 4 13 17 0.16633550000000003
557 4 13 18 0.0331725
558 4 13 19 -0.0819565
559 4 13 20 0.180359
560 4 14 15 -0.145646
561 4 14 16 0.06226000000000002
562 4 14 17 -0.0928155
563 4 14 18 0.08574500000000002
564 4 14 19 -0.2272605
565 4 14 20 -0.06510749999999998
566 4 15 16 0.127365
567 4 15 17 0.125592
568 4 15 18 0.11879699999999999
569 4 15 19 0.097626
570 4 15 20 0.12898249999999997
571 4 16 17 -0.10150865
572 4 16 18 -0.10731000000000002
573 4 16 19 -0.026725500000000006
574 4 16 20 -0.018039
575 4 17 18 -0.11612150000000002
576 4 17 19 -0.11145700000000001
577 4 17 20 0.14481850000000002
578 4 18 19 -0.23025549999999997
579 4 18 20 -0.211335
580 4 19 20 0.2200705
581 5 6 7 0.13894350000000003
582 5 6 8 -0.02532350000000001
583 5 6 9 0.061672500000000005
584 5 6 10 0.15438050000000003
585 5 6 11 -0.0691275
586 5 6 12 -0.1838835
587 5 6 13 0.054886
588 5 6 14 0.14217149999999998
589 5 6 15 -0.19611849999999997
590 5 6 16 -0.1128495
591 5 6 17 0.0636925
592 5 6 18 0.08172650000000001
593 5 6 19 0.22891150000000005
594 5 6 20 -0.024463500000000016
595 5 7 8 0.11264300000000001
596 5 7 9 0.08815750000000001
597 5 7 10 0.115632
598 5 7 11 -0.1293845
599 5 7 12 0.08222799999999998
600 5 7 13 0.03963800000000001
601 5 7 14 0.14516450000000003
602 5 7 15 -0.012236999999999987
603 5 7 16 -0.20516800000000004
604 5 7 17 0.08212150000000001
605 5 7 18 0.18874800000000003
606 5 7 19 -0.07453699999999999
607 5 7 20 -0.011833000000000007
608 5 8 9 -0.05145899999999999
609 5 8 10 -0.055640499999999996
610 5 8 11 -0.076655
611 5 8 12 0.03527999999999998
612 5 8 13 -0.064046
613 5 8 14 0.09572499999999998
614 5 8 15 -0.039255
615 5 8 16 -0.22800099999999998
616 5 8 17 0.0394635
617 5 8 18 -0.169395
618 5 8 19 0.14022
619 5 8 20 0.12017
620 5 9 10 0.0537345
621 5 9 11 -0.1466745
622 5 9 12 -0.0526295
623 5 9 13 -0.11132750000000002
624 5 9 14 0.21089850000000002
625 5 9 15 -0.051947000000000014
626 5 9 16 0.23554450000000002
627 5 9 17 0.10240899999999999
628 5 9 18 0.11512700000000001
629 5 9 19 0.1610405
630 5 9 20 -0.00744950000000001
631 5 10 11 -0.10656400000000002
632 5 10 12 -0.304559
633 5 10 13 -0.035171999999999995
634 5 10 14 0.109121
635 5 10 15 -0.09874150000000001
636 5 10 16 -0.144255
637 5 10 17 0.1024095
638 5 10 18 -0.13241899999999998
639 5 10 19 -0.0007589999999999986
640 5 10 20 0.014255999999999991
641 5 11 12 0.15870999999999996
642 5 11 13 -0.138578
643 5 11 14 0.28857
644 5 11 15 -0.0385505
645 5 11 16 0.020223849999999998
646 5 11 17 0.1568885
647 5 11 18 0.1872975
648 5 11 19 0.33013500000000007
649 5 11 20 0.26180500000000007
650 5 12 13 0.14205050000000002
651 5 12 14 0.3054905
652 5 12 15 -0.047764999999999995
653 5 12 16 -0.03137600000000001
654 5 12 17 0.06130800000000001
655 5 12 18 0.26835000000000003
656 5 12 19 0.21366650000000004
657 5 12 20 0.21805500000000003
658 5 13 14 0.15723900000000002
659 5 13 15 -0.031306999999999995
660 5 13 16 0.06416699999999999
661 5 13 17 0.1255815
662 5 13 18 0.0312265
663 5 13 19 -0.008487
664 5 13 20 0.143993
665 5 14 15 -0.19913099999999997
666 5 14 16 -0.13824599999999995
667 5 14 17 -0.17287349999999999
668 5 14 18 0.044495000000000014
669 5 14 19 -0.19309500000000002
670 5 14 20 -0.1407775
671 5 15 16 -0.019656
672 5 15 17 0.099019
673 5 15 18 0.131032
674 5 15 19 0.1852765
675 5 15 20 0.10679749999999999
676 5 16 17 0.01893935
677 5 16 18 0.051946
678 5 16 19 0.207946
679 5 16 20 0.106797
680 5 17 18 -0.07731350000000002
681 5 17 19 0.002766499999999983
682 5 17 20 0.1492065
683 5 18 19 -0.15484
684 5 18 20 -0.24575500000000003
685 5 19 20 0.110235
686 6 7 8 0.27691
687 6 7 9 0.1654285
688 6 7 10 0.10019499999999999
689 6 7 11 0.07868649999999999
690 6 7 12 0.405055
691 6 7 13 0.1236955
692 6 7 14 0.14193650000000002
693 6 7 15 0.32282500000000003
694 6 7 16 0.04662500000000001
695 6 7 17 0.1573725
696 6 7 18 0.245965
697 6 7 19 -0.16450499999999998
698 6 7 20 0.15157400000000001
699 6 8 9 -0.138455
700 6 8 10 -0.2353445
701 6 8 11 -0.032851
702 6 8 12 0.19383999999999998
703 6 8 13 -0.1442555
704 6 8 14 -0.07177000000000001
705 6 8 15 0.13154000000000002
706 6 8 16 -0.140475
707 6 8 17 -0.0495525
708 6 8 18 -0.276445
709 6 8 19 -0.114015
710 6 8 20 0.11931000000000001
711 6 9 10 -0.03897350000000002
712 6 9 11 -0.015874500000000014
713 6 9 12 0.1929265
714 6 9 13 -0.10454100000000002
715 6 9 14 0.1303995
716 6 9 15 0.205844
717 6 9 16 0.41006650000000006
718 6 9 17 0.100389
719 6 9 18 0.09507299999999999
720 6 9 19 -0.0061984999999999965
721 6 9 20 0.07868649999999999
722 6 10 11 0.116944
723 6 10 12 0.03370500000000001
724 6 10 13 0.06432250000000002
725 6 10 14 0.12133000000000001
726 6 10 15 0.25175749999999997
727 6 10 16 0.12297500000000003
728 6 10 17 0.1930975
729 6 10 18 -0.05976499999999998
730 6 10 19 -0.07529000000000001
731 6 10 20 0.19310000000000002
732 6 11 12 0.273466
733 6 11 13 -0.2625915
734 6 11 14 0.077271
735 6 11 15 0.08844050000000002
736 6 11 16 0.06394585
737 6 11 17 0.024068500000000007
738 6 11 18 0.036443500000000004
739 6 11 19 0.03209600000000001
740 6 11 20 0.217141
741 6 12 13 -0.096719
742 6 12 14 -0.020564500000000003
743 6 12 15 -0.03552999999999999
744 6 12 16 -0.10241
745 6 12 17 -0.186268
746 6 12 18 0.002739999999999998
747 6 12 19 -0.1991285
748 6 12 20 0.05863499999999999
749 6 13 14 0.0699535
750 6 13 15 0.21969750000000002
751 6 13 16 0.23190249999999998
752 6 13 17 0.11677500000000002
753 6 13 18 0.004386
754 6 13 19 -0.1825125
755 6 13 20 0.2233425
756 6 14 15 0.139159
757 6 14 16 0.11677500000000002
758 6 14 17 -0.0943945
759 6 14 18 0.10493999999999999
760 6 14 19 -0.279835
761 6 14 20 0.025857499999999995
762 6 15 16 -0.102925
763 6 15 17 -0.16079200000000002
764 6 15 18 -0.146813
765 6 15 19 -0.2397535
766 6 15 20 -0.06485750000000001
767 6 16 17 -0.15760265
768 6 16 18 -0.14263000000000003
769 6 16 19 -0.133815
770 6 16 20 0.018410999999999993
771 6 17 18 -0.0953475
772 6 17 19 -0.16245250000000003
773 6 17 20 0.2373625
774 6 18 19 -0.302025
775 6 18 20 -0.13956500000000002
776 6 19 20 0.36361
777 7 8 9 -0.0269735
778 7 8 10 -0.0586295
779 7 8 11 0.16537250000000003
780 7 8 12 0.065695
781 7 8 13 0.008959
782 7 8 14 0.06320349999999998
783 7 8 15 0.08562499999999999
784 7 8 16 0.08981000000000001
785 7 8 17 0.06998499999999999
786 7 8 18 -0.24550000000000002
787 7 8 19 0.3274
788 7 8 20 0.244646
789 7 9 10 0.026259999999999995
790 7 9 11 0.0708675
791 7 9 12 -0.046699999999999985
792 7 9 13 -0.06280800000000002
793 7 9 14 0.1538915
794 7 9 15 0.04844749999999999
795 7 9 16 0.5288700000000001
796 7 9 17 0.108445
797 7 9 18 0.014536500000000004
798 7 9 19 0.32373500000000005
799 7 9 20 0.092541
800 7 10 11 0.13845250000000003
801 7 10 12 -0.27115500000000003
802 7 10 13 0.040822000000000004
803 7 10 14 0.07958849999999999
804 7 10 15 0.029127499999999997
805 7 10 16 0.176545
806 7 10 17 0.13592
807 7 10 18 -0.20553499999999997
808 7 10 19 0.18941
809 7 10 20 0.141721
810 7 11 12 -0.052902500000000026
811 7 11 13 -0.3076005
812 7 11 14 0.014021000000000006
813 7 11 15 -0.155698
814 7 11 16 0.09600734999999999
815 7 11 17 -0.05461750000000001
816 7 11 18 -0.13083499999999998
817 7 11 19 0.2752875
818 7 11 20 0.14425350000000003
819 7 12 13 0.18464049999999999
820 7 12 14 0.242554
821 7 12 15 0.046699999999999985
822 7 12 16 0.25601999999999997
823 7 12 17 0.061414499999999976
824 7 12 18 0.16183
825 7 12 19 0.3704315
826 7 12 20 0.31211599999999995
827 7 13 14 0.05171250000000001
828 7 13 15 0.020567999999999996
829 7 13 16 0.30897300000000005
830 7 13 17 0.083098
831 7 13 18 -0.11788349999999999
832 7 13 19 0.105688
833 7 13 20 0.19546400000000003
834 7 14 15 -0.04172950000000001
835 7 14 16 0.21208650000000004
836 7 14 17 -0.10983050000000003
837 7 14 18 0.0009115000000000206
838 7 14 19 0.026606499999999998
839 7 14 20 0.016220000000000002
840 7 15 16 0.173275
841 7 15 17 0.004660499999999995
842 7 15 18 -0.069953
843 7 15 19 0.2475765
844 7 15 20 0.10639350000000002
845 7 16 17 -0.26835015
846 7 16 18 -0.34197
847 7 16 19 0.077315
848 7 16 20 -0.086538
849 7 17 18 -0.18394
850 7 17 19 0.159425
851 7 17 20 0.24316100000000002
852 7 18 19 0.108445
853 7 18 20 -0.045174000000000006
854 7 19 20 0.04753100000000002
855 8 9 10 0.05791599999999999
856 8 9 11 -0.1214785
857 8 9 12 -0.13936849999999998
858 8 9 13 -0.09874050000000001
859 8 9 14 0.06371450000000003
860 8 9 15 -0.064151
861 8 9 16 0.4120865
862 8 9 17 0.0114865
863 8 9 18 0.233063
864 8 9 19 -0.030638500000000013
865 8 9 20 -0.1790785
866 8 10 11 -0.0855495
867 8 10 12 -0.3954795
868 8 10 13 -0.02676649999999998
869 8 10 14 -0.04224449999999997
870 8 10 15 -0.11512700000000001
871 8 10 16 0.028105500000000005
872 8 10 17 0.007305500000000009
873 8 10 18 -0.018664499999999997
874 8 10 19 -0.1966195
875 8 10 20 -0.16155450000000002
876 8 11 12 0.04677500000000001
877 8 11 13 -0.15118700000000002
878 8 11 14 0.11619000000000002
879 8 11 15 -0.0759505
880 8 11 16 0.17156985
881 8 11 17 0.04077000000000001
882 8 11 18 0.2800375
883 8 11 19 0.11326
884 8 11 20 0.06498000000000001
885 8 12 13 0.2413765
886 8 12 14 0.24504550000000003
887 8 12 15 0.026769999999999985
888 8 12 16 0.231905
889 8 12 17 0.05712449999999998
890 8 12 18 0.473025
891 8 12 19 0.10872649999999998
892 8 12 20 0.13316499999999998
893 8 13 14 -0.002531999999999973
894 8 13 15 -0.056098
895 8 13 16 0.22812200000000002
896 8 13 17 0.022072
897 8 13 18 0.1365755
898 8 13 19 -0.21275300000000003
899 8 13 20 -0.04022300000000001
900 8 14 15 -0.06415100000000003
901 8 14 16 0.18547999999999998
902 8 14 17 -0.11661200000000004
903 8 14 18 0.309615
904 8 14 19 -0.23759000000000005
905 8 14 20 -0.16522250000000002
906 8 15 16 0.16909000000000005
907 8 15 17 0.020300500000000006
908 8 15 18 0.261172
909 8 15 19 0.005801499999999995
910 8 15 20 -0.05262750000000001
911 8 16 17 -0.24852515
912 8 16 18 -0.006660000000000022
913 8 16 19 -0.16027500000000003
914 8 16 20 -0.24137400000000003
915 8 17 18 0.13154499999999997
916 8 17 19 -0.09799000000000002
917 8 17 20 0.06849999999999999
918 8 18 19 -0.464455
919 8 18 20 -0.5353199999999999
920 8 19 20 0.130285
921 9 10 11 0.09384500000000001
922 9 10 12 -0.198195
923 9 10 13 0.12989000000000003
924 9 10 14 -0.04804300000000001
925 9 10 15 0.006939999999999996
926 9 10 16 -0.32606500000000005
927 9 10 17 0.053735000000000005
928 9 10 18 -0.1938115
929 9 10 19 -0.10806500000000002
930 9 10 20 0.07544
931 9 11 12 0.06466499999999997
932 9 11 13 -0.17392500000000002
933 9 11 14 -0.06900300000000002
934 9 11 15 -0.133278
935 9 11 16 -0.3619951500000001
936 9 11 17 -0.09219499999999999
937 9 11 18 -0.07450399999999999
938 9 11 19 0.02242
939 9 11 20 0.12258000000000001
940 9 12 13 0.20074850000000005
941 9 12 14 0.04196249999999999
942 9 12 15 -0.04844749999999999
943 9 12 16 -0.31955
944 9 12 17 -0.09373050000000001
945 9 12 18 0.1005935
946 9 12 19 -3.4999999999993367e-6
947 9 12 20 0.172875
948 9 13 14 -0.164987
949 9 13 15 -0.0906875
950 9 13 16 -0.2827050000000001
951 9 13 17 -0.08815500000000001
952 9 13 18 -0.195228
953 9 13 19 -0.280855
954 9 13 20 0.04011499999999999
955 9 14 15 0.06371450000000001
956 9 14 16 -0.16289199999999998
957 9 14 17 -0.064384
958 9 14 18 0.14026650000000002
959 9 14 19 -0.14323700000000003
960 9 14 20 0.0775705
961 9 15 16 -0.3071475
962 9 15 17 -0.05533699999999999
963 9 15 18 -0.036042000000000005
964 9 15 19 -0.027711000000000003
965 9 15 20 0.0623
966 9 16 17 0.15207485
967 9 16 18 0.1723635
968 9 16 19 0.2824500000000001
969 9 16 20 0.349791
970 9 17 18 -0.0900315
971 9 17 19 -0.05586500000000001
972 9 17 20 0.25906500000000005
973 9 18 19 -0.20075349999999997
974 9 18 20 -0.1231785
975 9 19 20 0.278725
976 10 11 12 0.35670500000000005
977 10 11 13 -0.20997000000000005
978 10 11 14 0.072885
979 10 11 15 -0.046373
980 10 11 16 0.05791485
981 10 11 17 -0.052085000000000006
982 10 11 18 0.2131525
983 10 11 19 0.22433000000000003
984 10 11 20 0.140985
985 10 12 13 -0.12733650000000002
986 10 12 14 -0.10818950000000002
987 10 12 15 -0.2535825
988 10 12 16 -0.19168000000000002
989 10 12 17 -0.34566050000000004
990 10 12 18 0.09620999999999999
991 10 12 19 -0.0901335
992 10 12 20 -0.10076000000000002
993 10 13 14 0.012946000000000008
994 10 13 15 0.03226250000000002
995 10 13 16 0.17325000000000002
996 10 13 17 -0.01199999999999999
997 10 13 18 0.12847350000000002
998 10 13 19 -0.04289999999999998
999 10 13 20 0.09456500000000001
1000 10 14 15 0.008731500000000003
1001 10 14 16 0.11513
1002 10 14 17 -0.16616200000000003
1003 10 14 18 0.28603500000000004
1004 10 14 19 -0.083215
1005 10 14 20 -0.045912499999999995
1006 10 15 16 0.025857500000000002
1007 10 15 17 -0.10213199999999999
1008 10 15 18 0.16470949999999995
1009 10 15 19 0.08729400000000001
1010 10 15 20 -0.0062
1011 10 16 17 -0.22772515000000002
1012 10 16 18 0.04010999999999998
1013 10 16 19 0.06445000000000001
1014 10 16 20 -0.051714
1015 10 17 18 0.157515
1016 10 17 19 0.105935
1017 10 17 20 0.23736000000000002
1018 10 18 19 -0.2865
1019 10 18 20 -0.39243
1020 10 19 20 0.09522
1021 11 12 13 0.4393384999999999
1022 11 12 14 0.17563049999999997
1023 11 12 15 0.14949549999999998
1024 11 12 16 0.10711014999999999
1025 11 12 17 0.06312949999999998
1026 11 12 18 0.23976249999999996
1027 11 12 19 0.042241499999999974
1028 11 12 20 0.11495999999999998
1029 11 13 14 -0.269909
1030 11 13 15 -0.1313345
1031 11 13 16 -0.09463484999999998
1032 11 13 17 -0.16988499999999998
1033 11 13 18 -0.294649
1034 11 13 19 -0.4772
1035 11 13 20 -0.25639
1036 11 14 15 0.1279895
1037 11 14 16 0.13010015000000003
1038 11 14 17 -0.04119199999999999
1039 11 14 18 0.1457675
1040 11 14 19 -0.23465999999999998
1041 11 14 20 -0.1140125
1042 11 15 16 -0.07843035000000001
1043 11 15 17 -0.09642
1044 11 15 18 -0.09481600000000003
1045 11 15 19 -0.18340900000000002
1046 11 15 20 -0.193558
1047 11 16 17 -0.11772529999999999
1048 11 16 18 -0.11512765000000001
1049 11 16 19 -0.10196514999999999
1050 11 16 20 -0.13478415
1051 11 17 18 -0.10772250000000001
1052 11 17 19 -0.17048000000000002
1053 11 17 20 0.04429
1054 11 18 19 -0.2976775
1055 11 18 20 -0.3202625
1056 11 19 20 0.178565
1057 12 13 14 -0.006200999999999996
1058 12 13 15 0.1585085
1059 12 13 16 0.23759350000000004
1060 12 13 17 0.20632399999999998
1061 12 13 18 -0.09507300000000002
1062 12 13 19 -0.08010300000000001
1063 12 13 20 0.0679885
1064 12 14 15 0.1541245
1065 12 14 16 0.1986205
1066 12 14 17 0.07130900000000001
1067 12 14 18 0.0816355
1068 12 14 19 -0.101271
1069 12 14 20 -0.05334200000000001
1070 12 15 16 -0.036044999999999994
1071 12 15 17 -0.010053999999999997
1072 12 15 18 -0.18508300000000003
1073 12 15 19 -0.076155
1074 12 15 20 -0.15902249999999998
1075 12 16 17 -0.07374465000000001
1076 12 16 18 -0.24778000000000003
1077 12 16 19 -0.0370965
1078 12 16 20 -0.142634
1079 12 17 18 -0.28435550000000004
1080 12 17 19 -0.14959200000000003
1081 12 17 20 -0.007540500000000006
1082 12 18 19 -0.10015649999999998
1083 12 18 20 -0.19546000000000002
1084 12 19 20 0.10584650000000001
1085 13 14 15 -0.010585
1086 13 14 16 -0.04517399999999999
1087 13 14 17 -0.141216
1088 13 14 18 0.17050750000000003
1089 13 14 19 -0.027369
1090 13 14 20 -0.1275315
1091 13 15 16 -0.11513
1092 13 15 17 -0.0578695
1093 13 15 18 0.06849849999999999
1094 13 15 19 0.1624565
1095 13 15 20 -0.06850250000000001
1096 13 16 17 -0.04247515
1097 13 16 18 0.08488649999999999
1098 13 16 19 0.2806
1099 13 16 20 0.02697100000000001
1100 13 17 18 0.01704150000000002
1101 13 17 19 0.136835
1102 13 17 20 0.130795
1103 13 18 19 -0.1151265
1104 13 18 20 -0.35852149999999994
1105 13 19 20 -0.042245
1106 14 15 16 -0.080541
1107 14 15 17 0.07276149999999999
1108 14 15 18 -0.11259400000000003
1109 14 15 19 0.1792405
1110 14 15 20 0.04844400000000001
1111 14 16 17 0.05356685
1112 14 16 18 -0.130795
1113 14 16 19 0.26279500000000006
1114 14 16 20 0.10932850000000001
1115 14 17 18 -0.29468200000000006
1116 14 17 19 0.022987999999999988
1117 14 17 20 0.11711050000000002
1118 14 18 19 0.08275000000000002
1119 14 18 20 -0.060482499999999995
1120 14 19 20 0.057917500000000004
1121 15 16 17 -0.09973565000000002
1122 15 16 18 -0.098742
1123 15 16 19 0.0030135000000000023
1124 15 16 20 -0.019656499999999997
1125 15 17 18 -0.10932650000000001
1126 15 17 19 -0.08349100000000001
1127 15 17 20 0.141428
1128 15 18 19 -0.20908449999999998
1129 15 18 20 -0.2215205
1130 15 19 20 0.188714
1131 16 17 18 -0.11032014999999999
1132 16 17 19 -0.18624015000000002
1133 16 17 20 0.06134885
1134 16 18 19 -0.31084
1135 16 18 20 -0.30060600000000004
1136 16 19 20 0.21138400000000002
1137 17 18 19 -0.23491999999999996
1138 17 18 20 -0.47227499999999994
1139 17 19 20 -0.03620500000000002
1140 18 19 20 0.20115
