l i j f[l] s[l] h[l]
1 1 2 -1.7561 0.6958099999999997 -4.440892098500626e-16
2 1 3 -2.9734 0.6958099999999997 -4.440892098500626e-16
3 2 3 3.2488 -0.37168384999999976 -8.881784197001252e-16
4 1 4 -2.5407 0.6958099999999997 -4.440892098500626e-16
5 2 4 -0.53843 -0.37168384999999976 -8.881784197001252e-16
6 3 4 1.9779 3.3986061500000004 -4.440892098500626e-16
7 1 5 -4.1054 0.6958099999999997 -4.440892098500626e-16
8 2 5 0.52532 -0.37168384999999976 -8.881784197001252e-16
9 3 5 -0.92297 3.3986061500000004 -4.440892098500626e-16
10 4 5 -1.2319 -0.11446250000000027 -4.440892098500626e-16
11 1 6 -2.2796 0.6958099999999997 -4.440892098500626e-16
12 2 6 -1.4046 -0.37168384999999976 -8.881784197001252e-16
13 3 6 -0.099267 3.3986061500000004 -4.440892098500626e-16
14 4 6 -3.0911 -0.11446250000000027 -4.440892098500626e-16
15 5 6 1.958 -0.5641025 1.1102230246251565e-16
16 1 7 -2.6879 0.6958099999999997 -4.440892098500626e-16
17 2 7 -1.4004 -0.37168384999999976 -8.881784197001252e-16
18 3 7 -0.67384 3.3986061500000004 -4.440892098500626e-16
19 4 7 -0.3497 -0.11446250000000027 -4.440892098500626e-16
20 5 7 -0.48976 -0.5641025 1.1102230246251565e-16
21 6 7 0.91654 1.8024213499999997 5.551115123125783e-16
22 1 8 -3.0993 0.6958099999999997 -4.440892098500626e-16
23 2 8 -1.8771 -0.37168384999999976 -8.881784197001252e-16
24 3 8 1.3977 3.3986061500000004 -4.440892098500626e-16
25 4 8 0.81332 -0.11446250000000027 -4.440892098500626e-16
26 5 8 -0.85675 -0.5641025 1.1102230246251565e-16
27 6 8 3.0998 1.8024213499999997 5.551115123125783e-16
28 7 8 2.096 -1.1279438500000003 -8.881784197001252e-16
29 1 9 -3.7949 0.6958099999999997 -4.440892098500626e-16
30 2 9 -2.8275 -0.37168384999999976 -8.881784197001252e-16
31 3 9 -1.5859 3.3986061500000004 -4.440892098500626e-16
32 4 9 -4.4813 -0.11446250000000027 -4.440892098500626e-16
33 5 9 -2.0103 -0.5641025 1.1102230246251565e-16
34 6 9 -0.6902 1.8024213499999997 5.551115123125783e-16
35 7 9 -0.89002 -1.1279438500000003 -8.881784197001252e-16
36 8 9 -4.1927 1.05086615 -2.220446049250313e-16
37 1 10 -5.1338 0.6958099999999997 -4.440892098500626e-16
38 2 10 -1.5977 -0.37168384999999976 -8.881784197001252e-16
39 3 10 -4.2712 3.3986061500000004 -4.440892098500626e-16
40 4 10 -4.6569 -0.11446250000000027 -4.440892098500626e-16
41 5 10 -2.5287 -0.5641025 1.1102230246251565e-16
42 6 10 -1.3446 1.8024213499999997 5.551115123125783e-16
43 7 10 -0.38038 -1.1279438500000003 -8.881784197001252e-16
44 8 10 -2.56 1.05086615 -2.220446049250313e-16
45 9 10 2.1936 -0.5472299999999999 -1.6653345369377348e-16
46 1 11 -2.2997 0.6958099999999997 -4.440892098500626e-16
47 2 11 0.9938 -0.37168384999999976 -8.881784197001252e-16
48 3 11 -1.2017 3.3986061500000004 -4.440892098500626e-16
49 4 11 1.5998 -0.11446250000000027 -4.440892098500626e-16
50 5 11 2.1369 -0.5641025 1.1102230246251565e-16
51 6 11 2.2255 1.8024213499999997 5.551115123125783e-16
52 7 11 -2.294 -1.1279438500000003 -8.881784197001252e-16
53 8 11 -0.81454 1.05086615 -2.220446049250313e-16
54 9 11 1.9337 -0.5472299999999999 -1.6653345369377348e-16
55 10 11 0.15999 -0.6806813500000001 -3.3306690738754696e-16
56 1 12 -4.9966 0.6958099999999997 -4.440892098500626e-16
57 2 12 1.3347 -0.37168384999999976 -8.881784197001252e-16
58 3 12 -1.0596 3.3986061500000004 -4.440892098500626e-16
59 4 12 -0.49263 -0.11446250000000027 -4.440892098500626e-16
60 5 12 -0.68246 -0.5641025 1.1102230246251565e-16
61 6 12 0.6282 1.8024213499999997 5.551115123125783e-16
62 7 12 4.2124 -1.1279438500000003 -8.881784197001252e-16
63 8 12 0.23615 1.05086615 -2.220446049250313e-16
64 9 12 1.5729 -0.5472299999999999 -1.6653345369377348e-16
65 10 12 -2.2112 -0.6806813500000001 -3.3306690738754696e-16
66 11 12 0.75911 1.23123485 -1.3322676295501878e-15
67 1 13 -4.6902 0.6958099999999997 -4.440892098500626e-16
68 2 13 -3.7747 -0.37168384999999976 -8.881784197001252e-16
69 3 13 -1.5691 3.3986061500000004 -4.440892098500626e-16
70 4 13 -2.0469 -0.11446250000000027 -4.440892098500626e-16
71 5 13 -0.70925 -0.5641025 1.1102230246251565e-16
72 6 13 -1.46 1.8024213499999997 5.551115123125783e-16
73 7 13 -0.47703 -1.1279438500000003 -8.881784197001252e-16
74 8 13 -3.1882 1.05086615 -2.220446049250313e-16
75 9 13 -2.0704 -0.5472299999999999 -1.6653345369377348e-16
76 10 13 0.99761 -0.6806813500000001 -3.3306690738754696e-16
77 11 13 -3.395 1.23123485 -1.3322676295501878e-15
78 12 13 -0.48881 -0.34567515000000026 -4.440892098500626e-16
79 1 14 -3.0887 0.6958099999999997 -4.440892098500626e-16
80 2 14 -2.2891 -0.37168384999999976 -8.881784197001252e-16
81 3 14 -2.5194 3.3986061500000004 -4.440892098500626e-16
82 4 14 -2.2779 -0.11446250000000027 -4.440892098500626e-16
83 5 14 -4.1775 -0.5641025 1.1102230246251565e-16
84 6 14 -2.2465 1.8024213499999997 5.551115123125783e-16
85 7 14 -2.6193 -1.1279438500000003 -8.881784197001252e-16
86 8 14 -2.9373 1.05086615 -2.220446049250313e-16
87 9 14 2.3269 -0.5472299999999999 -1.6653345369377348e-16
88 10 14 -0.79353 -0.6806813500000001 -3.3306690738754696e-16
89 11 14 -1.0582 1.23123485 -1.3322676295501878e-15
90 12 14 2.4737 -0.34567515000000026 -4.440892098500626e-16
91 13 14 -2.7949 0.8098516999999998 -1.1102230246251565e-16
92 1 15 -3.1912 0.6958099999999997 -4.440892098500626e-16
93 2 15 2.1218 -0.37168384999999976 -8.881784197001252e-16
94 3 15 -0.93018 3.3986061500000004 -4.440892098500626e-16
95 4 15 4.18 -0.11446250000000027 -4.440892098500626e-16
96 5 15 2.1285 -0.5641025 1.1102230246251565e-16
97 6 15 -2.2838 1.8024213499999997 5.551115123125783e-16
98 7 15 1.9291 -1.1279438500000003 -8.881784197001252e-16
99 8 15 -0.73303 1.05086615 -2.220446049250313e-16
100 9 15 2.0061 -0.5472299999999999 -1.6653345369377348e-16
101 10 15 1.0721 -0.6806813500000001 -3.3306690738754696e-16
102 11 15 -0.55285 1.23123485 -1.3322676295501878e-15
103 12 15 2.5166 -0.34567515000000026 -4.440892098500626e-16
104 13 15 2.3155 0.8098516999999998 -1.1102230246251565e-16
105 14 15 4.8215 -2.00650265 -6.661338147750939e-16
106 1 16 -4.2154 0.6958099999999997 -4.440892098500626e-16
107 2 16 -0.59209 -0.37168384999999976 -8.881784197001252e-16
108 3 16 -0.39584 3.3986061500000004 -4.440892098500626e-16
109 4 16 -0.24967 -0.11446250000000027 -4.440892098500626e-16
110 5 16 0.053013 -0.5641025 1.1102230246251565e-16
111 6 16 -2.3151 1.8024213499999997 5.551115123125783e-16
112 7 16 -2.3008 -1.1279438500000003 -8.881784197001252e-16
113 8 16 -2.1282 1.05086615 -2.220446049250313e-16
114 9 16 6.4792 -0.5472299999999999 -1.6653345369377348e-16
115 10 16 0.43329 -0.6806813500000001 -3.3306690738754696e-16
116 11 16 1.8047 1.23123485 -1.3322676295501878e-15
117 12 16 0.84002 -0.34567515000000026 -4.440892098500626e-16
118 13 16 2.3267 0.8098516999999998 -1.1102230246251565e-16
119 14 16 0.20452 -2.00650265 -6.661338147750939e-16
120 15 16 -2.1066 2.4913787 -1.1102230246251565e-16
121 1 17 -4.3054 0.6958099999999997 -4.440892098500626e-16
122 2 17 -1.2214 -0.37168384999999976 -8.881784197001252e-16
123 3 17 -1.6441 3.3986061500000004 -4.440892098500626e-16
124 4 17 -2.6599 -0.11446250000000027 -4.440892098500626e-16
125 5 17 -0.79502 -0.5641025 1.1102230246251565e-16
126 6 17 0.31444 1.8024213499999997 5.551115123125783e-16
127 7 17 -1.2962 -1.1279438500000003 -8.881784197001252e-16
128 8 17 -2.51 1.05086615 -2.220446049250313e-16
129 9 17 2.1643 -0.5472299999999999 -1.6653345369377348e-16
130 10 17 1.2057 -0.6806813500000001 -3.3306690738754696e-16
131 11 17 1.8415 1.23123485 -1.3322676295501878e-15
132 12 17 -1.3891 -0.34567515000000026 -4.440892098500626e-16
133 13 17 1.4883 0.8098516999999998 -1.1102230246251565e-16
134 14 17 0.47541 -2.00650265 -6.661338147750939e-16
135 15 17 -0.69799 2.4913787 -1.1102230246251565e-16
136 16 17 0.56027 0.3520635 -4.440892098500626e-16
137 1 18 -5.3726 0.6958099999999997 -4.440892098500626e-16
138 2 18 -4.7668 -0.37168384999999976 -8.881784197001252e-16
139 3 18 -0.74931 3.3986061500000004 -4.440892098500626e-16
140 4 18 -1.4143 -0.11446250000000027 -4.440892098500626e-16
141 5 18 -2.1293 -0.5641025 1.1102230246251565e-16
142 6 18 -0.70702 1.8024213499999997 5.551115123125783e-16
143 7 18 -0.71346 -1.1279438500000003 -8.881784197001252e-16
144 8 18 -3.9253 1.05086615 -2.220446049250313e-16
145 9 18 4.1332 -0.5472299999999999 -1.6653345369377348e-16
146 10 18 -0.84049 -0.6806813500000001 -3.3306690738754696e-16
147 11 18 -0.80219 1.23123485 -1.3322676295501878e-15
148 12 18 -0.38623 -0.34567515000000026 -4.440892098500626e-16
149 13 18 -0.39557 0.8098516999999998 -1.1102230246251565e-16
150 14 18 -1.2401 -2.00650265 -6.661338147750939e-16
151 15 18 -1.5013 2.4913787 -1.1102230246251565e-16
152 16 18 0.88949 0.3520635 -4.440892098500626e-16
153 17 18 -2.0891 -0.8123465000000001 -2.220446049250313e-16
154 1 19 -3.8892 0.6958099999999997 -4.440892098500626e-16
155 2 19 -3.4028 -0.37168384999999976 -8.881784197001252e-16
156 3 19 -1.3373 3.3986061500000004 -4.440892098500626e-16
157 4 19 -2.2084 -0.11446250000000027 -4.440892098500626e-16
158 5 19 -3.4927 -0.5641025 1.1102230246251565e-16
159 6 19 1.757 1.8024213499999997 5.551115123125783e-16
160 7 19 -4.8441 -1.1279438500000003 -8.881784197001252e-16
161 8 19 -3.6531 1.05086615 -2.220446049250313e-16
162 9 19 2.9606 -0.5472299999999999 -1.6653345369377348e-16
163 10 19 -2.4544 -0.6806813500000001 -3.3306690738754696e-16
164 11 19 -0.55384 1.23123485 -1.3322676295501878e-15
165 12 19 -0.38274 -0.34567515000000026 -4.440892098500626e-16
166 13 19 -1.3834 0.8098516999999998 -1.1102230246251565e-16
167 14 19 -0.86306 -2.00650265 -6.661338147750939e-16
168 15 19 -4.7302 2.4913787 -1.1102230246251565e-16
169 16 19 -0.26453 0.3520635 -4.440892098500626e-16
170 17 19 -1.4548 -0.8123465000000001 -2.220446049250313e-16
171 18 19 -2.3875 -0.23559264999999996 -5.551115123125783e-17
172 1 20 -3.3535 0.6958099999999997 -4.440892098500626e-16
173 2 20 -3.0233 -0.37168384999999976 -8.881784197001252e-16
174 3 20 0.12023 3.3986061500000004 -4.440892098500626e-16
175 4 20 -1.7826 -0.11446250000000027 -4.440892098500626e-16
176 5 20 -2.3641 -0.5641025 1.1102230246251565e-16
177 6 20 -0.36773 1.8024213499999997 5.551115123125783e-16
178 7 20 -4.0816 -1.1279438500000003 -8.881784197001252e-16
179 8 20 1.8675 1.05086615 -2.220446049250313e-16
180 9 20 -0.16514 -0.5472299999999999 -1.6653345369377348e-16
181 10 20 2.0759 -0.6806813500000001 -3.3306690738754696e-16
182 11 20 0.96739 1.23123485 -1.3322676295501878e-15
183 12 20 0.70946 -0.34567515000000026 -4.440892098500626e-16
184 13 20 -0.046027 0.8098516999999998 -1.1102230246251565e-16
185 14 20 -2.2016 -2.00650265 -6.661338147750939e-16
186 15 20 -3.0186 2.4913787 -1.1102230246251565e-16
187 16 20 0.58459 0.3520635 -4.440892098500626e-16
188 17 20 -0.3955 -0.8123465000000001 -2.220446049250313e-16
189 18 20 -1.6309 -0.23559264999999996 -5.551115123125783e-17
190 19 20 2.0137 0.2640259999999999 -2.220446049250313e-16
