t i j k u[t]
1 1 2 3 0.2033444444444445
2 1 2 4 -0.03189666666666667
3 1 2 5 -0.09290500000000002
4 1 2 6 0.1382555555555556
5 1 2 7 0.2565666666666667
6 1 2 8 -0.3272383333333334
7 1 2 9 0.22456666666666675
8 1 2 10 0.06409277777777778
9 1 2 11 0.18717777777777786
10 1 2 12 0.2521888888888889
11 1 2 13 0.22071777777777782
12 1 2 14 0.031033333333333343
13 1 2 15 0.1623294444444445
14 1 2 16 0.29127222222222227
15 1 2 17 0.35477777777777786
16 1 2 18 0.10040555555555561
17 1 3 4 -0.21056722222222227
18 1 3 5 -0.21493388888888895
19 1 3 6 0.005477777777777768
20 1 3 7 -0.16566666666666668
21 1 3 8 -0.25267111111111124
22 1 3 9 0.017269999999999997
23 1 3 10 -0.12303888888888895
24 1 3 11 -0.1878944444444445
25 1 3 12 -0.0004261111111111457
26 1 3 13 0.06497777777777777
27 1 3 14 -0.1225444444444445
28 1 3 15 -0.14736666666666673
29 1 3 16 0.04083666666666665
30 1 3 17 0.10542333333333335
31 1 3 18 0.04261500000000001
32 1 4 5 -0.1759972222222223
33 1 4 6 -0.031531111111111135
34 1 4 7 0.1737300000000001
35 1 4 8 -0.13559111111111116
36 1 4 9 0.11427555555555559
37 1 4 10 0.008257777777777748
38 1 4 11 0.09186888888888893
39 1 4 12 0.08007444444444448
40 1 4 13 0.10840777777777777
41 1 4 14 -0.20537000000000005
42 1 4 15 -0.02796444444444449
43 1 4 16 0.1984244444444445
44 1 4 17 0.3360500000000001
45 1 4 18 0.18415777777777786
46 1 5 6 0.020399444444444446
47 1 5 7 0.23174388888888894
48 1 5 8 -0.017553333333333337
49 1 5 9 0.2590083333333334
50 1 5 10 0.03227722222222218
51 1 5 11 0.244205
52 1 5 12 0.10208833333333331
53 1 5 13 0.3619272222222223
54 1 5 14 0.031182777777777764
55 1 5 15 0.06919388888888887
56 1 5 16 0.2684161111111112
57 1 5 17 0.4133605555555556
58 1 5 18 0.115805
59 1 6 7 -0.003383333333333319
60 1 6 8 -0.32543833333333344
61 1 6 9 0.02235000000000001
62 1 6 10 -0.16866666666666674
63 1 6 11 0.05668888888888891
64 1 6 12 -0.03012777777777781
65 1 6 13 0.16526111111111114
66 1 6 14 -0.035377777777777786
67 1 6 15 -0.13210555555555561
68 1 6 16 0.07172222222222224
69 1 6 17 -0.03793333333333331
70 1 6 18 0.10947222222222228
71 1 7 8 -0.1360494444444445
72 1 7 9 0.06283333333333334
73 1 7 10 -0.06065111111111116
74 1 7 11 0.04871666666666666
75 1 7 12 0.07367222222222221
76 1 7 13 0.1549638888888889
77 1 7 14 -0.1083944444444445
78 1 7 15 0.015377777777777763
79 1 7 16 0.07621666666666665
80 1 7 17 0.2689222222222223
81 1 7 18 0.1837055555555556
82 1 8 9 0.40688277777777787
83 1 8 10 0.2632783333333334
84 1 8 11 0.3378716666666668
85 1 8 12 0.09051611111111114
86 1 8 13 0.45754500000000015
87 1 8 14 0.20712166666666673
88 1 8 15 0.2919777777777779
89 1 8 16 0.4035000000000001
90 1 8 17 0.613093888888889
91 1 8 18 0.36002944444444457
92 1 9 10 0.06126055555555555
93 1 9 11 0.013866666666666659
94 1 9 12 0.19489444444444445
95 1 9 13 0.14825500000000003
96 1 9 14 0.05604111111111111
97 1 9 15 -0.014255555555555568
98 1 9 16 -0.011500000000000019
99 1 9 17 0.1197032777777778
100 1 9 18 0.012983333333333338
101 1 10 11 0.11515000000000003
102 1 10 12 -0.022477777777777777
103 1 10 13 0.2920333333333334
104 1 10 14 0.011913888888888904
105 1 10 15 -0.1933777777777778
106 1 10 16 0.23071111111111117
107 1 10 17 0.08461222222222228
108 1 10 18 0.21841666666666673
109 1 11 12 -0.07003333333333335
110 1 11 13 0.006238888888888882
111 1 11 14 -0.17791666666666672
112 1 11 15 0.1823277777777778
113 1 11 16 0.23942222222222223
114 1 11 17 0.005400000000000023
115 1 11 18 0.057912222222222254
116 1 12 13 0.18837777777777784
117 1 12 14 -0.24480000000000005
118 1 12 15 0.09437777777777782
119 1 12 16 -0.06868888888888891
120 1 12 17 -0.10280555555555555
121 1 12 18 0.19767777777777784
122 1 13 14 -0.11973000000000003
123 1 13 15 -0.048049999999999995
124 1 13 16 -0.1356127777777778
125 1 13 17 -0.03116444444444442
126 1 13 18 -0.15990555555555555
127 1 14 15 0.005705000000000004
128 1 14 16 0.023722222222222217
129 1 14 17 0.09434661111111117
130 1 14 18 -0.08274444444444445
131 1 15 16 0.03196611111111111
132 1 15 17 0.2595611111111112
133 1 15 18 0.023073444444444466
134 1 16 17 0.07511666666666672
135 1 16 18 -0.08846666666666667
136 1 17 18 0.18732222222222225
137 2 3 4 0.02467388888888888
138 2 3 5 0.08131555555555557
139 2 3 6 0.07056666666666668
140 2 3 7 -0.21888888888888894
141 2 3 8 0.27791166666666667
142 2 3 9 -0.0039522222222222346
143 2 3 10 0.01621277777777778
144 2 3 11 -0.1717277777777778
145 2 3 12 -0.04927055555555558
146 2 3 13 0.04760444444444445
147 2 3 14 0.049766666666666674
148 2 3 15 -0.10635166666666672
149 2 3 16 -0.047091111111111125
150 2 3 17 -0.04601000000000003
151 2 3 18 0.14555388888888893
152 2 4 5 -0.1149888888888889
153 2 4 6 -0.20168333333333338
154 2 4 7 -0.11473333333333335
155 2 4 8 0.1597505555555556
156 2 4 9 -0.1421877777777778
157 2 4 10 -0.08773166666666671
158 2 4 11 -0.12720555555555557
159 2 4 12 -0.20401111111111114
160 2 4 13 -0.1442066666666667
161 2 4 14 -0.26830000000000004
162 2 4 15 -0.2221905555555556
163 2 4 16 -0.12474444444444448
164 2 4 17 -0.050624444444444465
165 2 4 18 0.051855555555555585
166 2 5 6 -0.21076111111111118
167 2 5 7 -0.1177277777777778
168 2 5 8 0.21678000000000008
169 2 5 9 -0.05846333333333335
170 2 5 10 -0.12472055555555561
171 2 5 11 -0.035877777777777786
172 2 5 12 -0.2430055555555556
173 2 5 13 0.04830444444444444
174 2 5 14 -0.09275555555555558
175 2 5 15 -0.1860405555555556
176 2 5 16 -0.11576111111111113
177 2 5 17 -0.034322222222222254
178 2 5 18 -0.07750555555555559
179 2 6 7 -0.12169444444444448
180 2 6 8 0.14005555555555557
181 2 6 9 -0.06396111111111114
182 2 6 10 -0.09450388888888892
183 2 6 11 0.007766666666666665
184 2 6 12 -0.14406111111111114
185 2 6 13 0.08279888888888892
186 2 6 14 0.07184444444444445
187 2 6 15 -0.1561794444444445
188 2 6 16 -0.08129444444444445
189 2 6 17 -0.2544555555555556
190 2 6 18 0.14732222222222224
191 2 7 8 0.44775555555555563
192 2 7 9 0.09483333333333335
193 2 7 10 0.13182277777777782
194 2 7 11 0.11810555555555556
195 2 7 12 0.07805000000000002
196 2 7 13 0.1908127777777778
197 2 7 14 0.11713888888888893
198 2 7 15 0.10961500000000002
199 2 7 16 0.041511111111111124
200 2 7 17 0.17071111111111115
201 2 7 18 0.3398666666666667
202 2 8 9 -0.14492222222222223
203 2 8 10 -0.1280527777777778
204 2 8 11 -0.1765444444444445
205 2 8 12 -0.48891111111111124
206 2 8 13 -0.09041111111111112
207 2 8 14 -0.15115000000000003
208 2 8 15 -0.19759000000000004
209 2 8 16 -0.21501055555555562
210 2 8 17 -0.06892222222222227
211 2 8 18 -0.06761444444444446
212 2 9 10 0.22173444444444454
213 2 9 11 0.051255555555555575
214 2 9 12 0.16727222222222227
215 2 9 13 0.15210388888888893
216 2 9 14 0.24957444444444454
217 2 9 15 0.04798166666666667
218 2 9 16 -0.07820555555555556
219 2 9 17 -0.010507833333333346
220 2 9 18 0.1371444444444445
221 2 10 11 -0.00793499999999999
222 2 10 12 -0.21057388888888895
223 2 10 13 0.13540833333333335
224 2 10 14 0.044973333333333344
225 2 10 15 -0.2916144444444445
226 2 10 16 0.003531666666666662
227 2 10 17 -0.20607277777777785
228 2 10 18 0.18210388888888893
229 2 11 12 -0.13504444444444447
230 2 11 13 -0.027301111111111116
231 2 11 14 -0.021772222222222238
232 2 11 15 0.20717611111111117
233 2 11 16 0.13532777777777782
234 2 11 17 -0.16220000000000004
235 2 11 18 0.14468444444444448
236 2 12 13 0.21984888888888893
237 2 12 14 -0.02364444444444446
238 2 12 15 0.18423722222222225
239 2 12 16 -0.10777222222222226
240 2 12 17 -0.2053944444444445
241 2 12 18 0.3494611111111112
242 2 13 14 0.06995444444444444
243 2 13 15 0.01033833333333333
244 2 13 16 -0.20616722222222228
245 2 13 17 -0.16522444444444453
246 2 13 18 -0.03959333333333334
247 2 14 15 -0.12559111111111115
248 2 14 16 -0.2365166666666667
249 2 14 17 -0.22939783333333344
250 2 14 18 -0.1521166666666667
251 2 15 16 -0.09697666666666667
252 2 15 17 0.06711277777777779
253 2 15 18 0.08499733333333334
254 2 16 17 0.011611111111111093
255 2 16 18 0.1024
256 2 17 18 0.4416944444444445
257 3 4 5 -0.17163055555555562
258 3 4 6 -0.24757611111111116
259 3 4 7 0.12882944444444447
260 3 4 8 -0.09348722222222225
261 3 4 9 -0.11356166666666669
262 3 4 10 -0.07927055555555558
263 3 4 11 0.06919611111111112
264 3 4 12 -0.13006666666666666
265 3 4 13 -0.16713722222222227
266 3 4 14 -0.29339277777777784
267 3 4 15 -0.09116500000000001
268 3 4 16 -0.05297944444444446
269 3 4 17 0.02005944444444445
270 3 4 18 -0.06902444444444446
271 3 5 6 -0.20001222222222229
272 3 5 7 0.18247666666666668
273 3 5 8 0.020183888888888894
274 3 5 9 0.02680444444444445
275 3 5 10 -0.059617777777777804
276 3 5 11 0.21716555555555564
277 3 5 12 -0.11241944444444449
278 3 5 13 0.08201555555555558
279 3 5 14 -0.061206666666666666
280 3 5 15 0.0016266666666666656
281 3 5 16 0.012645555555555568
282 3 5 17 0.09300333333333335
283 3 5 18 -0.14174388888888892
284 3 6 7 0.16776111111111114
285 3 6 8 -0.06728944444444446
286 3 6 9 0.01055777777777778
287 3 6 10 -0.04015000000000004
288 3 6 11 0.2500611111111111
289 3 6 12 -0.024223888888888902
290 3 6 13 0.10576111111111115
291 3 6 14 0.09264444444444447
292 3 6 15 0.020738888888888914
293 3 6 16 0.036363333333333366
294 3 6 17 -0.1378788888888889
295 3 6 18 0.07233500000000002
296 3 7 8 -0.04904500000000002
297 3 7 9 -0.12010333333333335
298 3 7 10 -0.10327888888888892
299 3 7 11 0.07094444444444448
300 3 7 12 -0.09156833333333335
301 3 7 13 -0.07568055555555557
302 3 7 14 -0.1515166666666667
303 3 7 15 -0.0029222222222222
304 3 7 16 -0.1302866666666667
305 3 7 17 -0.0021677777777777936
306 3 7 18 -0.024576111111111115
307 3 8 9 0.1369416666666667
308 3 8 10 0.13364611111111113
309 3 8 11 0.2730950000000001
310 3 8 12 -0.1617288888888889
311 3 8 13 0.13989611111111114
312 3 8 14 0.07699500000000002
313 3 8 15 0.18667333333333339
314 3 8 16 0.10999222222222224
315 3 8 17 0.2549994444444445
316 3 8 18 0.06474333333333333
317 3 9 10 0.20156944444444447
318 3 9 11 0.21903111111111118
319 3 9 12 0.21259055555555562
320 3 9 13 0.10054722222222225
321 3 9 14 0.19585555555555562
322 3 9 15 0.15038111111111113
323 3 9 16 -0.03506666666666666
324 3 9 17 0.03154994444444445
325 3 9 18 -0.012361666666666668
326 3 10 11 0.1800055555555556
327 3 10 12 -0.14509055555555558
328 3 10 13 0.10401666666666669
329 3 10 14 0.011419444444444453
330 3 10 15 -0.16905
331 3 10 16 0.06683555555555558
332 3 10 17 -0.14385
333 3 10 18 0.0527627777777778
334 3 11 12 -0.25750166666666674
335 3 11 13 -0.2466333333333334
336 3 11 14 -0.24326666666666674
337 3 11 15 0.14180000000000004
338 3 11 16 0.01069111111111111
339 3 11 17 -0.2879177777777779
340 3 11 18 -0.17259722222222226
341 3 12 13 0.12297388888888892
342 3 12 14 -0.12268166666666669
343 3 12 15 0.24131833333333344
344 3 12 16 -0.10995166666666668
345 3 12 17 -0.20865500000000006
346 3 12 18 0.1546366666666667
347 3 13 14 0.06779222222222224
348 3 13 15 0.1642944444444445
349 3 13 16 -0.11147166666666668
350 3 13 17 -0.07161000000000001
351 3 13 18 -0.1375427777777778
352 3 14 15 0.030527222222222237
353 3 14 16 -0.13965888888888894
354 3 14 17 -0.13362116666666668
355 3 14 18 -0.24790388888888898
356 3 15 16 -0.15623722222222228
357 3 15 17 0.006771111111111112
358 3 15 18 -0.1669082222222223
359 3 16 17 0.01053
360 3 16 18 -0.09024500000000003
361 3 17 18 0.25013055555555563
362 4 5 6 -0.1240666666666667
363 4 5 7 -0.11798333333333338
364 4 5 8 -0.05795944444444447
365 4 5 9 -0.03126444444444446
366 4 5 10 -0.15197777777777782
367 4 5 11 -0.023661111111111122
368 4 5 12 -0.1539833333333334
369 4 5 13 0.07752222222222224
370 4 5 14 0.060555555555555564
371 4 5 15 -0.07883888888888893
372 4 5 16 -0.10600555555555559
373 4 5 17 -0.0986866666666667
374 4 5 18 -0.2443500000000001
375 4 6 7 -0.20864444444444452
376 4 6 8 -0.2213783333333334
377 4 6 9 -0.12345666666666669
378 4 6 10 -0.20845555555555562
379 4 6 11 -0.06671111111111114
380 4 6 12 -0.1417333333333334
381 4 6 13 0.02532222222222223
382 4 6 14 0.13846111111111115
383 4 6 15 -0.13567222222222228
384 4 6 16 -0.1582333333333334
385 4 6 17 -0.40551444444444457
386 4 6 18 -0.10621666666666671
387 4 7 8 0.1732716666666667
388 4 7 9 0.1222877777777778
389 4 7 10 0.10482111111111113
390 4 7 11 0.13057777777777782
391 4 7 12 0.1673277777777778
392 4 7 13 0.22028611111111115
393 4 7 14 0.27070555555555564
394 4 7 15 0.21707222222222228
395 4 7 16 0.05152222222222223
396 4 7 17 0.10660222222222224
397 4 7 18 0.1732777777777778
398 4 8 9 0.15701611111111116
399 4 8 10 0.11942944444444449
400 4 8 11 0.11041166666666669
401 4 8 12 -0.12514944444444448
402 4 8 13 0.21354611111111116
403 4 8 14 0.2769005555555556
404 4 8 15 0.1843511111111112
405 4 8 16 0.06948444444444446
406 4 8 17 0.1414527777777778
407 4 8 18 0.04028055555555556
408 4 9 10 0.1672783333333334
409 4 9 11 0.03627333333333335
410 4 9 12 0.22909555555555558
411 4 9 13 0.15412277777777783
412 4 9 14 0.3756866666666667
413 4 9 15 0.12798444444444448
414 4 9 16 -0.09564888888888891
415 4 9 17 -0.10207116666666669
416 4 9 18 -0.0568988888888889
417 4 10 11 0.0315388888888889
418 4 10 12 -0.09429444444444449
419 4 10 13 0.19188333333333338
420 4 10 14 0.22554166666666675
421 4 10 15 -0.15715555555555558
422 4 10 16 0.040544444444444445
423 4 10 17 -0.2431800000000001
424 4 10 18 0.04251666666666667
425 4 11 12 -0.058238888888888916
426 4 11 13 -0.010300000000000002
427 4 11 14 0.11932222222222223
428 4 11 15 0.3021611111111112
429 4 11 16 0.13286666666666666
430 4 11 17 -0.23878111111111117
431 4 11 18 -0.03437666666666668
432 4 12 13 0.16004444444444452
433 4 12 14 0.04064444444444446
434 4 12 15 0.20241666666666674
435 4 12 16 -0.18703888888888892
436 4 12 17 -0.35878111111111116
437 4 12 18 0.09359444444444448
438 4 13 14 0.19404777777777782
439 4 13 15 0.08832222222222225
440 4 13 16 -0.2256294444444445
441 4 13 17 -0.25880666666666674
442 4 13 18 -0.23565555555555562
443 4 14 15 -0.1717005555555556
444 4 14 16 -0.3800722222222223
445 4 14 17 -0.447073388888889
446 4 14 18 -0.4722722222222223
447 4 15 16 -0.19442277777777783
448 4 15 17 -0.10445333333333336
449 4 15 18 -0.18904877777777784
450 4 16 17 -0.06250888888888892
451 4 16 18 -0.07420000000000003
452 4 17 18 0.33921444444444454
453 5 6 7 -0.21472777777777782
454 5 6 8 -0.2874855555555556
455 5 6 9 -0.21625888888888894
456 5 6 10 -0.1805444444444445
457 5 6 11 -0.16711666666666672
458 5 6 12 -0.1118166666666667
459 5 6 13 -0.1762666666666667
460 5 6 14 -0.04616111111111113
461 5 6 15 -0.18090000000000003
462 5 6 16 -0.1762944444444445
463 5 6 17 -0.4308944444444445
464 5 6 18 0.014066666666666675
465 5 7 8 0.11324777777777781
466 5 7 9 0.03556888888888889
467 5 7 10 0.1388155555555556
468 5 7 11 0.03625555555555556
469 5 7 12 0.20332777777777786
470 5 7 13 0.02478055555555556
471 5 7 14 0.09216666666666666
472 5 7 15 0.17792777777777782
473 5 7 16 0.03954444444444445
474 5 7 17 0.08730555555555557
475 5 7 18 0.2996444444444445
476 5 8 9 0.13032111111111114
477 5 8 10 0.21344777777777785
478 5 8 11 0.07611333333333335
479 5 8 12 -0.029125555555555533
480 5 8 13 0.07806444444444446
481 5 8 14 0.1583855555555556
482 5 8 15 0.20523055555555564
483 5 8 16 0.11753055555555558
484 5 8 17 0.18218000000000006
485 5 8 18 0.2266711111111112
486 5 9 10 0.28799166666666676
487 5 9 11 0.02867000000000002
488 5 9 12 0.35181444444444454
489 5 9 13 0.04533611111111112
490 5 9 14 0.28386666666666677
491 5 9 15 0.17555888888888896
492 5 9 16 -0.020907777777777775
493 5 9 17 -0.03464894444444445
494 5 9 18 0.15618666666666672
495 5 10 11 -0.09677777777777781
496 5 10 12 -0.0922888888888889
497 5 10 13 -0.03761666666666669
498 5 10 14 0.013008333333333316
499 5 10 15 -0.23029444444444447
500 5 10 16 -0.00542777777777781
501 5 10 17 -0.2964711111111112
502 5 10 18 0.13488888888888892
503 5 11 12 0.07208333333333337
504 5 11 13 -0.11148333333333336
505 5 11 14 0.035105555555555557
506 5 11 15 0.357338888888889
507 5 11 16 0.21521111111111116
508 5 11 17 -0.1637555555555556
509 5 11 18 0.1863122222222223
510 5 12 13 -0.07146111111111114
511 5 12 14 -0.17389444444444452
512 5 12 15 0.12727222222222226
513 5 12 16 -0.2350166666666667
514 5 12 17 -0.4140777777777779
515 5 12 18 0.18396111111111116
516 5 13 14 0.2110144444444445
517 5 13 15 0.2446833333333334
518 5 13 16 -0.042101666666666676
519 5 13 17 -0.08259777777777781
520 5 13 18 0.0862166666666667
521 5 14 15 -0.0323061111111111
522 5 14 16 -0.21351111111111118
523 5 14 17 -0.28783116666666675
524 5 14 18 -0.1673666666666667
525 5 15 16 -0.1672561111111112
526 5 15 17 -0.08460555555555557
527 5 15 18 -0.023537666666666675
528 5 16 17 -0.0698277777777778
529 5 16 18 0.06414444444444448
530 5 17 18 0.4848777777777779
531 6 7 8 0.18600555555555562
532 6 7 9 0.03710000000000001
533 6 7 10 0.10463222222222225
534 6 7 11 -0.011355555555555565
535 6 7 12 0.1004166666666667
536 6 7 13 -0.01368055555555557
537 6 7 14 -0.07640000000000004
538 6 7 15 0.14410000000000003
539 6 7 16 0.0011111111111111
540 6 7 17 0.30347222222222225
541 6 7 18 0.07085
542 6 8 9 0.05909444444444446
543 6 8 10 0.10650666666666671
544 6 8 11 -0.04425555555555557
545 6 8 12 -0.2047944444444445
546 6 8 13 -0.033154444444444466
547 6 8 14 -0.08293888888888892
548 6 8 15 0.09864500000000004
549 6 8 16 0.006339444444444436
550 6 8 17 0.325588888888889
551 6 8 18 -0.07488111111111115
552 6 9 10 0.25227722222222226
553 6 9 11 -0.02047222222222223
554 6 9 12 0.2473722222222223
555 6 9 13 0.005343888888888878
556 6 9 14 0.11376888888888892
557 6 9 15 0.14020000000000005
558 6 9 16 -0.060872222222222244
559 6 9 17 0.1799866111111111
560 6 9 18 -0.07413888888888892
561 6 10 11 -0.11020555555555558
562 6 10 12 -0.1610166666666667
563 6 10 13 -0.04189444444444446
564 6 10 14 -0.12137500000000004
565 6 10 15 -0.22993888888888891
566 6 10 16 -0.009677777777777799
567 6 10 17 -0.04612111111111115
568 6 10 18 -0.059722222222222246
569 6 11 12 0.01678333333333335
570 6 11 13 -0.10233333333333336
571 6 11 14 -0.08585000000000002
572 6 11 15 0.3711222222222223
573 6 11 16 0.22438888888888892
574 6 11 17 0.10002222222222223
575 6 11 18 0.005128888888888885
576 6 12 13 -0.007011111111111129
577 6 12 14 -0.23955000000000004
578 6 12 15 0.19635555555555562
579 6 12 16 -0.1705388888888889
580 6 12 17 -0.09500000000000006
581 6 12 18 0.058077777777777784
582 6 13 14 0.08090888888888892
583 6 13 15 0.24931666666666677
584 6 13 16 -0.0420738888888889
585 6 13 17 0.17203000000000007
586 6 13 18 -0.10411666666666668
587 6 14 15 0.10243277777777782
588 6 14 16 -0.0833777777777778
589 6 14 17 0.09690216666666668
590 6 14 18 -0.22759444444444452
591 6 15 16 -0.17186166666666675
592 6 15 17 0.1653888888888889
593 6 15 18 -0.21850433333333344
594 6 16 17 0.18477222222222225
595 6 16 18 -0.1262166666666667
596 6 17 18 0.039916666666666684
597 7 8 9 0.20800000000000005
598 7 8 10 0.18788000000000005
599 7 8 11 0.1531055555555556
600 7 8 12 -0.11920555555555558
601 7 8 13 0.1665316666666667
602 7 8 14 0.1794666666666667
603 7 8 15 0.1405505555555556
604 7 8 16 0.19123388888888895
605 7 8 17 0.2081222222222223
606 7 8 18 0.04027444444444447
607 7 9 10 0.18474500000000005
608 7 9 11 0.027983333333333343
609 7 9 12 0.1840555555555556
610 7 9 13 0.05612444444444446
611 7 9 14 0.22726888888888894
612 7 9 15 0.0332
613 7 9 16 -0.024883333333333337
614 7 9 17 -0.08638561111111112
615 7 9 18 -0.10788888888888891
616 7 10 11 0.005782222222222233
617 7 10 12 -0.15680111111111114
618 7 10 13 0.07641833333333335
619 7 10 14 0.059657222222222236
620 7 10 15 -0.26940666666666674
621 7 10 16 0.09384333333333335
622 7 10 17 -0.24496111111111116
623 7 10 18 -0.025940000000000005
624 7 11 12 -0.0949888888888889
625 7 11 13 -0.10000833333333335
626 7 11 14 -0.02080555555555555
627 7 11 15 0.21566666666666673
628 7 11 16 0.21192222222222223
629 7 11 17 -0.21480555555555558
630 7 11 18 -0.07707666666666667
631 7 12 13 0.10708611111111113
632 7 12 14 -0.06273333333333335
633 7 12 15 0.15267222222222226
634 7 12 16 -0.07123333333333336
635 7 12 17 -0.29805555555555563
636 7 12 18 0.08764444444444448
637 7 13 14 0.14362833333333339
638 7 13 15 0.09153611111111112
639 7 13 16 -0.056865555555555565
640 7 13 17 -0.14512277777777782
641 7 13 18 -0.18864722222222224
642 7 14 15 -0.11806722222222224
643 7 14 16 -0.16088888888888894
644 7 14 17 -0.28297005555555566
645 7 14 18 -0.37484444444444454
646 7 15 16 -0.028872777777777785
647 7 15 17 0.006016666666666684
648 7 15 18 -0.14525433333333335
649 7 16 17 -0.11758888888888888
650 7 16 18 -0.19595555555555558
651 7 17 18 0.27253888888888894
652 8 9 10 0.20486500000000005
653 8 9 11 0.08287777777777781
654 8 9 12 0.5112611111111112
655 8 9 13 0.0975927777777778
656 8 9 14 0.2558022222222223
657 8 9 15 0.10064944444444446
658 8 9 16 -0.00811722222222221
659 8 9 17 -0.08650783333333335
660 8 9 18 0.059836666666666684
661 8 10 11 0.040556666666666685
662 8 10 12 0.15028444444444447
663 8 10 13 0.0977666666666667
664 8 10 14 0.06807055555555558
665 8 10 15 -0.2220772222222223
666 8 10 16 0.09048944444444447
667 8 10 17 -0.26520333333333346
668 8 10 18 0.12166555555555561
669 8 11 12 0.17732222222222227
670 8 11 13 -0.11343444444444446
671 8 11 14 -0.04716666666666669
672 8 11 15 0.2282216666666667
673 8 11 16 0.17379388888888891
674 8 11 17 -0.26982222222222224
675 8 11 18 0.03575444444444446
676 8 12 13 -0.17865111111111115
677 8 12 14 -0.36140555555555565
678 8 12 15 -0.10708388888888891
679 8 12 16 -0.38167277777777786
680 8 12 17 -0.6253833333333335
681 8 12 18 -0.07183555555555557
682 8 13 14 0.13069333333333336
683 8 13 15 0.11751722222222225
684 8 13 16 -0.0815677777777778
685 8 13 17 -0.18671333333333343
686 8 13 18 -0.062390000000000015
687 8 14 15 -0.07915111111111113
688 8 14 16 -0.17265611111111112
689 8 14 17 -0.3116256111111112
690 8 14 18 -0.2356522222222223
691 8 15 16 -0.07955611111111113
692 8 15 17 -0.06155500000000002
693 8 15 18 -0.04497822222222223
694 8 16 17 -0.13447722222222228
695 8 16 18 -0.044996111111111126
696 8 17 18 0.44038666666666676
697 9 10 11 0.16254388888888893
698 9 10 12 -0.15611166666666668
699 9 10 13 0.20503888888888894
700 9 10 14 0.017133333333333334
701 9 10 15 -0.11786166666666668
702 9 10 16 0.30347166666666675
703 9 10 17 0.026169500000000005
704 9 10 18 0.26669388888888895
705 9 11 12 -0.2510611111111112
706 9 11 13 -0.12814944444444445
707 9 11 14 -0.22009111111111118
708 9 11 15 0.21045000000000005
709 9 11 16 0.26478888888888896
710 9 11 17 -0.10043661111111113
711 9 11 18 0.05879555555555558
712 9 12 13 0.23501722222222224
713 9 12 14 -0.1059466666666667
714 9 12 15 0.30352777777777784
715 9 12 16 0.13770555555555558
716 9 12 17 -0.027614388888888904
717 9 12 18 0.379588888888889
718 9 13 14 -0.027516111111111123
719 9 13 15 0.1144605555555556
720 9 13 16 0.02414222222222222
721 9 13 17 -0.002612722222222222
722 9 13 18 -0.024633888888888886
723 9 14 15 0.07600166666666666
724 9 14 16 0.09126333333333332
725 9 14 17 0.030684444444444448
726 9 14 18 -0.03968666666666668
727 9 15 16 0.029210555555555563
728 9 15 17 0.1256022777777778
729 9 15 18 -0.0041654444444444395
730 9 16 17 -0.056086611111111115
731 9 16 18 -0.11295000000000004
732 9 17 18 0.29404216666666677
733 10 11 12 0.06759444444444448
734 10 11 13 -0.1706444444444445
735 10 11 14 -0.07468055555555557
736 10 11 15 0.49085555555555566
737 10 11 16 0.12386111111111113
738 10 11 17 0.0359377777777778
739 10 11 18 -0.04535444444444445
740 10 12 13 -0.12613333333333335
741 10 12 14 -0.27919166666666667
742 10 12 15 0.26527777777777783
743 10 12 16 -0.3218777777777779
744 10 12 17 -0.20989555555555559
745 10 12 18 -0.04321666666666667
746 10 13 14 0.16038944444444447
747 10 13 15 0.4373611111111112
748 10 13 16 -0.07429055555555557
749 10 13 17 0.17625666666666673
750 10 13 18 -0.0862888888888889
751 10 14 15 0.21099666666666672
752 10 14 16 -0.19507500000000005
753 10 14 17 0.021648277777777784
754 10 14 18 -0.2892472222222223
755 10 15 16 -0.3921227777777779
756 10 15 17 -0.01842888888888888
757 10 15 18 -0.38872100000000004
758 10 16 17 0.2212155555555556
759 10 16 18 -0.07617222222222225
760 10 17 18 0.05351777777777779
761 11 12 13 0.11210555555555557
762 11 12 14 -0.1369166666666667
763 11 12 15 -0.1579833333333333
764 11 12 16 -0.3781444444444445
765 11 12 17 -0.17823888888888892
766 11 12 18 0.06973222222222225
767 11 13 14 0.06442555555555557
768 11 13 15 -0.22413888888888892
769 11 13 16 -0.36879611111111116
770 11 13 17 -0.030325555555555564
771 11 13 18 -0.21157888888888893
772 11 14 15 -0.3545394444444446
773 11 14 16 -0.3936166666666668
774 11 14 17 -0.08897005555555558
775 11 14 18 -0.3185733333333334
776 11 15 16 -0.02512833333333334
777 11 15 17 0.436488888888889
778 11 15 18 0.147489
779 11 16 17 0.3091388888888889
780 11 16 18 0.09304333333333334
781 11 17 18 0.13481
782 12 13 14 0.31344777777777777
783 12 13 15 0.045950000000000005
784 12 13 16 0.12145388888888893
785 12 13 17 0.26001888888888897
786 12 13 18 -0.1692055555555556
787 12 14 15 -0.33347277777777784
788 12 14 16 -0.1523888888888889
789 12 14 17 -0.04764783333333334
790 12 14 18 -0.5252222222222224
791 12 15 16 0.1950327777777778
792 12 15 17 0.45674444444444445
793 12 15 18 -0.08022655555555559
794 12 16 17 0.10923333333333336
795 12 16 18 -0.35483333333333344
796 12 17 18 -0.11316111111111117
797 13 14 15 -0.06597500000000002
798 13 14 16 0.03960500000000001
799 13 14 17 0.005781055555555553
800 13 14 18 -0.04256888888888891
801 13 15 16 0.11952888888888889
802 13 15 17 0.2426755555555556
803 13 15 18 0.13492900000000005
804 13 16 17 -0.029331666666666676
805 13 16 18 -0.06417388888888892
806 13 17 18 0.3160633333333334
807 14 15 16 0.013948888888888896
808 14 15 17 0.17091950000000006
809 14 15 18 0.11152288888888891
810 14 16 17 0.00449227777777777
811 14 16 18 0.01800000000000001
812 14 17 18 0.36441327777777793
813 15 16 17 -0.15247833333333338
814 15 16 18 -0.07957400000000003
815 15 17 18 0.423809888888889
816 16 17 18 0.35090555555555564
