l i j f[l]=f_ij g[l]=g_ij s[l]=s_ij h[l]=h_ij
1 1 2 3.5767 0.12854874999999977 3.44815125 4.440892098500626e-16
2 1 3 1.2922 -0.19768149999999984 1.4898815 -2.220446049250313e-16
3 2 3 -0.73412 -0.3262302499999996 -0.40788975 -3.885780586188048e-16
4 1 4 -1.0649 -0.8379495000000003 -0.22695050000000003 4.440892098500626e-16
5 2 4 -1.5073 -0.9664982500000001 -0.5408017499999999 -1.1102230246251565e-16
6 3 4 0.37779 -0.6402680000000005 1.018058 6.661338147750939e-16
7 1 5 -2.7648 -1.2969035 -1.4678965000000004 2.220446049250313e-16
8 2 5 -1.4496 -1.4254522499999998 -0.024147750000000148 0.0
9 3 5 -2.4749 -1.0992220000000001 -1.375678 2.220446049250313e-16
10 4 5 -2.9044 -0.45895399999999975 -2.4454459999999996 -5.551115123125783e-16
11 1 6 0.44234 -0.5677532500000002 1.0100932499999997 4.440892098500626e-16
12 2 6 0.097505 -0.696302 0.7938069999999999 0.0
13 3 6 -0.512 -0.37007175000000037 -0.1419282500000001 4.440892098500626e-16
14 4 6 2.7372 0.27019625000000014 2.4670037500000004 -4.440892098500626e-16
15 5 6 -0.41598 0.7291502499999999 -1.14513025 1.1102230246251565e-16
16 1 7 -1.2312 -0.8330030000000002 -0.39819700000000013 2.220446049250313e-16
17 2 7 -0.13605 -0.9615517499999999 0.8255017499999997 2.220446049250313e-16
18 3 7 -1.4482 -0.6353215000000003 -0.8128784999999998 2.220446049250313e-16
19 4 7 -0.12851 0.004946500000000187 -0.1334565000000001 -1.1102230246251565e-16
20 5 7 -1.2512 0.46390049999999994 -1.7151005000000004 3.3306690738754696e-16
21 6 7 -0.64754 -0.26524974999999995 -0.38229025 -5.551115123125783e-17
22 1 8 -0.41586 -0.6986875000000001 0.2828275 1.1102230246251565e-16
23 2 8 -1.3599 -0.8272362499999999 -0.53266375 -2.220446049250313e-16
24 3 8 -2.6989 -0.5010060000000003 -2.197894 0.0
25 4 8 3.7608 0.13926200000000022 3.621538 -2.220446049250313e-16
26 5 8 -2.5773 0.598216 -3.175516 -1.1102230246251565e-16
27 6 8 0.11764 -0.13093424999999992 0.24857425000000005 -1.3877787807814457e-16
28 7 8 -0.67441 0.13431550000000003 -0.8087254999999999 -1.1102230246251565e-16
29 1 9 -2.0828 -2.1485094 0.06570939999999972 0.0
30 2 9 0.73827 -2.27705815 3.0153281499999993 4.440892098500626e-16
31 3 9 -3.3005 -1.9508279000000002 -1.3496720999999998 0.0
32 4 9 -1.5027 -1.3105598999999997 -0.19214010000000006 -2.220446049250313e-16
33 5 9 -1.735 -0.8516058999999999 -0.8833941 -2.220446049250313e-16
34 6 9 -2.3301 -1.5807561499999998 -0.7493438499999998 -2.220446049250313e-16
35 7 9 -3.8889 -1.3155063999999999 -2.5733936 0.0
36 8 9 -0.70414 -1.4498218999999999 0.7456819000000001 -2.220446049250313e-16
37 1 10 -2.9751 -1.9614399 -1.0136600999999998 0.0
38 2 10 -2.3346 -2.08998865 -0.2446113500000001 0.0
39 3 10 -1.1685 -1.7637584000000002 0.5952584000000002 -2.220446049250313e-16
40 4 10 -1.4216 -1.1234903999999997 -0.2981096 -4.440892098500626e-16
41 5 10 -0.84915 -0.6645363999999999 -0.18461359999999993 -1.1102230246251565e-16
42 6 10 -2.1497 -1.3936866499999998 -0.75601335 -4.440892098500626e-16
43 7 10 -0.14729 -1.1284368999999999 0.9811469 -2.220446049250313e-16
44 8 10 -0.91096 -1.2627523999999999 0.3517924 -2.220446049250313e-16
45 9 10 -0.56688 0.1870695 -0.7539494999999998 -2.220446049250313e-16
46 1 11 -2.1664 -3.4413554 1.2749554000000003 0.0
47 2 11 -5.8083 -3.5699041499999997 -2.23839585 -4.440892098500626e-16
48 3 11 -3.334 -3.2436739 -0.09032609999999996 0.0
49 4 11 -6.7978 -2.6034058999999994 -4.1943941 0.0
50 5 11 -1.724 -2.1444519 0.4204519 0.0
51 6 11 -3.7556 -2.87360215 -0.8819978499999999 0.0
52 7 11 0.83016 -2.6083524 3.4385123999999996 4.440892098500626e-16
53 8 11 -2.4887 -2.7426679 0.2539678999999998 0.0
54 9 11 -2.5103 -1.292846 -1.217454 0.0
55 10 11 0.081738 -1.4799155 1.5616535 0.0
56 1 12 -1.7393 -2.8813224999999996 1.1420224999999997 0.0
57 2 12 -4.8446 -3.0098712499999998 -1.8347287499999998 0.0
58 3 12 -1.5415 -2.6836409999999997 1.1421409999999996 0.0
59 4 12 -2.3763 -2.0433729999999994 -0.33292700000000014 -4.440892098500626e-16
60 5 12 -1.43 -1.5844189999999996 0.15441900000000008 -4.440892098500626e-16
61 6 12 -2.8976 -2.3135692499999996 -0.5840307499999999 -8.881784197001252e-16
62 7 12 0.44054 -2.0483195 2.4888595 0.0
63 8 12 -4.329 -2.1826349999999994 -2.146364999999999 -1.3322676295501878e-15
64 9 12 1.5542 -0.7328130999999998 2.2870131000000002 -4.440892098500626e-16
65 10 12 1.8357 -0.9198825999999998 2.7555826 0.0
66 11 12 -0.31603 0.5600329000000002 -0.8760629000000002 0.0
67 1 13 0.488 -2.6698602 3.1578602 0.0
68 2 13 -1.5756 -2.79840895 1.2228089500000001 0.0
69 3 13 -1.0213 -2.4721787 1.4508786999999999 4.440892098500626e-16
70 4 13 -1.6506 -1.8319106999999997 0.1813106999999999 -2.220446049250313e-16
71 5 13 -1.2182 -1.3729567 0.15475670000000005 0.0
72 6 13 0.73824 -2.1021069499999996 2.8403469500000003 -8.881784197001252e-16
73 7 13 -4.77 -1.8368571999999999 -2.9331427999999993 -4.440892098500626e-16
74 8 13 -1.8985 -1.9711726999999999 0.07267269999999978 0.0
75 9 13 0.78412 -0.5213508 1.3054708000000002 -1.1102230246251565e-16
76 10 13 1.3507 -0.7084203 2.0591203 0.0
77 11 13 -0.61107 0.7714951999999999 -1.3825652000000002 2.220446049250313e-16
78 12 13 -2.1793 0.21146229999999977 -2.3907623 2.220446049250313e-16
79 1 14 -5.5537 -3.29102883 -2.2626711699999995 -4.440892098500626e-16
80 2 14 -4.8884 -3.4195775800000003 -1.4688224199999997 0.0
81 3 14 -3.0423 -3.0933473300000003 0.051047330000000085 0.0
82 4 14 -1.6764 -2.45307933 0.7766793300000001 0.0
83 5 14 -0.52094 -1.9941253300000001 1.47318533 2.220446049250313e-16
84 6 14 -2.5072 -2.72327558 0.21607557999999988 0.0
85 7 14 -3.2785 -2.4580258300000004 -0.8204741700000001 4.440892098500626e-16
86 8 14 -1.9096 -2.59234133 0.6827413299999999 0.0
87 9 14 0.21708 -1.1425194300000003 1.35959943 2.220446049250313e-16
88 10 14 -2.1913 -1.3295889300000003 -0.86171107 4.440892098500626e-16
89 11 14 -0.67689 0.1503265699999996 -0.8272165699999999 3.3306690738754696e-16
90 12 14 2.1256 -0.40970633000000056 2.5353063299999996 8.881784197001252e-16
91 13 14 -0.24279 -0.6211686300000003 0.37837863 3.3306690738754696e-16
92 1 15 -3.4589 -2.449498 -1.009402 0.0
93 2 15 -1.0662 -2.57804675 1.51184675 0.0
94 3 15 -0.7488 -2.2518165000000003 1.5030164999999998 4.440892098500626e-16
95 4 15 -0.84283 -1.6115485 0.7687185000000001 0.0
96 5 15 -0.80792 -1.1525945000000002 0.34467450000000005 2.220446049250313e-16
97 6 15 -1.0367 -1.8817447500000002 0.8450447499999999 4.440892098500626e-16
98 7 15 -3.3086 -1.616495 -1.6921050000000002 0.0
99 8 15 0.8564 -1.7508105 2.6072105 2.220446049250313e-16
100 9 15 -3.6078 -0.3009886000000003 -3.3068114 1.1102230246251565e-16
101 10 15 -1.3867 -0.4880581000000003 -0.8986419000000002 4.440892098500626e-16
102 11 15 2.2477 0.9918573999999997 1.2558426 3.3306690738754696e-16
103 12 15 -1.7705 0.4318244999999995 -2.2023245 5.551115123125783e-16
104 13 15 0.66969 0.22036219999999973 0.4493278000000001 1.6653345369377348e-16
105 14 15 1.9539 0.8415308300000001 1.1123691699999998 1.1102230246251565e-16
106 1 16 -2.6627 -3.56732447 0.9046244699999999 0.0
107 2 16 -3.2339 -3.69587322 0.4619732199999997 4.440892098500626e-16
108 3 16 -3.0245 -3.36964297 0.3451429699999998 0.0
109 4 16 -2.7835 -2.72937497 -0.054125030000000005 -4.440892098500626e-16
110 5 16 -1.0414 -2.27042097 1.22902097 0.0
111 6 16 0.20946 -2.99957122 3.2090312199999995 4.440892098500626e-16
112 7 16 -6.5073 -2.7343214700000003 -3.772978529999999 -4.440892098500626e-16
113 8 16 -5.5776 -2.86863697 -2.7089630299999996 -8.881784197001252e-16
114 9 16 0.040518 -1.4188150700000002 1.45933307 2.220446049250313e-16
115 10 16 0.63966 -1.6058845700000002 2.24554457 4.440892098500626e-16
116 11 16 0.092136 -0.12596907000000024 0.21810507000000007 1.6653345369377348e-16
117 12 16 -0.22536 -0.6860019700000004 0.46064197000000007 3.3306690738754696e-16
118 13 16 0.94531 -0.8974642700000002 1.84277427 1.1102230246251565e-16
119 14 16 0.0092066 -0.27629563999999984 0.2855022400000001 -2.220446049250313e-16
120 15 16 -2.2024 -1.1178264699999998 -1.0845735299999997 -4.440892098500626e-16
121 1 17 -3.4818 -3.1221765 -0.3596235 4.440892098500626e-16
122 2 17 -1.9523 -3.2507252500000003 1.2984252500000002 0.0
123 3 17 -5.0511 -2.9244950000000003 -2.1266049999999996 0.0
124 4 17 -1.4602 -2.284227 0.824027 0.0
125 5 17 -0.63596 -1.8252730000000001 1.1893129999999998 4.440892098500626e-16
126 6 17 -0.99479 -2.55442325 1.5596332499999994 8.881784197001252e-16
127 7 17 -1.2373 -2.2891735000000004 1.0518734999999997 8.881784197001252e-16
128 8 17 -5.4341 -2.423489 -3.010611 0.0
129 9 17 -3.0376 -0.9736671000000003 -2.0639328999999997 2.220446049250313e-16
130 10 17 -5.4204 -1.1607366000000003 -4.2596634 4.440892098500626e-16
131 11 17 1.2217 0.3191788999999996 0.9025211 4.440892098500626e-16
132 12 17 -2.4046 -0.24085400000000057 -2.163746 8.881784197001252e-16
133 13 17 0.89678 -0.45231630000000034 1.3490962999999998 5.551115123125783e-16
134 14 17 0.47871 0.16885233 0.30985766999999986 1.6653345369377348e-16
135 15 17 2.9245 -0.6726785000000001 3.5971784999999996 5.551115123125783e-16
136 16 17 3.877 0.44514796999999984 3.4318520299999995 4.440892098500626e-16
137 1 18 -9.0138 -4.0561435 -4.9576565 0.0
138 2 18 -4.3552 -4.1846922499999994 -0.17050774999999985 -8.881784197001252e-16
139 3 18 -1.2799 -3.8584620000000003 2.5785620000000002 0.0
140 4 18 -3.9684 -3.2181939999999996 -0.7502059999999999 -4.440892098500626e-16
141 5 18 -3.3805 -2.75924 -0.6212599999999999 0.0
142 6 18 -5.9419 -3.48839025 -2.45350975 -4.440892098500626e-16
143 7 18 -2.6551 -3.2231405 0.5680405000000001 0.0
144 8 18 -3.26 -3.357456 0.09745600000000015 0.0
145 9 18 -2.2341 -1.9076341 -0.32646590000000025 2.220446049250313e-16
146 10 18 -5.9462 -2.0947036 -3.8514964 -4.440892098500626e-16
147 11 18 -0.58531 -0.6147881000000002 0.029478100000000132 0.0
148 12 18 1.9827 -1.1748210000000003 3.157521 2.220446049250313e-16
149 13 18 0.33594 -1.3862833 1.7222233 0.0
150 14 18 1.2688 -0.7651146699999998 2.0339146699999997 0.0
151 15 18 -1.6851 -1.6066455 -0.07845450000000004 0.0
152 16 18 1.1603 -0.48881902999999993 1.6491190300000003 -2.220446049250313e-16
153 17 18 -0.43775 -0.9339669999999998 0.49621700000000013 -3.3306690738754696e-16
154 1 19 -4.9487 -3.7063435 -1.2423564999999994 0.0
155 2 19 -1.3319 -3.8348922499999993 2.5029922499999997 -4.440892098500626e-16
156 3 19 -2.6061 -3.508662 0.9025619999999998 4.440892098500626e-16
157 4 19 -3.0339 -2.8683939999999994 -0.16550600000000004 -4.440892098500626e-16
158 5 19 -2.9596 -2.4094399999999996 -0.5501599999999999 -4.440892098500626e-16
159 6 19 -3.1623 -3.1385902499999996 -0.023709750000000106 -4.440892098500626e-16
160 7 19 -2.0137 -2.8733404999999994 0.8596404999999998 -4.440892098500626e-16
161 8 19 -5.0047 -3.007656 -1.9970439999999994 -4.440892098500626e-16
162 9 19 -1.374 -1.5578340999999998 0.18383409999999986 -2.220446049250313e-16
163 10 19 -0.5312 -1.7449035999999998 1.2137035999999999 0.0
164 11 19 -0.65042 -0.26498809999999984 -0.38543190000000005 -1.1102230246251565e-16
165 12 19 2.8379 -0.825021 3.6629210000000003 -4.440892098500626e-16
166 13 19 -0.53991 -1.0364832999999998 0.4965732999999999 -2.220446049250313e-16
167 14 19 -3.8584 -0.41531466999999944 -3.4430853299999993 -1.3322676295501878e-15
168 15 19 -0.89862 -1.2568454999999994 0.35822549999999986 -4.440892098500626e-16
169 16 19 -1.8693 -0.1390190299999996 -1.7302809700000001 -2.220446049250313e-16
170 17 19 -1.795 -0.5841669999999994 -1.2108329999999994 -1.1102230246251565e-15
171 18 19 1.5781 0.34980000000000033 1.2283000000000002 -4.440892098500626e-16
172 1 20 -1.9097 -2.0719883 0.16228829999999997 0.0
173 2 20 -2.9225 -2.20053705 -0.72196295 0.0
174 3 20 -2.284 -1.8743068 -0.40969319999999976 0.0
175 4 20 -1.0567 -1.2340387999999995 0.1773387999999999 -4.440892098500626e-16
176 5 20 -2.7789 -0.7750847999999999 -2.0038152 -2.220446049250313e-16
177 6 20 -1.6082 -1.5042350499999997 -0.10396495000000014 -2.220446049250313e-16
178 7 20 -0.64266 -1.2389852999999997 0.5963252999999998 -2.220446049250313e-16
179 8 20 1.1163 -1.3733007999999998 2.4896008000000003 -4.440892098500626e-16
180 9 20 -0.77134 0.07652110000000009 -0.8478611 -8.326672684688674e-17
181 10 20 -1.3974 -0.11054839999999992 -1.2868515999999997 -4.0245584642661925e-16
182 11 20 0.76167 1.3693671 -0.6076970999999999 -2.220446049250313e-16
183 12 20 1.9457 0.8093341999999999 1.1363658 0.0
184 13 20 0.098254 0.5978719000000001 -0.49961789999999995 -2.220446049250313e-16
185 14 20 2.1526 1.2190405300000005 0.9335594700000001 -4.440892098500626e-16
186 15 20 -1.1261 0.37750970000000034 -1.5036097000000002 -2.7755575615628914e-16
187 16 20 3.1857 1.4953361700000003 1.6903638300000003 -4.440892098500626e-16
188 17 20 3.2944 1.0501882000000005 2.2442118 -4.440892098500626e-16
189 18 20 -0.12117 1.9841552000000002 -2.1053252 -4.440892098500626e-16
190 19 20 2.2947 1.6343552 0.6603448000000001 2.220446049250313e-16
