t i j k u[t]
1 1 2 3 -0.15139999999999998
2 1 2 4 0.18985499999999997
3 1 2 5 0.024069999999999987
4 1 2 6 0.09338499999999997
5 1 2 7 -0.012013000000000005
6 1 2 8 0.060775499999999975
7 1 2 9 -0.09437349999999999
8 1 2 10 0.020144999999999982
9 1 2 11 -0.22569499999999992
10 1 2 12 -0.10498349999999998
11 1 2 13 0.11691499999999998
12 1 2 14 0.09224649999999995
13 1 2 15 0.07674999999999994
14 1 2 16 0.08364349999999998
15 1 2 17 -0.16416999999999998
16 1 2 18 -0.23224499999999992
17 1 2 19 0.07138
18 1 2 20 0.17211999999999997
19 1 3 4 0.41213499999999986
20 1 3 5 0.22943999999999995
21 1 3 6 0.027884999999999997
22 1 3 7 0.06876639999999998
23 1 3 8 -0.041229499999999995
24 1 3 9 -0.024858499999999995
25 1 3 10 0.07557499999999999
26 1 3 11 -0.06922449999999998
27 1 3 12 -0.09933349999999998
28 1 3 13 -0.044284999999999984
29 1 3 14 0.029387999999999994
30 1 3 15 0.17657999999999993
31 1 3 16 -0.03234049999999999
32 1 3 17 0.021805
33 1 3 18 -0.10159999999999998
34 1 3 19 -0.009989999999999985
35 1 3 20 0.09584999999999999
36 1 4 5 0.012065
37 1 4 6 -0.4799249999999998
38 1 4 7 -0.22982899999999998
39 1 4 8 -0.19441449999999993
40 1 4 9 -0.14500849999999996
41 1 4 10 -0.14725
42 1 4 11 -0.5476699999999999
43 1 4 12 -0.3651184999999999
44 1 4 13 -0.2624649999999999
45 1 4 14 -0.16301949999999993
46 1 4 15 -0.16099
47 1 4 16 -0.17339899999999997
48 1 4 17 -0.31480499999999995
49 1 4 18 -0.3946899999999999
50 1 4 19 -0.09301499999999999
51 1 4 20 -0.17835999999999996
52 1 5 6 -0.07405999999999997
53 1 5 7 -0.07296149999999997
54 1 5 8 0.08055049999999997
55 1 5 9 -0.13484599999999997
56 1 5 10 0.032934999999999985
57 1 5 11 -0.2465779999999999
58 1 5 12 -0.08714299999999998
59 1 5 13 -0.10572999999999999
60 1 5 14 -0.03767149999999998
61 1 5 15 0.04578799999999998
62 1 5 16 -0.16923549999999996
63 1 5 17 -0.16707999999999995
64 1 5 18 -0.3596749999999999
65 1 5 19 -0.020659999999999994
66 1 5 20 -0.14465999999999998
67 1 6 7 0.16103699999999999
68 1 6 8 0.26422549999999995
69 1 6 9 0.12826649999999995
70 1 6 10 0.20049249999999996
71 1 6 11 -0.12294199999999995
72 1 6 12 0.05928149999999997
73 1 6 13 0.13338999999999995
74 1 6 14 0.09549749999999997
75 1 6 15 0.1879949999999999
76 1 6 16 0.10709399999999998
77 1 6 17 0.14045749999999996
78 1 6 18 -0.015942500000000002
79 1 6 19 0.28918799999999995
80 1 6 20 0.09339499999999995
81 1 7 8 0.10679849999999996
82 1 7 9 -0.048601499999999985
83 1 7 10 0.09996979999999997
84 1 7 11 -0.19794099999999995
85 1 7 12 -0.09812049999999999
86 1 7 13 0.20711799999999994
87 1 7 14 -0.12935899999999997
88 1 7 15 0.10032299999999995
89 1 7 16 0.005866500000000001
90 1 7 17 0.10115749999999998
91 1 7 18 -0.17279199999999997
92 1 7 19 0.08159299999999997
93 1 7 20 0.10210299999999999
94 1 8 9 -0.09882749999999997
95 1 8 10 0.020878499999999987
96 1 8 11 -0.26384799999999986
97 1 8 12 -0.07526899999999999
98 1 8 13 0.011523499999999994
99 1 8 14 -0.11166249999999996
100 1 8 15 -0.05983550000000001
101 1 8 16 0.044340499999999984
102 1 8 17 -0.07242049999999998
103 1 8 18 -0.13512799999999997
104 1 8 19 0.3920394999999999
105 1 8 20 -0.04675049999999999
106 1 9 10 0.02281849999999998
107 1 9 11 -0.15422869999999997
108 1 9 12 -0.06838499999999999
109 1 9 13 -0.00523150000000001
110 1 9 14 0.0362005
111 1 9 15 0.04507849999999999
112 1 9 16 0.04848449999999999
113 1 9 17 0.06191999999999999
114 1 9 18 -0.20094649999999994
115 1 9 19 0.06309349999999998
116 1 9 20 0.05547349999999998
117 1 10 11 -0.4801049999999999
118 1 10 12 -0.02588699999999999
119 1 10 13 0.03393999999999999
120 1 10 14 -0.041671499999999986
121 1 10 15 -0.10351999999999997
122 1 10 16 -0.11659049999999997
123 1 10 17 0.0017350000000000026
124 1 10 18 -0.2896899999999999
125 1 10 19 0.06984649999999998
126 1 10 20 0.016704999999999987
127 1 11 12 0.16574999999999998
128 1 11 13 0.35408499999999987
129 1 11 14 0.18647199999999994
130 1 11 15 0.22948499999999986
131 1 11 16 0.17284949999999996
132 1 11 17 0.22304049999999992
133 1 11 18 0.040989499999999984
134 1 11 19 0.26289499999999993
135 1 11 20 0.17200499999999994
136 1 12 13 -0.007991499999999993
137 1 12 14 0.054700499999999985
138 1 12 15 0.003243499999999998
139 1 12 16 0.03168699999999999
140 1 12 17 -0.002933999999999997
141 1 12 18 -0.09024399999999998
142 1 12 19 0.011203500000000007
143 1 12 20 0.08209349999999997
144 1 13 14 0.04581299999999999
145 1 13 15 0.11705199999999995
146 1 13 16 -0.0084425
147 1 13 17 -0.20889499999999994
148 1 13 18 -0.2880849999999999
149 1 13 19 -0.043605
150 1 13 20 -0.026445
151 1 14 15 0.014591999999999978
152 1 14 16 -0.17380349999999994
153 1 14 17 0.02876599999999999
154 1 14 18 -0.16967749999999995
155 1 14 19 0.2228769999999999
156 1 14 20 0.12637699999999996
157 1 15 16 -0.16891349999999994
158 1 15 17 -0.09873249999999995
159 1 15 18 -0.4951949999999999
160 1 15 19 -0.13374499999999998
161 1 15 20 -0.14067999999999997
162 1 16 17 -0.06342449999999998
163 1 16 18 -0.034004499999999986
164 1 16 19 0.18737549999999997
165 1 16 20 0.054710499999999995
166 1 17 18 0.008599999999999983
167 1 17 19 0.13527649999999997
168 1 17 20 -0.05056000000000001
169 1 18 19 0.21068349999999997
170 1 18 20 0.28840199999999994
171 1 19 20 -0.093165
172 2 3 4 0.07087999999999997
173 2 3 5 0.05396999999999997
174 2 3 6 -0.21689999999999995
175 2 3 7 -0.07062059999999999
176 2 3 8 -0.25340499999999994
177 2 3 9 -0.08188499999999999
178 2 3 10 -0.09596999999999999
179 2 3 11 0.0050704999999999925
180 2 3 12 -0.14574999999999996
181 2 3 13 -0.31259999999999993
182 2 3 14 -0.21425849999999994
183 2 3 15 -0.05156999999999999
184 2 3 16 -0.26738399999999996
185 2 3 17 0.034574999999999995
186 2 3 18 -0.020755
187 2 3 19 -0.23276999999999995
188 2 3 20 -0.22766999999999993
189 2 4 5 0.17784999999999995
190 2 4 6 -0.3834549999999999
191 2 4 7 -0.02796099999999999
192 2 4 8 -0.06533499999999998
193 2 4 9 0.13921999999999995
194 2 4 10 0.022459999999999997
195 2 4 11 -0.13211999999999996
196 2 4 12 -0.07027999999999997
197 2 4 13 -0.18952499999999992
198 2 4 14 -0.06541099999999997
199 2 4 15 -0.04788499999999999
200 2 4 16 -0.06718749999999998
201 2 4 17 0.03921999999999998
202 2 4 18 0.027409999999999993
203 2 4 19 0.02545999999999999
204 2 4 20 -0.16062499999999993
205 2 5 6 -0.14337499999999992
206 2 5 7 -0.03687849999999998
207 2 5 8 0.043845
208 2 5 9 -0.01640249999999999
209 2 5 10 0.03686
210 2 5 11 0.003187000000000011
211 2 5 12 0.041910499999999996
212 2 5 13 -0.19857499999999995
213 2 5 14 -0.10584799999999996
214 2 5 15 -0.006891999999999985
215 2 5 16 -0.22880899999999993
216 2 5 17 0.021159999999999998
217 2 5 18 -0.10335999999999995
218 2 5 19 -0.06796999999999999
219 2 5 20 -0.2927099999999999
220 2 6 7 0.2664349999999999
221 2 6 8 0.29683499999999996
222 2 6 9 0.3160249999999999
223 2 6 10 0.27373249999999993
224 2 6 11 0.19613799999999998
225 2 6 12 0.25764999999999993
226 2 6 13 0.10985999999999994
227 2 6 14 0.09663599999999997
228 2 6 15 0.20462999999999992
229 2 6 16 0.11683549999999997
230 2 6 17 0.3980124999999998
231 2 6 18 0.30968749999999995
232 2 6 19 0.31119299999999994
233 2 6 20 0.014660000000000001
234 2 7 8 0.03401
235 2 7 9 0.03375899999999998
236 2 7 10 0.06781179999999998
237 2 7 11 0.015740999999999998
238 2 7 12 -0.005150000000000009
239 2 7 13 0.07818999999999997
240 2 7 14 -0.23361849999999995
241 2 7 15 0.01156
242 2 7 16 -0.08978999999999997
243 2 7 17 0.2533144999999999
244 2 7 18 0.04743999999999999
245 2 7 19 -0.001800000000000001
246 2 7 20 -0.08202999999999998
247 2 8 9 0.05632149999999998
248 2 8 10 0.06150899999999997
249 2 8 11 0.022622499999999997
250 2 8 12 0.09048999999999996
251 2 8 13 -0.044616
252 2 8 14 -0.1431335
253 2 8 15 -0.07581
254 2 8 16 0.02147249999999999
255 2 8 17 0.15252499999999994
256 2 8 18 0.15789249999999996
257 2 8 19 0.3814349999999999
258 2 8 20 -0.15809499999999999
259 2 9 10 -0.09169999999999998
260 2 9 11 -0.022907199999999985
261 2 9 12 -0.05777499999999998
262 2 9 13 -0.21651999999999996
263 2 9 14 -0.15041949999999996
264 2 9 15 -0.12604499999999996
265 2 9 16 -0.12953249999999997
266 2 9 17 0.13171649999999996
267 2 9 18 -0.06307499999999998
268 2 9 19 -0.10265999999999996
269 2 9 20 -0.21101999999999993
270 2 10 11 -0.23426499999999992
271 2 10 12 0.09924149999999998
272 2 10 13 -0.06282999999999998
273 2 10 14 -0.11377299999999997
274 2 10 15 -0.16012499999999996
275 2 10 16 -0.18008899999999994
276 2 10 17 0.18604999999999997
277 2 10 18 -0.03729999999999999
278 2 10 19 0.018611499999999986
279 2 10 20 -0.13526999999999997
280 2 11 12 0.04503849999999998
281 2 11 13 0.011474999999999989
282 2 11 14 -0.13146949999999996
283 2 11 15 -0.07295999999999998
284 2 11 16 -0.13648899999999997
285 2 11 17 0.16151549999999995
286 2 11 18 0.04753949999999999
287 2 11 19 -0.03418
288 2 11 20 -0.22580999999999993
289 2 12 13 -0.22988999999999993
290 2 12 14 -0.14252949999999995
291 2 12 15 -0.17848999999999993
292 2 12 16 -0.15693999999999994
293 2 12 17 0.056252499999999976
294 2 12 18 0.037017499999999995
295 2 12 19 -0.16515999999999995
296 2 12 20 -0.19500999999999993
297 2 13 14 0.07048149999999999
298 2 13 15 0.15721699999999994
299 2 13 16 0.024828999999999997
300 2 13 17 0.07218999999999998
301 2 13 18 0.06107499999999998
302 2 13 19 0.001929999999999998
303 2 13 20 -0.08164999999999997
304 2 14 15 0.030088499999999997
305 2 14 16 -0.16520049999999997
306 2 14 17 0.2851824999999999
307 2 14 18 0.15481399999999995
308 2 14 19 0.24374349999999992
309 2 14 20 0.04650349999999999
310 2 15 16 -0.17580699999999996
311 2 15 17 0.14218749999999997
312 2 15 18 -0.18619999999999995
313 2 15 19 -0.128375
314 2 15 20 -0.23604999999999993
315 2 16 17 0.18438899999999994
316 2 16 18 0.2818839999999999
317 2 16 19 0.19963899999999993
318 2 16 20 -0.03376599999999999
319 2 17 18 0.07667499999999998
320 2 17 19 -0.10027349999999996
321 2 17 20 -0.3868499999999999
322 2 18 19 -0.0929415
323 2 18 20 -0.11596299999999997
324 2 19 20 -0.19390499999999994
325 3 4 5 0.19475999999999996
326 3 4 6 -0.09567499999999997
327 3 4 7 0.11353959999999998
328 3 4 8 0.25894999999999996
329 3 4 9 0.2919849999999999
330 3 4 10 0.18930999999999995
331 3 4 11 -0.06631049999999998
332 3 4 12 0.14634999999999992
333 3 4 13 0.19395499999999996
334 3 4 14 0.21972749999999994
335 3 4 15 0.07456499999999998
336 3 4 16 0.2710764999999999
337 3 4 17 0.07552499999999995
338 3 4 18 0.11904499999999996
339 3 4 19 0.3291099999999999
340 3 4 20 0.13792499999999994
341 3 5 6 0.12749499999999997
342 3 5 7 0.08771209999999999
343 3 5 8 0.35121999999999987
344 3 5 9 0.11945249999999998
345 3 5 10 0.18679999999999994
346 3 5 11 0.05208649999999999
347 3 5 12 0.24163049999999991
348 3 5 13 0.16799499999999998
349 3 5 14 0.16238049999999996
350 3 5 15 0.09864799999999997
351 3 5 16 0.09254499999999997
352 3 5 17 0.04055499999999997
353 3 5 18 -0.028635
354 3 5 19 0.21876999999999988
355 3 5 20 -0.01107
356 3 6 7 0.12015559999999997
357 3 6 8 0.3333399999999999
358 3 6 9 0.18100999999999995
359 3 6 10 0.15280249999999998
360 3 6 11 -0.025832499999999987
361 3 6 12 0.18649999999999997
362 3 6 13 0.20555999999999996
363 3 6 14 0.0939945
364 3 6 15 0.039299999999999995
365 3 6 16 0.16731949999999995
366 3 6 17 0.14653749999999993
367 3 6 18 0.11354249999999999
368 3 6 19 0.32706299999999994
369 3 6 20 0.02543000000000001
370 3 7 8 0.21679439999999991
371 3 7 9 0.045023399999999984
372 3 7 10 0.09316119999999997
373 3 7 11 -0.05995009999999998
374 3 7 12 0.06997939999999997
375 3 7 13 0.32016939999999994
376 3 7 14 -0.08998059999999998
377 3 7 15 -0.0074906
378 3 7 16 0.10697339999999997
379 3 7 17 0.14811889999999994
380 3 7 18 -0.0024256000000000047
381 3 7 19 0.16034939999999998
382 3 7 20 0.07501939999999997
383 3 8 9 -0.11519849999999998
384 3 8 10 -0.09592599999999997
385 3 8 11 -0.23585299999999995
386 3 8 12 -0.017165000000000003
387 3 8 13 0.014579000000000005
388 3 8 14 -0.18227999999999997
389 3 8 15 -0.2776449999999999
390 3 8 16 0.03545149999999998
391 3 8 17 -0.135455
392 3 8 18 -0.07475749999999998
393 3 8 19 0.3607999999999999
394 3 8 20 -0.18382999999999997
395 3 9 10 -0.07761499999999998
396 3 9 11 -0.10986269999999998
397 3 9 12 0.006089999999999994
398 3 9 13 0.014195
399 3 9 14 -0.018045999999999996
400 3 9 15 -0.15635999999999994
401 3 9 16 0.05596649999999999
402 3 9 17 0.015256499999999989
403 3 9 18 -0.12420499999999995
404 3 9 19 0.048225
405 3 9 20 -0.06523499999999999
406 3 10 11 -0.33530549999999987
407 3 10 12 0.14902149999999997
408 3 10 13 0.15379999999999994
409 3 10 14 0.0045154999999999935
410 3 10 15 -0.20452499999999998
411 3 10 16 -0.008675000000000009
412 3 10 17 0.055504999999999964
413 3 10 18 -0.11251499999999998
414 3 10 19 0.15541149999999995
415 3 10 20 -0.0035700000000000167
416 3 11 12 0.19585899999999995
417 3 11 13 0.32914549999999987
418 3 11 14 0.08785949999999997
419 3 11 15 -0.016319499999999994
420 3 11 16 0.13596549999999996
421 3 11 17 0.13201099999999993
422 3 11 18 0.07336499999999997
423 3 11 19 0.20366049999999994
424 3 11 20 0.006930499999999993
425 3 12 13 -0.06303999999999997
426 3 12 14 -0.07402099999999999
427 3 12 15 -0.2726699999999999
428 3 12 16 -0.035306
429 3 12 17 -0.12407249999999997
430 3 12 18 -0.08797749999999999
431 3 12 19 -0.07813999999999996
432 3 12 20 -0.11308999999999998
433 3 13 14 -0.027859999999999985
434 3 13 15 -0.103813
435 3 13 16 -0.020387000000000013
436 3 13 17 -0.274985
437 3 13 18 -0.23076999999999995
438 3 13 19 -0.0779
439 3 13 20 -0.16657999999999995
440 3 14 15 -0.13259999999999997
441 3 14 16 -0.11207499999999998
442 3 14 17 0.03634899999999998
443 3 14 18 -0.03868949999999999
444 3 14 19 0.26225499999999996
445 3 14 20 0.05991499999999998
446 3 15 16 0.04000699999999998
447 3 15 17 0.05604249999999998
448 3 15 18 -0.21701499999999996
449 3 15 19 0.052824999999999976
450 3 15 20 -0.059949999999999996
451 3 16 17 -0.11756999999999997
452 3 16 18 0.035254999999999995
453 3 16 19 0.16502499999999998
454 3 16 20 -0.07347999999999998
455 3 17 18 0.13200499999999998
456 3 17 19 0.16707149999999996
457 3 17 20 -0.12460499999999998
458 3 18 19 0.11907349999999994
459 3 18 20 0.09095199999999996
460 3 19 20 -0.19900499999999996
461 4 5 6 0.4179299999999998
462 4 5 7 0.16893249999999993
463 4 5 8 0.28702999999999995
464 4 5 9 0.022227499999999997
465 4 5 10 0.19224999999999992
466 4 5 11 0.3131569999999999
467 4 5 12 0.2900404999999999
468 4 5 13 0.16879999999999998
469 4 5 14 0.13741299999999998
470 4 5 15 0.21884299999999993
471 4 5 16 0.016228499999999996
472 4 5 17 0.15979000000000002
473 4 5 18 0.04708
474 4 5 19 0.08442
475 4 5 20 0.045765
476 4 6 7 -0.08905899999999999
477 4 6 8 -0.021284999999999974
478 4 6 9 -0.2066499999999999
479 4 6 10 -0.13218249999999995
480 4 6 11 -0.05519699999999998
481 4 6 12 -0.05552499999999999
482 4 6 13 -0.08406999999999998
483 4 6 14 -0.22140799999999994
484 4 6 15 -0.13093999999999995
485 4 6 16 -0.19943199999999991
486 4 6 17 -0.024662499999999973
487 4 6 18 -0.10117749999999996
488 4 6 19 -0.09772199999999998
489 4 6 20 -0.20816999999999988
490 4 7 8 0.07138399999999998
491 4 7 9 -0.13342199999999999
492 4 7 10 0.017390799999999998
493 4 7 11 0.11989999999999996
494 4 7 12 0.03716899999999997
495 4 7 13 0.23975399999999994
496 4 7 14 -0.19616849999999994
497 4 7 15 0.031484000000000005
498 4 7 16 -0.05056349999999998
499 4 7 17 0.18613349999999998
500 4 7 18 -0.007930999999999985
501 4 7 19 -0.05522099999999997
502 4 7 20 0.050634
503 4 8 9 -0.1482335
504 4 8 10 -0.026285999999999993
505 4 8 11 0.08940749999999997
506 4 8 12 0.09543499999999995
507 4 8 13 0.07957399999999996
508 4 8 14 -0.14305749999999998
509 4 8 15 -0.09325999999999998
510 4 8 16 0.02332499999999999
511 4 8 17 0.047969999999999985
512 4 8 18 0.06514749999999998
513 4 8 19 0.2906399999999999
514 4 8 20 -0.06280499999999999
515 4 9 10 0.02505999999999999
516 4 9 11 0.2484327999999999
517 4 9 12 0.15172499999999994
518 4 9 13 0.11222499999999995
519 4 9 14 0.054211499999999975
520 4 9 15 0.06105999999999999
521 4 9 16 0.076875
522 4 9 17 0.23171649999999996
523 4 9 18 0.048735
524 4 9 19 0.011100000000000018
525 4 9 20 0.088825
526 4 10 11 -0.07968499999999998
527 4 10 12 0.19198149999999994
528 4 10 13 0.14915499999999993
529 4 10 14 -0.025901999999999998
530 4 10 15 -0.08977999999999997
531 4 10 16 -0.09044149999999998
532 4 10 17 0.16928999999999997
533 4 10 18 -0.04224999999999999
534 4 10 19 0.015611499999999997
535 4 10 20 0.04781499999999999
536 4 11 12 -0.016801500000000004
537 4 11 13 0.06887999999999997
538 4 11 14 -0.19817849999999992
539 4 11 15 -0.15719499999999997
540 4 11 16 -0.20142149999999995
541 4 11 17 -0.009824499999999983
542 4 11 18 -0.11199049999999997
543 4 11 19 -0.19175999999999996
544 4 11 20 -0.19730499999999995
545 4 12 13 -0.11064499999999997
546 4 12 14 -0.14739849999999996
547 4 12 15 -0.20088499999999992
548 4 12 16 -0.1600324999999999
549 4 12 17 -0.05324749999999997
550 4 12 18 -0.06067249999999997
551 4 12 19 -0.2608999999999999
552 4 12 20 -0.10466499999999995
553 4 13 14 -0.05363249999999998
554 4 13 15 0.015577000000000002
555 4 13 16 -0.09750849999999997
556 4 13 17 -0.15655499999999994
557 4 13 18 -0.15585999999999994
558 4 13 19 -0.21305499999999994
559 4 13 20 -0.11054999999999997
560 4 14 15 0.012562500000000006
561 4 14 16 -0.16342399999999993
562 4 14 17 0.18055149999999998
563 4 14 18 0.06199299999999999
564 4 14 19 0.15287249999999997
565 4 14 20 0.14171749999999997
566 4 15 16 -0.15650449999999996
567 4 15 17 0.05508249999999999
568 4 15 18 -0.261495
569 4 15 19 -0.20171999999999995
570 4 15 20 -0.12330999999999998
571 4 16 17 0.07798149999999998
572 4 16 18 0.18728649999999994
573 4 16 19 0.10699149999999996
574 4 16 20 0.05967149999999999
575 4 17 18 0.08848499999999997
576 4 17 19 -0.08651349999999998
577 4 17 20 -0.18700499999999995
578 4 18 19 -0.09099149999999998
579 4 18 20 0.07207199999999997
580 4 19 20 -0.007820000000000002
581 5 6 7 0.15993849999999998
582 5 6 8 0.10961499999999999
583 5 6 9 0.18905249999999996
584 5 6 10 0.09349749999999998
585 5 6 11 0.049576
586 5 6 12 0.07236449999999998
587 5 6 13 0.16506
588 5 6 14 0.05910899999999999
589 5 6 15 0.06814699999999999
590 5 6 16 0.20226949999999996
591 5 6 17 0.23347749999999995
592 5 6 18 0.2696725
593 5 6 19 0.23578799999999997
594 5 6 20 0.16399499999999997
595 5 7 8 -0.04671349999999998
596 5 7 9 0.013282999999999996
597 5 7 10 -0.005926699999999997
598 5 7 11 -0.024324499999999995
599 5 7 12 -0.083939
600 5 7 13 0.23988649999999992
601 5 7 14 -0.16464899999999993
602 5 7 15 -0.018426499999999995
603 5 7 16 0.10214049999999998
604 5 7 17 0.19527599999999995
605 5 7 18 0.11392149999999997
606 5 7 19 0.029291499999999995
607 5 7 20 0.17380149999999997
608 5 8 9 0.11656899999999996
609 5 8 10 0.06849399999999999
610 5 8 11 0.06328049999999999
611 5 8 12 0.09242449999999997
612 5 8 13 0.19780399999999995
613 5 8 14 0.006559499999999984
614 5 8 15 -0.025073000000000005
615 5 8 16 0.29412649999999996
616 5 8 17 0.17520999999999995
617 5 8 18 0.30509749999999985
618 5 8 19 0.49324999999999986
619 5 8 20 0.17845999999999992
620 5 9 10 -0.14496249999999997
621 5 9 11 -0.042496699999999984
622 5 9 12 -0.11608799999999998
623 5 9 13 -0.03434749999999999
624 5 9 14 -0.06097399999999998
625 5 9 15 -0.13555549999999994
626 5 9 16 0.082874
627 5 9 17 0.09415399999999999
628 5 9 18 0.0238825
629 5 9 19 -0.05109249999999998
630 5 9 20 0.06528749999999997
631 5 10 11 -0.2005919999999999
632 5 10 12 0.09419099999999998
633 5 10 13 0.17260499999999995
634 5 10 14 0.028934999999999992
635 5 10 15 -0.11637299999999998
636 5 10 16 0.08557999999999998
637 5 10 17 0.20174999999999996
638 5 10 18 0.10291999999999997
639 5 10 19 0.12344149999999994
640 5 10 20 0.19429999999999992
641 5 11 12 0.006314999999999997
642 5 11 13 0.21323699999999995
643 5 11 14 -0.022434499999999996
644 5 11 15 -0.06288099999999999
645 5 11 16 0.09550699999999997
646 5 11 17 0.14354249999999996
647 5 11 18 0.15408649999999996
648 5 11 19 0.03697699999999998
649 5 11 20 0.070087
650 5 12 13 0.010595499999999999
651 5 12 14 0.005228999999999998
652 5 12 15 -0.12968749999999998
653 5 12 16 0.11377949999999998
654 5 12 17 0.07700299999999997
655 5 12 18 0.18228799999999998
656 5 12 19 -0.05527949999999998
657 5 12 20 0.13961049999999994
658 5 13 14 -0.0222455
659 5 13 15 -0.034466
660 5 13 16 0.05506299999999998
661 5 13 17 -0.14754499999999995
662 5 13 18 -0.03413999999999999
663 5 13 19 -0.12867499999999996
664 5 13 20 0.012484999999999987
665 5 14 15 -0.06886749999999997
666 5 14 16 -0.04223949999999997
667 5 14 17 0.15817449999999997
668 5 14 18 0.15232599999999996
669 5 14 19 0.20586549999999995
670 5 14 20 0.23336549999999992
671 5 15 16 0.04610999999999999
672 5 15 17 0.11413549999999997
673 5 15 18 -0.08973199999999999
674 5 15 19 -0.067297
675 5 15 20 0.04976799999999998
676 5 16 17 -0.06557999999999999
677 5 16 18 0.15643499999999994
678 5 16 19 0.03879999999999998
679 5 16 20 0.030134999999999978
680 5 17 18 0.2011949999999999
681 5 17 19 -0.011143500000000004
682 5 17 20 -0.07298
683 5 18 19 -0.12833149999999996
684 5 18 20 0.07338699999999997
685 5 19 20 0.030834999999999984
686 6 7 8 0.00360999999999999
687 6 7 9 -0.015831
688 6 7 10 0.06051429999999998
689 6 7 11 0.086038
690 6 7 12 0.003634999999999987
691 6 7 13 0.23476499999999992
692 6 7 14 -0.06381949999999996
693 6 7 15 0.07336499999999999
694 6 7 16 0.05980949999999999
695 6 7 17 0.12173699999999996
696 6 7 18 0.0041874999999999985
697 6 7 19 -0.04655799999999999
698 6 7 20 0.169745
699 6 8 9 0.0371315
700 6 8 10 0.0846115
701 6 8 11 0.12331949999999997
702 6 8 12 0.12967499999999998
703 6 8 13 0.14235899999999999
704 6 8 14 0.05706549999999998
705 6 8 15 0.01639500000000002
706 6 8 16 0.20147199999999996
707 6 8 17 0.0513475
708 6 8 18 0.14503999999999997
709 6 8 19 0.3670769999999999
710 6 8 20 0.12407999999999997
711 6 9 10 -0.04940749999999999
712 6 9 11 0.09697979999999998
713 6 9 12 0.0006000000000000004
714 6 9 13 -0.010355
715 6 9 14 0.06896949999999998
716 6 9 15 -0.01464999999999998
717 6 9 16 0.06965699999999998
718 6 9 17 0.04972899999999999
719 6 9 18 -0.056737499999999975
720 6 9 19 -0.09782799999999994
721 6 9 20 0.09034500000000001
722 6 10 11 -0.15667049999999993
723 6 10 12 0.11532399999999997
724 6 10 13 0.1010425
725 6 10 14 0.06332349999999998
726 6 10 15 -0.09102249999999998
727 6 10 16 -0.023191999999999997
728 6 10 17 0.061769999999999985
729 6 10 18 -0.07325499999999997
730 6 10 19 -0.018848999999999994
731 6 10 20 0.12380249999999995
732 6 11 12 -0.0164735
733 6 11 13 0.09775299999999996
734 6 11 14 -0.031967499999999996
735 6 11 15 -0.08145199999999998
736 6 11 16 -0.05718649999999999
737 6 11 17 -0.04035899999999999
738 6 11 18 -0.06600999999999999
739 6 11 19 -0.14923499999999995
740 6 11 20 -0.04433199999999998
741 6 12 13 -0.08209999999999996
742 6 12 14 0.018484499999999994
743 6 12 15 -0.12546999999999994
744 6 12 16 -0.016125499999999997
745 6 12 17 -0.08410999999999998
746 6 12 18 -0.015019999999999995
747 6 12 19 -0.21870299999999995
748 6 12 20 0.047979999999999995
749 6 13 14 0.08370549999999997
750 6 13 15 0.06244699999999998
751 6 13 16 0.01785349999999999
752 6 13 17 -0.21596249999999997
753 6 13 18 -0.13875249999999997
754 6 13 19 -0.19940299999999994
755 6 13 20 0.013549999999999993
756 6 14 15 -0.07790549999999997
757 6 14 16 -0.18539999999999995
758 6 14 17 -0.016193999999999997
759 6 14 18 -0.05823749999999998
760 6 14 19 0.029186499999999997
761 6 14 20 0.12847949999999997
762 6 15 16 -0.08801249999999998
763 6 15 17 -0.051194999999999984
764 6 15 18 -0.29125749999999995
765 6 15 19 -0.23493799999999995
766 6 15 20 -0.046079999999999996
767 6 16 17 -0.09678799999999999
768 6 16 18 0.08903199999999999
769 6 16 19 0.005281500000000004
770 6 16 20 0.06840949999999998
771 6 17 18 0.16499999999999995
772 6 17 19 -0.013453999999999995
773 6 17 20 -0.0034975000000000193
774 6 18 19 -0.09444699999999998
775 6 18 20 0.17906449999999996
776 6 19 20 0.10262799999999997
777 7 8 9 0.05657249999999999
778 7 8 10 0.027707199999999998
779 7 8 11 0.04089149999999999
780 7 8 12 0.12965
781 7 8 13 -0.08879599999999997
782 7 8 14 0.12449499999999995
783 7 8 15 -0.05335999999999999
784 7 8 16 0.14527249999999997
785 7 8 17 -0.06677949999999998
786 7 8 18 0.14446249999999997
787 7 8 19 0.41724499999999987
788 7 8 20 -0.04205499999999999
789 7 9 10 -0.1257528
790 7 9 11 -0.004889200000000001
791 7 9 12 -0.018866
792 7 9 13 -0.26095099999999993
793 7 9 14 0.11695799999999998
794 7 9 15 -0.10384599999999998
795 7 9 16 -0.005983500000000001
796 7 9 17 -0.08783899999999997
797 7 9 18 -0.07675599999999998
798 7 9 19 -0.06710099999999998
799 7 9 20 -0.09523099999999997
800 7 10 11 -0.18219419999999995
801 7 10 12 0.17220329999999998
802 7 10 13 -0.07320819999999999
803 7 10 14 0.18765729999999994
804 7 10 15 -0.10387319999999997
805 7 10 16 -0.0224872
806 7 10 17 0.0005473000000000003
807 7 10 18 -0.0169282
808 7 10 19 0.08822329999999996
809 7 10 20 0.014571799999999987
810 7 11 12 0.0659295
811 7 11 13 -0.05097399999999998
812 7 11 14 0.11788999999999998
813 7 11 15 -0.06877899999999998
814 7 11 16 -0.030958000000000003
815 7 11 17 -0.07605799999999999
816 7 11 18 0.015840499999999997
817 7 11 19 -0.016639
818 7 11 20 -0.128039
819 7 12 13 -0.3132299999999999
820 7 12 14 0.08593899999999996
821 7 12 15 -0.19519999999999996
822 7 12 16 -0.0723
823 7 12 17 -0.20221199999999998
824 7 12 18 -0.015572500000000006
825 7 12 19 -0.16850999999999994
826 7 12 20 -0.11813
827 7 13 14 0.3822899999999999
828 7 13 15 0.22384699999999996
829 7 13 16 0.19280899999999995
830 7 13 17 -0.10293449999999997
831 7 13 18 0.09182499999999999
832 7 13 19 0.08191999999999998
833 7 13 20 0.07856999999999996
834 7 14 15 -0.21508999999999995
835 7 14 16 -0.3090289999999999
836 7 14 17 -0.20175049999999997
837 7 14 18 -0.12624449999999998
838 7 14 19 0.011925000000000005
839 7 14 20 -0.10508499999999997
840 7 15 16 -0.07445699999999998
841 7 15 17 -0.09956699999999997
842 7 15 18 -0.22207999999999994
843 7 15 19 -0.11501499999999996
844 7 15 20 -0.14245999999999998
845 7 16 17 -0.15871549999999995
846 7 16 18 0.14465399999999995
847 7 16 19 0.11164899999999996
848 7 16 20 -0.04152599999999999
849 7 17 18 0.28254949999999995
850 7 17 19 0.15484099999999998
851 7 17 20 -0.05150550000000002
852 7 18 19 -0.0437015
853 7 18 20 0.013506999999999995
854 7 19 20 -0.11367499999999998
855 8 9 10 -0.0968875
856 8 9 11 0.010791799999999992
857 8 9 12 -0.09194349999999997
858 8 9 13 -0.11558249999999999
859 8 9 14 0.04903549999999999
860 8 9 15 0.0060865000000000155
861 8 9 16 -0.09468349999999996
862 8 9 17 0.035512999999999996
863 8 9 18 -0.16464599999999996
864 8 9 19 -0.42777349999999986
865 8 9 20 0.003396500000000001
866 8 10 11 -0.19537849999999993
867 8 10 12 0.07026049999999999
868 8 10 13 0.043294999999999986
869 8 10 14 0.09086949999999999
870 8 10 15 -0.02280599999999999
871 8 10 16 -0.14005249999999997
872 8 10 17 0.095034
873 8 10 18 -0.13368349999999996
874 8 10 19 -0.30131449999999993
875 8 10 20 0.08433399999999998
876 8 11 12 -0.022828999999999988
877 8 11 13 0.07871349999999998
878 8 11 14 0.0342865
879 8 11 15 0.025472500000000006
880 8 11 16 -0.13533899999999996
881 8 11 17 0.031613
882 8 11 18 -0.08773049999999998
883 8 11 19 -0.3929924999999999
884 8 11 20 -0.045092499999999994
885 8 12 13 -0.09478399999999997
886 8 12 14 0.091094
887 8 12 15 -0.012189999999999986
888 8 12 16 -0.08792249999999997
889 8 12 17 -0.005782499999999994
890 8 12 18 -0.030385
891 8 12 19 -0.45610499999999987
892 8 12 20 0.053574999999999984
893 8 13 14 0.16899899999999995
894 8 13 15 0.18841099999999997
895 8 13 16 -0.04125949999999999
896 8 13 17 -0.12495099999999995
897 8 13 18 -0.14143349999999993
898 8 13 19 -0.4241209999999999
899 8 13 20 0.03182899999999999
900 8 14 15 -0.03723499999999999
901 8 14 16 -0.32980649999999995
902 8 14 17 -0.010476000000000001
903 8 14 18 -0.14621199999999995
904 8 14 19 -0.28082499999999994
905 8 14 20 0.06146499999999998
906 8 15 16 -0.27308949999999993
907 8 15 17 -0.08614749999999997
908 8 15 18 -0.41990249999999996
909 8 15 19 -0.5856199999999999
910 8 15 20 -0.15376499999999999
911 8 16 17 0.05333649999999999
912 8 16 18 0.14546399999999995
913 8 16 19 -0.16032349999999998
914 8 16 20 0.14580149999999997
915 8 17 18 0.07130749999999997
916 8 17 19 -0.32918349999999996
917 8 17 20 -0.07623
918 8 18 19 -0.3164839999999999
919 8 18 20 0.20002449999999994
920 8 19 20 0.3456249999999999
921 9 10 11 -0.30305779999999993
922 9 10 12 0.06531649999999999
923 9 10 13 0.06198999999999998
924 9 10 14 -0.0550535
925 9 10 15 -0.12578
926 9 10 16 -0.14225649999999998
927 9 10 17 -0.0373665
928 9 10 18 -0.065925
929 9 10 19 0.029571499999999973
930 9 10 20 -0.015950000000000016
931 9 11 12 0.07990629999999999
932 9 11 13 0.20508779999999993
933 9 11 14 -0.003957199999999998
934 9 11 15 0.03017779999999998
935 9 11 16 -0.029863699999999993
936 9 11 17 0.006891799999999996
937 9 11 18 0.08770729999999997
938 9 11 19 0.045572799999999976
939 9 11 20 -0.0376972
940 9 12 13 -0.07114499999999997
941 9 12 14 -0.049885
942 9 12 15 -0.11021999999999997
943 9 12 16 -0.08518249999999998
944 9 12 17 -0.13323899999999997
945 9 12 18 0.04231749999999998
946 9 12 19 -0.12027499999999997
947 9 12 20 -0.041765
948 9 13 14 0.00438099999999999
949 9 13 15 0.06674199999999997
950 9 13 16 -0.06215850000000001
951 9 13 17 -0.2760464999999999
952 9 13 18 -0.09237
953 9 13 19 -0.11192999999999999
954 9 13 20 -0.08715
955 9 14 15 0.005713999999999995
956 9 14 16 -0.18608749999999996
957 9 14 17 0.0030464999999999967
958 9 14 18 0.06746949999999999
959 9 14 19 0.19598399999999996
960 9 14 20 0.10710399999999998
961 9 15 16 -0.17231949999999993
962 9 15 17 -0.11557399999999994
963 9 15 18 -0.2491699999999999
964 9 15 19 -0.15175999999999995
965 9 15 20 -0.15107499999999996
966 9 16 17 -0.07685999999999998
967 9 16 18 0.21542649999999994
968 9 16 19 0.17276649999999996
969 9 16 20 0.047721499999999986
970 9 17 18 0.27146649999999994
971 9 17 19 0.13410299999999997
972 9 17 20 -0.04411350000000002
973 9 18 19 -0.05335649999999999
974 9 18 20 0.03198199999999999
975 9 19 20 -0.08554499999999997
976 10 11 12 -0.2884679999999999
977 10 11 13 -0.1599599999999999
978 10 11 14 -0.2519614999999999
979 10 11 15 -0.14709999999999995
980 10 11 16 -0.19066499999999995
981 10 11 17 -0.2587994999999999
982 10 11 18 -0.14942549999999996
983 10 11 19 -0.28705649999999994
984 10 11 20 -0.32480499999999995
985 10 12 13 -0.06781849999999998
986 10 12 14 0.07048499999999998
987 10 12 15 0.08087649999999999
988 10 12 16 0.12239049999999997
989 10 12 17 -0.03055599999999999
990 10 12 18 0.173559
991 10 12 19 -0.08452999999999997
992 10 12 20 0.0395015
993 10 13 14 0.12142449999999998
994 10 13 15 0.2545119999999999
995 10 13 16 0.14208799999999996
996 10 13 17 -0.17668999999999996
997 10 13 18 0.03554499999999998
998 10 13 19 -0.07951149999999998
999 10 13 20 -0.009209999999999992
1000 10 14 15 0.07644049999999998
1001 10 14 16 -0.09888449999999997
1002 10 14 17 -0.014640499999999996
1003 10 14 18 0.07834099999999997
1004 10 14 19 0.11135899999999997
1005 10 14 20 0.06800049999999999
1006 10 15 16 -0.15584299999999998
1007 10 15 17 -0.20398749999999996
1008 10 15 18 -0.30902499999999994
1009 10 15 19 -0.3071114999999999
1010 10 15 20 -0.26090499999999994
1011 10 16 17 -0.18174999999999994
1012 10 16 18 0.13909499999999997
1013 10 16 19 0.0009384999999999975
1014 10 16 20 -0.07858499999999997
1015 10 17 18 0.300025
1016 10 17 19 0.06716499999999999
1017 10 17 20 -0.06552999999999998
1018 10 18 19 -0.14885299999999999
1019 10 18 20 -0.01799299999999999
1020 10 19 20 -0.0400235
1021 11 12 13 -0.19632649999999996
1022 11 12 14 0.033978499999999995
1023 11 12 15 -0.060491499999999976
1024 11 12 16 0.024587499999999998
1025 11 12 17 -0.06022449999999997
1026 11 12 18 0.03451649999999999
1027 11 12 19 -0.08594149999999996
1028 11 12 20 0.07583849999999999
1029 11 13 14 0.21342599999999995
1030 11 13 15 0.24165199999999992
1031 11 13 16 0.17279299999999997
1032 11 13 17 -0.07785049999999998
1033 11 13 18 0.02501050000000001
1034 11 13 19 0.047584999999999995
1035 11 13 20 0.15563499999999997
1036 11 14 15 -0.028420999999999988
1037 11 14 16 -0.16018099999999996
1038 11 14 17 -0.0078025
1039 11 14 18 -0.024194999999999994
1040 11 14 19 0.14645399999999995
1041 11 14 20 0.14084399999999997
1042 11 15 16 -0.11227799999999998
1043 11 15 17 -0.09228799999999998
1044 11 15 18 -0.30669949999999996
1045 11 15 19 -0.16715499999999994
1046 11 15 20 -0.08319999999999998
1047 11 16 17 -0.11361549999999997
1048 11 16 18 0.09785549999999997
1049 11 16 19 0.09732999999999997
1050 11 16 20 0.05555499999999999
1051 11 17 18 0.19065099999999996
1052 11 17 19 0.09542199999999998
1053 11 17 20 0.00047549999999998413
1054 11 18 19 -0.011221999999999996
1055 11 18 20 0.15738649999999998
1056 11 19 20 -0.002275000000000004
1057 12 13 14 -0.016878999999999995
1058 12 13 15 0.10581699999999997
1059 12 13 16 -0.04812099999999998
1060 12 13 17 -0.21395249999999993
1061 12 13 18 -0.20583249999999995
1062 12 13 19 -0.0628
1063 12 13 20 -0.11652999999999998
1064 12 14 15 0.06604899999999998
1065 12 14 16 -0.15078999999999995
1066 12 14 17 0.08640049999999996
1067 12 14 18 -0.02473299999999999
1068 12 14 19 0.26637399999999994
1069 12 14 20 0.09898399999999999
1070 12 15 16 -0.19735699999999995
1071 12 15 17 -0.09255499999999997
1072 12 15 18 -0.40170749999999994
1073 12 15 19 -0.14170499999999997
1074 12 15 20 -0.21952999999999995
1075 12 16 17 -0.028803499999999996
1076 12 16 18 0.08792649999999998
1077 12 16 19 0.20785899999999996
1078 12 16 20 0.004303999999999995
1079 12 17 18 0.09590999999999997
1080 12 17 19 0.12113899999999994
1081 12 17 20 -0.13558749999999997
1082 12 18 19 0.10923599999999997
1083 12 18 20 0.11606449999999999
1084 12 19 20 -0.16405499999999995
1085 13 14 15 -0.056646999999999975
1086 13 14 16 -0.11954799999999996
1087 13 14 17 0.2834739999999999
1088 13 14 18 0.1642205
1089 13 14 19 0.3122949999999999
1090 13 14 20 0.19863499999999998
1091 13 15 16 -0.04341899999999999
1092 13 15 17 0.22721449999999996
1093 13 15 18 -0.09005799999999999
1094 13 15 19 0.026911999999999995
1095 13 15 20 0.0028169999999999797
1096 13 16 17 0.13702799999999993
1097 13 16 18 0.24563799999999997
1098 13 16 19 0.22253799999999993
1099 13 16 20 0.07271299999999997
1100 13 17 18 0.08778999999999998
1101 13 17 19 -0.030013499999999988
1102 13 17 20 -0.2330099999999999
1103 13 18 19 -0.033796499999999986
1104 13 18 20 0.026761999999999998
1105 13 19 20 -0.11032499999999998
1106 14 15 16 0.019481999999999996
1107 14 15 17 -0.11290649999999997
1108 14 15 18 -0.3109254999999999
1109 14 15 19 -0.3420299999999999
1110 14 15 20 -0.252465
1111 14 16 17 -0.26599399999999995
1112 14 16 18 -0.03813049999999999
1113 14 16 19 -0.20930499999999994
1114 14 16 20 -0.2454699999999999
1115 14 17 18 0.2070434999999999
1116 14 17 19 -0.05883449999999999
1117 14 17 20 -0.14817099999999997
1118 14 18 19 -0.18187099999999995
1119 14 18 20 -0.007652499999999995
1120 14 19 20 0.003334999999999998
1121 15 16 17 -0.13360549999999996
1122 15 16 18 0.2922769999999999
1123 15 16 19 0.15220699999999995
1124 15 16 20 0.026477
1125 15 17 18 0.40506249999999994
1126 15 17 19 0.17028899999999997
1127 15 17 20 -0.008612499999999999
1128 15 18 19 -0.15076649999999997
1129 15 18 20 -0.06611299999999999
1130 15 19 20 -0.08622999999999997
1131 16 17 18 -0.02082000000000001
1132 16 17 19 -0.11552349999999999
1133 16 17 20 -0.16869499999999998
1134 16 18 19 -0.010696499999999994
1135 16 18 20 0.19968699999999992
1136 16 19 20 0.039499999999999966
1137 17 18 19 0.08400699999999998
1138 17 18 20 0.3475619999999999
1139 17 19 20 0.09267149999999996
1140 18 19 20 -0.17088349999999997
