t i j k u[t]=u_ijk
1 1 2 3 0.07751900000000002
2 1 2 4 0.15671500000000002
3 1 2 5 0.24459499999999998
4 1 2 6 0.16159325
5 1 2 7 0.23359249999999998
6 1 2 8 0.131633
7 1 2 9 0.3198885
8 1 2 10 0.21086
9 1 2 11 -0.003259999999999996
10 1 2 12 0.023570000000000042
11 1 2 13 0.07565500000000001
12 1 2 14 0.21209999999999998
13 1 2 15 0.29847
14 1 2 16 0.15027499999999996
15 1 2 17 0.25531
16 1 2 18 0.411765
17 1 2 19 0.3596749999999999
18 1 2 20 0.12819499999999998
19 1 3 4 0.1367445
20 1 3 5 0.07910500000000002
21 1 3 6 0.016893000000000002
22 1 3 7 0.05376000000000001
23 1 3 8 -0.04954199999999999
24 1 3 9 0.0037250000000000004
25 1 3 10 0.15494
26 1 3 11 0.00622999999999998
27 1 3 12 0.0745
28 1 3 13 -0.010855000000000004
29 1 3 14 0.19018000000000002
30 1 3 15 0.200115
31 1 3 16 0.046520000000000006
32 1 3 17 -0.013854999999999994
33 1 3 18 0.45130499999999996
34 1 3 19 0.18173999999999998
35 1 3 20 0.04589500000000001
36 1 4 5 -0.06022499999999998
37 1 4 6 0.061498000000000004
38 1 4 7 0.001889500000000005
39 1 4 8 0.155588
40 1 4 9 -0.02423999999999998
41 1 4 10 0.024429999999999997
42 1 4 11 -0.284815
43 1 4 12 -0.08509499999999999
44 1 4 13 -0.160175
45 1 4 14 0.14062
46 1 4 15 0.0775585
47 1 4 16 -0.05928499999999999
48 1 4 17 0.04783500000000001
49 1 4 18 0.199025
50 1 4 19 0.04249499999999999
51 1 4 20 -0.010594999999999999
52 1 5 6 -0.18115599999999998
53 1 5 7 -0.13924
54 1 5 8 -0.246312
55 1 5 9 -0.12084999999999999
56 1 5 10 -0.03194250000000001
57 1 5 11 -0.11612
58 1 5 12 -0.12277499999999998
59 1 5 13 -0.22355
60 1 5 14 0.11339799999999998
61 1 5 15 -0.005691000000000013
62 1 5 16 -0.057175000000000004
63 1 5 17 0.0040519999999999836
64 1 5 18 0.14342499999999997
65 1 5 19 -0.03878500000000002
66 1 5 20 -0.1817
67 1 6 7 0.0513
68 1 6 8 0.048792
69 1 6 9 0.009752000000000026
70 1 6 10 0.06338699999999999
71 1 6 11 -0.05734299999999999
72 1 6 12 -0.035797999999999996
73 1 6 13 0.03462899999999999
74 1 6 14 0.17444199999999999
75 1 6 15 0.143227
76 1 6 16 0.165725
77 1 6 17 0.14646749999999997
78 1 6 18 0.17571199999999995
79 1 6 19 0.11143699999999995
80 1 6 20 0.037192
81 1 7 8 -0.0744875
82 1 7 9 -0.151865
83 1 7 10 0.07983049999999998
84 1 7 11 0.08826799999999999
85 1 7 12 0.047431999999999995
86 1 7 13 -0.32445999999999997
87 1 7 14 0.05219999999999998
88 1 7 15 -0.05404500000000003
89 1 7 16 -0.25379
90 1 7 17 0.05066499999999997
91 1 7 18 0.25637499999999996
92 1 7 19 0.08518999999999996
93 1 7 20 0.0017919999999999935
94 1 8 9 0.04814000000000001
95 1 8 10 0.082414
96 1 8 11 -0.036908
97 1 8 12 -0.15027799999999997
98 1 8 13 -0.14011800000000002
99 1 8 14 0.16141199999999997
100 1 8 15 0.194972
101 1 8 16 -0.166538
102 1 8 17 -0.11840799999999999
103 1 8 18 0.266897
104 1 8 19 -0.02359300000000002
105 1 8 20 0.130507
106 1 9 10 0.01627099999999998
107 1 9 11 -0.12133500000000001
108 1 9 12 0.06053499999999999
109 1 9 13 -0.089334
110 1 9 14 0.18439899999999998
111 1 9 15 -0.11158500000000002
112 1 9 16 0.031020899999999994
113 1 9 17 -0.08193000000000002
114 1 9 18 0.23484499999999997
115 1 9 19 0.07459499999999997
116 1 9 20 -0.047222000000000014
117 1 10 11 -0.0363481
118 1 10 12 0.02999500000000001
119 1 10 13 -0.10561999999999999
120 1 10 14 0.019365000000000007
121 1 10 15 -0.045145
122 1 10 16 0.01636300000000001
123 1 10 17 -0.245685
124 1 10 18 0.004625000000000012
125 1 10 19 0.07211999999999999
126 1 10 20 -0.12313999999999997
127 1 11 12 -0.037156499999999995
128 1 11 13 -0.1632735
129 1 11 14 0.13552050000000002
130 1 11 15 0.17701
131 1 11 16 0.02942180000000001
132 1 11 17 0.12685499999999997
133 1 11 18 0.3131045
134 1 11 19 0.106594
135 1 11 20 0.0252485
136 1 12 13 -0.22033
137 1 12 14 0.297
138 1 12 15 -0.002545000000000008
139 1 12 16 0.034901999999999996
140 1 12 17 -0.03310500000000001
141 1 12 18 0.4628599999999999
142 1 12 19 0.302365
143 1 12 20 0.10580499999999998
144 1 13 14 0.2899455
145 1 13 15 0.23082949999999997
146 1 13 16 0.2048005
147 1 13 17 0.243329
148 1 13 18 0.491887
149 1 13 19 0.2448395
150 1 13 20 0.12479769999999998
151 1 14 15 -0.007045000000000012
152 1 14 16 -0.14408966999999998
153 1 14 17 -0.07965950000000002
154 1 14 18 0.23644499999999996
155 1 14 19 -0.22316999999999998
156 1 14 20 -0.07457
157 1 15 16 -0.14992999999999998
158 1 15 17 0.14737
159 1 15 18 0.19348999999999997
160 1 15 19 0.02955899999999999
161 1 15 20 -0.133765
162 1 16 17 0.23480499999999999
163 1 16 18 0.37556999999999996
164 1 16 19 0.020834999999999982
165 1 16 20 0.12163500000000001
166 1 17 18 0.25471249999999995
167 1 17 19 -0.016405000000000003
168 1 17 20 0.086115
169 1 18 19 -0.12434999999999999
170 1 18 20 -0.3612635
171 1 19 20 -0.03721499999999998
172 2 3 4 0.057548499999999995
173 2 3 5 -0.087971
174 2 3 6 -0.06718124999999998
175 2 3 7 -0.10231349999999999
176 2 3 8 -0.103656
177 2 3 9 -0.2386445
178 2 3 10 0.021599
179 2 3 11 0.087009
180 2 3 12 0.12844899999999998
181 2 3 13 -0.00899100000000001
182 2 3 14 0.055598999999999996
183 2 3 15 -0.020835999999999997
184 2 3 16 -0.026235999999999992
185 2 3 17 -0.191646
186 2 3 18 0.11705899999999998
187 2 3 19 -0.10041599999999998
188 2 3 20 -0.004780999999999991
189 2 4 5 -0.148105
190 2 4 6 0.056619749999999996
191 2 4 7 -0.074988
192 2 4 8 0.18067
193 2 4 9 -0.18741349999999998
194 2 4 10 -0.029715000000000002
195 2 4 11 -0.12483999999999996
196 2 4 12 0.04804999999999999
197 2 4 13 -0.079115
198 2 4 14 0.085235
199 2 4 15 -0.0641965
200 2 4 16 -0.052844999999999996
201 2 4 17 -0.05076
202 2 4 18 -0.05602499999999999
203 2 4 19 -0.160465
204 2 4 20 0.01792499999999999
205 2 5 6 -0.09815425
206 2 5 7 -0.1282375
207 2 5 8 -0.13335
208 2 5 9 -0.1961435
209 2 5 10 0.0017925000000000024
210 2 5 11 0.131735
211 2 5 12 0.09824999999999998
212 2 5 13 -0.054610000000000006
213 2 5 14 0.14589299999999997
214 2 5 15 -0.059565999999999994
215 2 5 16 0.037145000000000004
216 2 5 17 -0.006663000000000001
217 2 5 18 -0.023745000000000016
218 2 5 19 -0.153865
219 2 5 20 -0.06530000000000001
220 2 6 7 -0.02069925
221 2 6 8 0.07875225
222 2 6 9 -0.14854325
223 2 6 10 0.01412024999999999
224 2 6 11 0.10751025
225 2 6 12 0.10222524999999996
226 2 6 13 0.12056724999999999
227 2 6 14 0.12393524999999998
228 2 6 15 0.006350250000000002
229 2 6 16 0.17704325
230 2 6 17 0.05275075
231 2 6 18 -0.07445975000000002
232 2 6 19 -0.08664474999999999
233 2 6 20 0.07059025
234 2 7 8 0.027472000000000007
235 2 7 9 -0.238161
236 2 7 10 0.102563
237 2 7 11 0.3251205
238 2 7 12 0.2574545
239 2 7 13 -0.1665225
240 2 7 14 0.07369249999999998
241 2 7 15 -0.1189225
242 2 7 16 -0.17047249999999997
243 2 7 17 0.02894749999999999
244 2 7 18 0.0782025
245 2 7 19 -0.0408925
246 2 7 20 0.1071895
247 2 8 9 -0.1401155
248 2 8 10 0.0031869999999999954
249 2 8 11 0.09798499999999996
250 2 8 12 -0.042215
251 2 8 13 -0.08414
252 2 8 14 0.08094499999999999
253 2 8 15 0.028135
254 2 8 16 -0.18517999999999998
255 2 8 17 -0.242085
256 2 8 18 -0.013234999999999997
257 2 8 19 -0.251635
258 2 8 20 0.13394499999999998
259 2 9 10 0.12529949999999998
260 2 9 11 0.2018135
261 2 9 12 0.35685349999999993
262 2 9 13 0.1548995
263 2 9 14 0.2921875
264 2 9 15 -0.0901665
265 2 9 16 0.2006344
266 2 9 17 -0.017351499999999985
267 2 9 18 0.14296849999999997
268 2 9 19 0.0348085
269 2 9 20 0.14447149999999997
270 2 10 11 0.17777189999999998
271 2 10 12 0.21728499999999998
272 2 10 13 0.029584999999999993
273 2 10 14 0.01812499999999999
274 2 10 15 -0.132755
275 2 10 16 0.07694800000000002
276 2 10 17 -0.290135
277 2 10 18 -0.19628
278 2 10 19 -0.076695
279 2 10 20 -0.040475000000000004
280 2 11 12 -0.06398650000000002
281 2 11 13 -0.24218849999999997
282 2 11 14 -0.0798395
283 2 11 15 -0.12471999999999997
284 2 11 16 -0.12411319999999999
285 2 11 17 -0.13171499999999997
286 2 11 18 -0.10192049999999998
287 2 11 19 -0.25634100000000004
288 2 11 20 -0.1062065
289 2 12 13 -0.27241499999999996
290 2 12 14 0.10847
291 2 12 15 -0.27744499999999994
292 2 12 16 -0.09180299999999997
293 2 12 17 -0.26484499999999994
294 2 12 18 0.07466500000000001
295 2 12 19 -0.03373999999999999
296 2 12 20 0.001180000000000003
297 2 13 14 0.1535005
298 2 13 15 0.008014500000000008
299 2 13 16 0.1301805
300 2 13 17 0.06367400000000001
301 2 13 18 0.155777
302 2 13 19 -0.039180499999999986
303 2 13 20 0.0722577
304 2 14 15 -0.09341499999999998
305 2 14 16 -0.08226466999999997
306 2 14 17 -0.12286949999999998
307 2 14 18 0.03678
308 2 14 19 -0.37074499999999994
309 2 14 20 0.009335000000000005
310 2 15 16 -0.0017349999999999976
311 2 15 17 0.19052999999999998
312 2 15 18 0.08019499999999997
313 2 15 19 -0.031645999999999994
314 2 15 20 0.03650999999999999
315 2 16 17 0.12976999999999997
316 2 16 18 0.11408
317 2 16 19 -0.188565
318 2 16 20 0.14371499999999998
319 2 17 18 0.0982575
320 2 17 19 -0.12076999999999999
321 2 17 20 0.21323
322 2 18 19 -0.07225999999999999
323 2 18 20 -0.0776935
324 2 19 20 0.194265
325 3 4 5 -0.0025854999999999962
326 3 4 6 0.1813495
327 3 4 7 0.08487399999999999
328 3 4 8 0.3418745
329 3 4 9 0.1087795
330 3 4 10 0.006234500000000008
331 3 4 11 -0.15430049999999995
332 3 4 12 -0.022850499999999992
333 3 4 13 -0.012575499999999995
334 3 4 14 0.08718450000000001
335 3 4 15 0.014188
336 3 4 16 0.03093950000000001
337 3 4 17 0.1984345
338 3 4 18 -0.1155355
339 3 4 19 -0.0025004999999999945
340 3 4 20 0.08025449999999999
341 3 5 6 -0.11894399999999997
342 3 5 7 -0.11389499999999998
343 3 5 8 -0.11766499999999999
344 3 5 9 -0.04547
345 3 5 10 -0.10777749999999998
346 3 5 11 -0.043244999999999985
347 3 5 12 -0.11816999999999997
348 3 5 13 -0.13359
349 3 5 14 0.0023230000000000082
350 3 5 15 -0.12670099999999998
351 3 5 16 -0.024589999999999987
352 3 5 17 0.097012
353 3 5 18 -0.22877499999999998
354 3 5 19 -0.14142
355 3 5 20 -0.14849
356 3 6 7 0.014432999999999994
357 3 6 8 0.115227
358 3 6 9 0.022920000000000006
359 3 6 10 -0.07465999999999999
360 3 6 11 -0.04667999999999999
361 3 6 12 -0.093405
362 3 6 13 0.062377
363 3 6 14 0.0011549999999999948
364 3 6 15 -0.039994999999999996
365 3 6 16 0.136098
366 3 6 17 0.17721549999999994
367 3 6 18 -0.2587
368 3 6 19 -0.05341
369 3 6 20 0.008189999999999985
370 3 7 8 0.028814500000000007
371 3 7 9 -0.10183
372 3 7 10 -0.021349499999999993
373 3 7 11 0.13579799999999997
374 3 7 12 0.026692000000000004
375 3 7 13 -0.25984499999999994
376 3 7 14 -0.08422
377 3 7 15 -0.20039999999999997
378 3 7 16 -0.24654999999999994
379 3 7 17 0.11827999999999998
380 3 7 18 -0.14117
381 3 7 19 -0.04278999999999999
382 3 7 20 0.009656999999999992
383 3 8 9 -0.005127000000000003
384 3 8 10 -0.122068
385 3 8 11 -0.09268000000000001
386 3 8 12 -0.27431999999999995
387 3 8 13 -0.178805
388 3 8 14 -0.07830999999999999
389 3 8 15 -0.05468499999999999
390 3 8 16 -0.2626
391 3 8 17 -0.154095
392 3 8 18 -0.23395000000000002
393 3 8 19 -0.254875
394 3 8 20 0.03506999999999999
395 3 9 10 -0.13494399999999998
396 3 9 11 -0.12383999999999999
397 3 9 12 -0.010239999999999992
398 3 9 13 -0.07475399999999999
399 3 9 14 -0.0020559999999999992
400 3 9 15 -0.30797499999999994
401 3 9 16 -0.01177409999999999
402 3 9 17 -0.06434999999999999
403 3 9 18 -0.21273499999999995
404 3 9 19 -0.10341999999999998
405 3 9 20 -0.089392
406 3 10 11 0.11236189999999999
407 3 10 12 0.110435
408 3 10 13 0.060175
409 3 10 14 -0.015875000000000004
410 3 10 15 -0.09032
411 3 10 16 0.124783
412 3 10 17 -0.07688999999999999
413 3 10 18 -0.29174
414 3 10 19 0.04532
415 3 10 20 -0.014095000000000014
416 3 11 12 -0.10542649999999999
417 3 11 13 -0.1461885
418 3 11 14 -0.0484295
419 3 11 15 -0.016874999999999994
420 3 11 16 -0.010868199999999995
421 3 11 17 0.14694
422 3 11 18 -0.1319705
423 3 11 19 -0.06891599999999999
424 3 11 20 -0.014416500000000016
425 3 12 13 -0.13497499999999998
426 3 12 14 0.18131999999999998
427 3 12 15 -0.12816
428 3 12 16 0.06288200000000001
429 3 12 17 0.055249999999999994
430 3 12 18 0.08605499999999999
431 3 12 19 0.195125
432 3 12 20 0.13440999999999997
433 3 13 14 0.08891049999999999
434 3 13 15 0.019859499999999995
435 3 13 16 0.1474255
436 3 13 17 0.246329
437 3 13 18 0.029726999999999996
438 3 13 19 0.0522445
439 3 13 20 0.06804769999999999
440 3 14 15 -0.016979999999999995
441 3 14 16 -0.00042966999999999073
442 3 14 17 0.12437549999999999
443 3 14 18 -0.024680000000000004
444 3 14 19 -0.21472999999999998
445 3 14 20 0.069715
446 3 15 16 0.0036650000000000072
447 3 15 17 0.36134
448 3 15 18 -0.05769999999999999
449 3 15 19 0.04793399999999999
450 3 15 20 0.02045499999999998
451 3 16 17 0.29517999999999994
452 3 16 18 -0.029215
453 3 16 19 -0.114385
454 3 16 20 0.12226
455 3 17 18 -0.21044749999999998
456 3 17 19 -0.212
457 3 17 20 0.026364999999999996
458 3 18 19 0.145215
459 3 18 20 0.044146499999999984
460 3 19 20 0.09862999999999998
461 4 5 6 -0.302879
462 4 5 7 -0.20135450000000002
463 4 5 8 -0.462125
464 4 5 9 -0.156835
465 4 5 10 -0.11659749999999999
466 4 5 11 0.10846999999999998
467 4 5 12 -0.09790499999999999
468 4 5 13 -0.12359999999999996
469 4 5 14 -0.087447
470 4 5 15 -0.1434745
471 4 5 16 -0.05811499999999999
472 4 5 17 -0.10400799999999999
473 4 5 18 -0.115825
474 4 5 19 -0.141505
475 4 5 20 -0.23132999999999995
476 4 6 7 0.11090849999999998
477 4 6 8 -0.045298000000000005
478 4 6 9 0.09549000000000003
479 4 6 10 0.100455
480 4 6 11 0.28897000000000006
481 4 6 12 0.11079499999999999
482 4 6 13 0.25630200000000003
483 4 6 14 0.09531999999999997
484 4 6 15 0.1271665
485 4 6 16 0.286508
486 4 6 17 0.1601305
487 4 6 18 0.038185000000000004
488 4 6 19 0.13044
489 4 6 20 0.10928499999999998
490 4 7 8 -0.228186
491 4 7 9 -0.1257355
492 4 7 10 0.057289999999999994
493 4 7 11 0.37497249999999993
494 4 7 12 0.1344165
495 4 7 13 -0.16239549999999997
496 4 7 14 -0.08653050000000002
497 4 7 15 -0.12971400000000002
498 4 7 16 -0.1926155
499 4 7 17 0.004719499999999999
500 4 7 18 0.059239499999999994
501 4 7 19 0.0445845
502 4 7 20 0.014276499999999996
503 4 8 9 0.22796800000000003
504 4 8 10 0.213572
505 4 8 11 0.403495
506 4 8 12 0.09040500000000001
507 4 8 13 0.175645
508 4 8 14 0.17637999999999995
509 4 8 15 0.27300149999999995
510 4 8 16 0.04833499999999997
511 4 8 17 -0.01065499999999999
512 4 8 18 0.22346000000000002
513 4 8 19 0.08950000000000004
514 4 8 20 0.29669
515 4 9 10 -0.032399
516 4 9 11 0.13923999999999997
517 4 9 12 0.12139000000000001
518 4 9 13 0.046601000000000004
519 4 9 14 0.019538999999999997
520 4 9 15 -0.2133835
521 4 9 16 0.06606590000000001
522 4 9 17 -0.15400499999999998
523 4 9 18 0.01157999999999999
524 4 9 19 0.00786
525 4 9 20 -0.060867000000000004
526 4 10 11 0.27289689999999994
527 4 10 12 0.13952
528 4 10 13 0.078985
529 4 10 14 -0.096825
530 4 10 15 -0.0982735
531 4 10 16 0.10007799999999999
532 4 10 17 -0.26909
533 4 10 18 -0.16996999999999998
534 4 10 19 0.054055000000000006
535 4 10 20 -0.08811499999999999
536 4 11 12 -0.23687649999999996
537 4 11 13 -0.2879135
538 4 11 14 -0.28991449999999996
539 4 11 15 -0.18536349999999996
540 4 11 16 -0.19610819999999995
541 4 11 17 -0.20579499999999998
542 4 11 18 -0.17073549999999996
543 4 11 19 -0.220716
544 4 11 20 -0.24897149999999996
545 4 12 13 -0.14525000000000002
546 4 12 14 0.07128499999999997
547 4 12 15 -0.1651985
548 4 12 16 0.009092
549 4 12 17 -0.166035
550 4 12 18 0.17873999999999998
551 4 12 19 0.17477499999999999
552 4 12 20 0.03130499999999999
553 4 13 14 -0.010849500000000008
554 4 13 15 -0.006904000000000004
555 4 13 16 0.10391049999999999
556 4 13 17 0.035318999999999996
557 4 13 18 0.132687
558 4 13 19 0.0421695
559 4 13 20 -0.0247823
560 4 14 15 0.0560165
561 4 14 16 0.05581533
562 4 14 17 0.013125500000000003
563 4 14 18 0.17803999999999998
564 4 14 19 -0.125045
565 4 14 20 0.076645
566 4 15 16 -0.013086499999999989
567 4 15 17 0.17709350000000001
568 4 15 18 0.07202349999999999
569 4 15 19 0.06462249999999999
570 4 15 20 -0.045611500000000006
571 4 16 17 0.12768499999999997
572 4 16 18 0.11726
573 4 16 19 -0.080945
574 4 16 20 0.072945
575 4 17 18 0.1035225
576 4 17 19 -0.01106499999999999
577 4 17 20 0.144545
578 4 18 19 0.03218000000000001
579 4 18 20 -0.1516435
580 4 19 20 0.015875000000000004
581 5 6 7 0.009384000000000003
582 5 6 8 0.11394800000000001
583 5 6 9 -0.05055399999999999
584 5 6 10 -0.0858265
585 5 6 11 -0.12237899999999999
586 5 6 12 -0.09417900000000001
587 5 6 13 0.077023
588 5 6 14 -0.120112
589 5 6 15 -0.032237999999999996
590 5 6 16 0.041743999999999996
591 5 6 17 -0.0387405
592 5 6 18 -0.148869
593 5 6 19 -0.030934000000000014
594 5 6 20 0.03773599999999999
595 5 7 8 0.0325845
596 5 7 9 -0.17025500000000002
597 5 7 10 -0.027467000000000005
598 5 7 11 0.065148
599 5 7 12 0.030966999999999988
600 5 7 13 -0.24015
601 5 7 14 -0.20043800000000003
602 5 7 15 -0.187594
603 5 7 16 -0.335855
604 5 7 17 -0.09262700000000001
605 5 7 18 -0.026290000000000015
606 5 7 19 -0.015265000000000006
607 5 7 20 0.044252
608 5 8 9 -0.077322
609 5 8 10 -0.1319555
610 5 8 11 -0.16710000000000003
611 5 8 12 -0.273815
612 5 8 13 -0.16288
613 5 8 14 -0.198298
614 5 8 15 -0.04564900000000001
615 5 8 16 -0.355675
616 5 8 17 -0.368772
617 5 8 18 -0.12283999999999998
618 5 8 19 -0.23111999999999996
619 5 8 20 0.065895
620 5 9 10 -0.0726365
621 5 9 11 -0.126065
622 5 9 12 0.062459999999999995
623 5 9 13 0.013365999999999994
624 5 9 14 -0.049849000000000004
625 5 9 15 -0.226744
626 5 9 16 -0.0326541
627 5 9 17 -0.20683199999999996
628 5 9 18 -0.02943000000000001
629 5 9 19 -0.00747000000000001
630 5 9 20 0.013628
631 5 10 11 0.0478294
632 5 10 12 0.12082749999999999
633 5 10 13 0.0859875
634 5 10 14 -0.1259755
635 5 10 15 -0.07139649999999999
636 5 10 16 0.0415955
637 5 10 17 -0.28167949999999997
638 5 10 18 -0.17074249999999996
639 5 10 19 0.07896249999999999
640 5 10 20 0.026617500000000016
641 5 11 12 -0.0305015
642 5 11 13 -0.0558435
643 5 11 14 -0.0939975
644 5 11 15 0.066581
645 5 11 16 -0.029523199999999996
646 5 11 17 0.006683000000000005
647 5 11 18 0.0535595
648 5 11 19 0.029259
649 5 11 20 0.09082849999999999
650 5 12 13 -0.11955499999999998
651 5 12 14 0.060827
652 5 12 15 -0.11962899999999999
653 5 12 16 -0.030697999999999993
654 5 12 17 -0.15993199999999996
655 5 12 18 0.19666
656 5 12 19 0.21837499999999996
657 5 12 20 0.16473000000000002
658 5 13 14 -0.047002499999999996
659 5 13 15 0.012970500000000001
660 5 13 16 0.03842550000000001
661 5 13 17 0.015727
662 5 13 18 0.124912
663 5 13 19 0.06007450000000001
664 5 13 20 0.08294770000000001
665 5 14 15 0.11204399999999998
666 5 14 16 0.026483330000000006
667 5 14 17 0.029686500000000005
668 5 14 18 0.20641799999999996
669 5 14 19 -0.070987
670 5 14 20 0.220528
671 5 15 16 -0.09844599999999998
672 5 15 17 0.137627
673 5 15 18 0.04437400000000001
674 5 15 19 0.06265299999999999
675 5 15 20 0.042244000000000004
676 5 16 17 0.17357799999999995
677 5 16 18 0.17497000000000001
678 5 16 19 0.002444999999999997
679 5 16 20 0.24616000000000002
680 5 17 18 0.11533950000000001
681 5 17 19 0.02643200000000001
682 5 17 20 0.271867
683 5 18 19 0.05786
684 5 18 20 -0.0361385
685 5 19 20 0.1057
686 6 7 8 -0.07197949999999999
687 6 7 9 -0.110317
688 6 7 10 0.06774350000000001
689 6 7 11 0.196911
690 6 7 12 0.13453
691 6 7 13 -0.307789
692 6 7 14 -0.070942
693 6 7 15 -0.145972
694 6 7 16 -0.36821499999999996
695 6 7 17 -0.0445025
696 6 7 18 0.131963
697 6 7 19 0.025052999999999992
698 6 7 20 0.0159
699 6 8 9 0.08718000000000001
700 6 8 10 0.06781900000000002
701 6 8 11 0.069227
702 6 8 12 -0.06568799999999997
703 6 8 13 -0.12595499999999998
704 6 8 14 0.035762000000000016
705 6 8 15 0.100537
706 6 8 16 -0.28347100000000003
707 6 8 17 -0.2160835
708 6 8 18 0.139977
709 6 8 19 -0.08623799999999997
710 6 8 20 0.142107
711 6 9 10 -0.03736399999999999
712 6 9 11 -0.05424
713 6 9 12 0.10608500000000003
714 6 9 13 -0.114211
715 6 9 14 0.01970900000000001
716 6 9 15 -0.24506
717 6 9 16 -0.12495209999999998
718 6 9 17 -0.21864549999999994
719 6 9 18 0.06888500000000002
720 6 9 19 -0.02708999999999999
721 6 9 20 -0.07466199999999998
722 6 10 11 0.0843819
723 6 10 12 0.12918
724 6 10 13 -0.07686200000000001
725 6 10 14 -0.09169000000000001
726 6 10 15 -0.12498500000000001
727 6 10 16 -0.085975
728 6 10 17 -0.32876549999999993
729 6 10 18 -0.10769999999999999
730 6 10 19 0.024069999999999998
731 6 10 20 -0.09694499999999999
732 6 11 12 -0.05870149999999998
733 6 11 13 -0.25524549999999996
734 6 11 14 -0.09626449999999999
735 6 11 15 -0.02355999999999998
736 6 11 16 -0.19364619999999996
737 6 11 17 -0.07695549999999998
738 6 11 18 0.08004950000000002
739 6 11 19 -0.062185999999999984
740 6 11 20 -0.06928649999999999
741 6 12 13 -0.290757
742 6 12 14 0.08676
743 6 12 15 -0.18156999999999998
744 6 12 16 -0.166621
745 6 12 17 -0.21537049999999996
746 6 12 18 0.25135
747 6 12 19 0.15513
748 6 12 20 0.03281499999999999
749 6 13 14 0.1501325
750 6 13 15 0.12223149999999999
751 6 13 16 0.07370449999999999
752 6 13 17 0.1314905
753 6 13 18 0.350804
754 6 13 19 0.16803150000000003
755 6 13 20 0.12223469999999999
756 6 14 15 0.024169999999999994
757 6 14 16 -0.13537266999999997
758 6 14 17 -0.051685
759 6 14 18 0.235175
760 6 14 19 -0.160165
761 6 14 20 0.06268
762 6 15 16 -0.17242799999999997
763 6 15 17 0.1441295
764 6 15 18 0.161005
765 6 15 19 0.061349000000000015
766 6 15 20 -0.02773
767 6 16 17 0.25406249999999997
768 6 16 18 0.36558300000000005
769 6 16 19 0.075123
770 6 16 20 0.25016800000000006
771 6 17 18 0.225468
772 6 17 19 0.018625500000000007
773 6 17 20 0.1953905
774 6 18 19 -0.06007500000000001
775 6 18 20 -0.2227435
776 6 19 20 0.03703000000000001
777 7 8 9 0.1255175
778 7 8 10 -0.071904
779 7 8 11 -0.1996635
780 7 8 12 -0.2721974999999999
781 7 8 13 0.10985449999999995
782 7 8 14 0.03472450000000001
783 7 8 15 0.1745295
784 7 8 16 0.012764499999999979
785 7 8 17 -0.24356049999999999
786 7 8 18 -0.06396549999999998
787 7 8 19 -0.18327049999999995
788 7 8 20 0.054227500000000005
789 7 9 10 -0.21542449999999996
790 7 9 11 -0.36146799999999996
791 7 9 12 -0.138762
792 7 9 13 0.08326099999999999
793 7 9 14 -0.019665999999999993
794 7 9 15 -0.20940500000000004
795 7 9 16 0.13294589999999998
796 7 9 17 -0.28446
797 7 9 18 -0.17339500000000002
798 7 9 19 -0.16246
799 7 9 20 -0.20087900000000003
800 7 10 11 -0.0447856
801 7 10 12 0.06239350000000001
802 7 10 13 0.29867049999999995
803 7 10 14 0.04699550000000001
804 7 10 15 0.0887305
805 7 10 16 0.3499835
806 7 10 17 -0.21651949999999998
807 7 10 18 -0.1719195
808 7 10 19 0.0667605
809 7 10 20 -0.0451015
810 7 11 12 0.0036795000000000018
811 7 11 13 0.2494545
812 7 11 14 0.1715885
813 7 11 15 0.31932299999999997
814 7 11 16 0.37147979999999997
815 7 11 17 0.16445799999999997
816 7 11 18 0.14499750000000003
817 7 11 19 0.109672
818 7 11 20 0.1117245
819 7 12 13 0.151562
820 7 12 14 0.292232
821 7 12 15 0.098932
822 7 12 16 0.336124
823 7 12 17 -0.03633799999999999
824 7 12 18 0.253917
825 7 12 19 0.264607
826 7 12 20 0.151445
827 7 13 14 -0.08671449999999997
828 7 13 15 -0.03958549999999997
829 7 13 16 0.1341305
830 7 13 17 -0.13179599999999994
831 7 13 18 -0.08894799999999999
832 7 13 19 -0.16481049999999994
833 7 13 20 -0.20145429999999995
834 7 14 15 0.0992
835 7 14 16 0.16190032999999998
836 7 14 17 -0.0781245
837 7 14 18 0.032269999999999986
838 7 14 19 -0.25616000000000005
839 7 14 20 -0.024161999999999996
840 7 15 16 0.04981499999999998
841 7 15 17 0.04266000000000001
842 7 15 18 -0.11693000000000002
843 7 15 19 -0.10967600000000001
844 7 15 20 -0.189602
845 7 16 17 -0.06964999999999999
846 7 16 18 -0.13459499999999996
847 7 16 19 -0.31814499999999996
848 7 16 20 -0.13394699999999995
849 7 17 18 0.0490025
850 7 17 19 -0.05092999999999999
851 7 17 20 0.134988
852 7 18 19 0.046835
853 7 18 20 -0.1066805
854 7 19 20 0.046183
855 8 9 10 -0.018003
856 8 9 11 -0.036286999999999986
857 8 9 12 0.258953
858 8 9 13 0.09892400000000001
859 8 9 14 0.071127
860 8 9 15 -0.258417
861 8 9 16 0.2456989
862 8 9 17 0.08461800000000001
863 8 9 18 0.016087999999999988
864 8 9 19 0.14632799999999999
865 8 9 20 -0.12958899999999998
866 8 10 11 0.0829739
867 8 10 12 0.26268699999999995
868 8 10 13 0.11691199999999999
869 8 10 14 -0.059633
870 8 10 15 -0.157703
871 8 10 16 0.26531499999999997
872 8 10 17 -0.04486300000000001
873 8 10 18 -0.17985800000000002
874 8 10 19 0.17812699999999998
875 8 10 20 -0.171233
876 8 11 12 0.07621349999999998
877 8 11 13 -0.0600635
878 8 11 14 -0.06279950000000001
879 8 11 15 -0.054870000000000016
880 8 11 16 0.15905180000000002
881 8 11 17 0.20835499999999998
882 8 11 18 0.009299499999999983
883 8 11 19 0.09327899999999999
884 8 11 20 -0.1421665
885 8 12 13 -0.23048999999999997
886 8 12 14 -0.014689999999999979
887 8 12 15 -0.347795
888 8 12 16 0.05116200000000003
889 8 12 17 -0.06497499999999998
890 8 12 18 0.04568499999999999
891 8 12 19 0.17567999999999998
892 8 12 20 -0.17497999999999997
893 8 13 14 -0.011584500000000005
894 8 13 15 -0.10426049999999999
895 8 13 16 0.2312205
896 8 13 17 0.22161899999999995
897 8 13 18 0.08487199999999999
898 8 13 19 0.12831449999999997
899 8 13 20 -0.14582730000000002
900 8 14 15 -0.040605
901 8 14 16 0.18386033000000002
902 8 14 17 0.2001605
903 8 14 18 0.13096
904 8 14 19 -0.038165000000000025
905 8 14 20 -0.043664999999999995
906 8 15 16 0.21158
907 8 15 17 0.46074999999999994
908 8 15 18 0.12156499999999996
909 8 15 19 0.24812399999999996
910 8 15 20 -0.0693
911 8 16 17 0.18667499999999998
912 8 16 18 -0.057865000000000014
913 8 16 19 -0.12211000000000004
914 8 16 20 -0.17540999999999998
915 8 17 18 -0.1305925
916 8 17 19 -0.11122
917 8 17 20 -0.16279999999999997
918 8 18 19 0.16613999999999998
919 8 18 20 -0.2248735
920 8 19 20 -0.19131499999999996
921 9 10 11 0.10125789999999998
922 9 10 12 -0.014268999999999997
923 9 10 13 -1.4999999999998349e-5
924 9 10 14 -0.148763
925 9 10 15 0.08271099999999999
926 9 10 16 0.001613099999999995
927 9 10 17 -0.14748399999999998
928 9 10 18 -0.21394899999999997
929 9 10 19 0.013796000000000001
930 9 10 20 -0.059647
931 9 11 12 -0.21902649999999996
932 9 11 13 -0.19527450000000002
933 9 11 14 -0.1702135
934 9 11 15 0.16726000000000002
935 9 11 16 -0.1229341
936 9 11 17 0.08744999999999999
937 9 11 18 -0.04307549999999999
938 9 11 19 -0.08933599999999998
939 9 11 20 -0.048864500000000005
940 9 12 13 -0.070461
941 9 12 14 0.17313599999999998
942 9 12 15 0.16957499999999998
943 9 12 16 0.06441609999999999
944 9 12 17 0.10936000000000001
945 9 12 18 0.28855000000000003
946 9 12 19 0.288305
947 9 12 20 0.21356200000000003
948 9 13 14 0.016212499999999998
949 9 13 15 0.2530805
950 9 13 16 0.0844456
951 9 13 17 0.23592499999999997
952 9 13 18 0.16770800000000002
953 9 13 19 0.08091050000000001
954 9 13 20 0.0826857
955 9 14 15 0.288939
956 9 14 16 0.00928843
957 9 14 17 0.1866695
958 9 14 18 0.18599900000000003
959 9 14 19 -0.11336599999999998
960 9 14 20 0.157051
961 9 15 16 -0.2925359
962 9 15 17 0.11771499999999999
963 9 15 18 -0.15294
964 9 15 19 -0.15662099999999998
965 9 15 20 -0.198128
966 9 16 17 0.3477559
967 9 16 18 0.17174590000000003
968 9 16 19 -0.022739099999999988
969 9 16 20 0.1998779
970 9 17 18 -0.06206249999999998
971 9 17 19 -0.17292999999999997
972 9 17 20 0.051407
973 9 18 19 0.0359
974 9 18 20 -0.07919650000000002
975 9 19 20 0.084602
976 10 11 12 -0.1034996
977 10 11 13 -0.0940016
978 10 11 14 0.0798074
979 10 11 15 0.1858069
980 10 11 16 -0.0232893
981 10 11 17 0.3361919
982 10 11 18 0.27213139999999997
983 10 11 19 -0.0018741000000000007
984 10 11 20 0.11204039999999998
985 10 12 13 -0.08471499999999998
986 10 12 14 0.30762999999999996
987 10 12 15 0.07259500000000002
988 10 12 16 0.048533999999999994
989 10 12 17 0.24257499999999996
990 10 12 18 0.48823
991 10 12 19 0.26024
992 10 12 20 0.25894000000000006
993 10 13 14 0.1649605
994 10 13 15 0.17035450000000002
995 10 13 16 0.0828175
996 10 13 17 0.3833939999999999
997 10 13 18 0.381642
998 10 13 19 0.0670995
999 10 13 20 0.1423177
1000 10 14 15 0.057464999999999995
1001 10 14 16 -0.14108767
1002 10 14 17 0.18539049999999999
1003 10 14 18 0.251185
1004 10 14 19 -0.275925
1005 10 14 20 0.067935
1006 10 15 16 -0.21143799999999996
1007 10 15 17 0.34791
1008 10 15 18 0.14371999999999996
1009 10 15 19 -0.08770599999999999
1010 10 15 20 -0.05577000000000001
1011 10 16 17 0.49685299999999993
1012 10 16 18 0.387308
1013 10 16 19 -0.034921999999999995
1014 10 16 20 0.261138
1015 10 17 18 0.004402500000000015
1016 10 17 19 -0.33420999999999995
1017 10 17 20 -0.03642999999999998
1018 10 18 19 -0.19184500000000002
1019 10 18 20 -0.23349850000000003
1020 10 19 20 0.158045
1021 11 12 13 -0.09421299999999999
1022 11 12 14 0.12432299999999999
1023 11 12 15 -0.2167115
1024 11 12 16 -0.0316763
1025 11 12 17 -0.1971165
1026 11 12 18 0.112599
1027 11 12 19 0.1586145
1028 11 12 20 0.04340000000000001
1029 11 13 14 -0.0088485
1030 11 13 15 -0.10945399999999998
1031 11 13 16 0.012105199999999998
1032 11 13 17 -0.046799499999999994
1033 11 13 18 0.015508999999999998
1034 11 13 19 -0.025027999999999998
1035 11 13 20 -0.06372429999999998
1036 11 14 15 -0.048534500000000015
1037 11 14 16 -0.03799097
1038 11 14 17 -0.070994
1039 11 14 18 0.058861
1040 11 14 19 -0.19424349999999999
1041 11 14 20 0.03570200000000001
1042 11 15 16 -0.0023417999999999937
1043 11 15 17 0.19752499999999998
1044 11 15 18 0.05739549999999999
1045 11 15 19 0.099975
1046 11 15 20 0.01799649999999999
1047 11 16 17 0.13737179999999996
1048 11 16 18 0.0918873
1049 11 16 19 -0.05633719999999999
1050 11 16 20 0.1258083
1051 11 17 18 0.068463
1052 11 17 19 0.003856000000000004
1053 11 17 20 0.18772149999999999
1054 11 18 19 0.08216050000000001
1055 11 18 20 -0.07340749999999999
1056 11 19 20 0.0441305
1057 12 13 14 -0.2273845
1058 12 13 15 0.013044499999999997
1059 12 13 16 -0.050431500000000004
1060 12 13 17 0.056103999999999994
1061 12 13 18 -0.19130299999999997
1062 12 13 19 -0.2778555
1063 12 13 20 -0.20133729999999997
1064 12 14 15 0.2925
1065 12 14 16 0.11800833
1066 12 14 17 0.2504455
1067 12 14 18 0.070585
1068 12 14 19 -0.22853500000000002
1069 12 14 20 0.11662499999999999
1070 12 15 16 -0.187377
1071 12 15 17 0.17793
1072 12 15 18 -0.271915
1073 12 15 19 -0.275351
1074 12 15 20 -0.24211499999999997
1075 12 16 17 0.30281199999999997
1076 12 16 18 -0.052387999999999976
1077 12 16 19 -0.246628
1078 12 16 20 0.05073200000000002
1079 12 17 18 -0.24125249999999998
1080 12 17 19 -0.35187499999999994
1081 12 17 20 -0.052794999999999995
1082 12 18 19 0.036145000000000004
1083 12 18 20 -0.004208500000000004
1084 12 19 20 0.159345
1085 13 14 15 0.052071
1086 13 14 16 -0.05894466999999999
1087 13 14 17 -0.033042999999999996
1088 13 14 18 0.0345035
1089 13 14 19 -0.178064
1090 13 14 20 0.0905778
1091 13 15 16 -0.12390099999999998
1092 13 15 17 0.1348705
1093 13 15 18 -0.0675675
1094 13 15 19 0.015549000000000002
1095 13 15 20 -0.0277332
1096 13 16 17 0.1962765
1097 13 16 18 0.0884835
1098 13 16 19 -0.019204
1099 13 16 20 0.2016378
1100 13 17 18 0.006154500000000002
1101 13 17 19 -0.017915499999999994
1102 13 17 20 0.2046463
1103 13 18 19 0.12269749999999999
1104 13 18 20 0.005825800000000001
1105 13 19 20 0.0828268
1106 14 15 16 -0.012885329999999995
1107 14 15 17 0.21998449999999997
1108 14 15 18 -0.049999999999999996
1109 14 15 19 0.24568399999999999
1110 14 15 20 -0.06624000000000001
1111 14 16 17 0.17037482999999998
1112 14 16 18 -0.004964669999999993
1113 14 16 19 0.09991533000000001
1114 14 16 20 0.052115330000000015
1115 14 17 18 -0.061391999999999995
1116 14 17 19 0.1271055
1117 14 17 20 0.08102549999999999
1118 14 18 19 0.33526500000000004
1119 14 18 20 -0.05024850000000001
1120 14 19 20 -0.185815
1121 15 16 17 -0.06249500000000001
1122 15 16 18 0.03215000000000001
1123 15 16 19 -0.15865399999999996
1124 15 16 20 0.10547000000000001
1125 15 17 18 0.2085925
1126 15 17 19 0.10140600000000002
1127 15 17 20 0.36725
1128 15 18 19 0.039581
1129 15 18 20 -0.0340085
1130 15 19 20 0.12610900000000003
1131 16 17 18 0.11394749999999997
1132 16 17 19 0.19756499999999996
1133 16 17 20 0.19928499999999996
1134 16 18 19 0.23038500000000003
1135 16 18 20 -0.10732850000000001
1136 16 19 20 -0.13801499999999997
1137 17 18 19 0.1467675
1138 17 18 20 -0.192666
1139 17 19 20 -0.13973499999999994
1140 18 19 20 0.19969849999999997
