l i j f[l] s[l] h[l]
1 1 2 1.4061 0.016405499999999934 0.0
2 1 3 1.3974 0.016405499999999934 0.0
3 2 3 -3.0367 0.8659628999999998 3.3306690738754696e-16
4 1 4 -3.7096 0.016405499999999934 0.0
5 2 4 -1.3186 0.8659628999999998 3.3306690738754696e-16
6 3 4 3.1357 -2.1784425999999995 -6.661338147750939e-16
7 1 5 -1.8974 0.016405499999999934 0.0
8 2 5 -2.8221 0.8659628999999998 3.3306690738754696e-16
9 3 5 1.294 -2.1784425999999995 -6.661338147750939e-16
10 4 5 2.0535 -4.439883999999998 -1.4432899320127035e-15
11 1 6 1.9033 0.016405499999999934 0.0
12 2 6 2.3649 0.8659628999999998 3.3306690738754696e-16
13 3 6 1.0636 -2.1784425999999995 -6.661338147750939e-16
14 4 6 -3.9856 -4.439883999999998 -1.4432899320127035e-15
15 5 6 2.3195 -0.6591894999999995 -3.3306690738754696e-16
16 1 7 0.12026 0.016405499999999934 0.0
17 2 7 -1.5261 0.8659628999999998 3.3306690738754696e-16
18 3 7 0.098188 -2.1784425999999995 -6.661338147750939e-16
19 4 7 -0.76672 -4.439883999999998 -1.4432899320127035e-15
20 5 7 0.55843 -0.6591894999999995 -3.3306690738754696e-16
21 6 7 1.4377 2.936853099999999 8.881784197001252e-16
22 1 8 -0.88511 0.016405499999999934 0.0
23 2 8 -1.0757 0.8659628999999998 3.3306690738754696e-16
24 3 8 -3.1071 -2.1784425999999995 -6.661338147750939e-16
25 4 8 -1.0638 -4.439883999999998 -1.4432899320127035e-15
26 5 8 2.6233 -0.6591894999999995 -3.3306690738754696e-16
27 6 8 2.4961 2.936853099999999 8.881784197001252e-16
28 7 8 1.1306 -1.7266019999999995 -3.885780586188048e-16
29 1 9 0.54317 0.016405499999999934 0.0
30 2 9 -2.7504 0.8659628999999998 3.3306690738754696e-16
31 3 9 -1.3514 -2.1784425999999995 -6.661338147750939e-16
32 4 9 1.3526 -4.439883999999998 -1.4432899320127035e-15
33 5 9 -0.25635 -0.6591894999999995 -3.3306690738754696e-16
34 6 9 1.2052 2.936853099999999 8.881784197001252e-16
35 7 9 -0.54912 -1.7266019999999995 -3.885780586188048e-16
36 8 9 -0.54827 -1.2616074999999995 -2.220446049250313e-16
37 1 10 -1.9459 0.016405499999999934 0.0
38 2 10 -2.9491 0.8659628999999998 3.3306690738754696e-16
39 3 10 -1.8318 -2.1784425999999995 -6.661338147750939e-16
40 4 10 -1.1813 -4.439883999999998 -1.4432899320127035e-15
41 5 10 0.6102 -0.6591894999999995 -3.3306690738754696e-16
42 6 10 0.16065 2.936853099999999 8.881784197001252e-16
43 7 10 -0.066764 -1.7266019999999995 -3.885780586188048e-16
44 8 10 -0.64322 -1.2616074999999995 -2.220446049250313e-16
45 9 10 -2.0327 1.9962350999999992 8.881784197001252e-16
46 1 11 3.6706 0.016405499999999934 0.0
47 2 11 -2.2494 0.8659628999999998 3.3306690738754696e-16
48 3 11 0.88871 -2.1784425999999995 -6.661338147750939e-16
49 4 11 -3.5732 -4.439883999999998 -1.4432899320127035e-15
50 5 11 0.63644 -0.6591894999999995 -3.3306690738754696e-16
51 6 11 -0.69154 2.936853099999999 8.881784197001252e-16
52 7 11 -0.40848 -1.7266019999999995 -3.885780586188048e-16
53 8 11 -0.72125 -1.2616074999999995 -2.220446049250313e-16
54 9 11 0.042856 1.9962350999999992 8.881784197001252e-16
55 10 11 -3.9856 2.9545819999999994 6.661338147750939e-16
56 1 12 -0.51633 0.016405499999999934 0.0
57 2 12 -4.0221 0.8659628999999998 3.3306690738754696e-16
58 3 12 -3.9004 -2.1784425999999995 -6.661338147750939e-16
59 4 12 -4.1091 -4.439883999999998 -1.4432899320127035e-15
60 5 12 -0.36179 -0.6591894999999995 -3.3306690738754696e-16
61 6 12 -1.234 2.936853099999999 8.881784197001252e-16
62 7 12 -2.599 -1.7266019999999995 -3.885780586188048e-16
63 8 12 -1.1366 -1.2616074999999995 -2.220446049250313e-16
64 9 12 -2.4272 1.9962350999999992 8.881784197001252e-16
65 10 12 0.91183 2.9545819999999994 6.661338147750939e-16
66 11 12 -0.87193 2.1541504999999996 4.440892098500626e-16
67 1 13 -2.1063 0.016405499999999934 0.0
68 2 13 -1.1741 0.8659628999999998 3.3306690738754696e-16
69 3 13 -4.3894 -2.1784425999999995 -6.661338147750939e-16
70 4 13 -3.646 -4.439883999999998 -1.4432899320127035e-15
71 5 13 -2.3235 -0.6591894999999995 -3.3306690738754696e-16
72 6 13 -1.3418 2.936853099999999 8.881784197001252e-16
73 7 13 1.9158 -1.7266019999999995 -3.885780586188048e-16
74 8 13 -0.99072 -1.2616074999999995 -2.220446049250313e-16
75 9 13 -2.7541 1.9962350999999992 8.881784197001252e-16
76 10 13 0.5184 2.9545819999999994 6.661338147750939e-16
77 11 13 1.3048 2.1541504999999996 4.440892098500626e-16
78 12 13 -1.7498 4.005444999999998 1.7763568394002505e-15
79 1 14 -0.78746 0.016405499999999934 0.0
80 2 14 -0.34863 0.8659628999999998 3.3306690738754696e-16
81 3 14 -1.5971 -2.1784425999999995 -6.661338147750939e-16
82 4 14 -0.33825 -4.439883999999998 -1.4432899320127035e-15
83 5 14 0.35651 -0.6591894999999995 -3.3306690738754696e-16
84 6 14 -0.78081 2.936853099999999 8.881784197001252e-16
85 7 14 -3.4949 -1.7266019999999995 -3.885780586188048e-16
86 8 14 -2.1356 -1.2616074999999995 -2.220446049250313e-16
87 9 14 -0.60662 1.9962350999999992 8.881784197001252e-16
88 10 14 0.32501 2.9545819999999994 6.661338147750939e-16
89 11 14 -0.72862 2.1541504999999996 4.440892098500626e-16
90 12 14 0.82288 4.005444999999998 1.7763568394002505e-15
91 13 14 2.2351 1.8458875999999993 7.771561172376096e-16
92 1 15 -3.566 0.016405499999999934 0.0
93 2 15 -3.4371 0.8659628999999998 3.3306690738754696e-16
94 3 15 -1.4318 -2.1784425999999995 -6.661338147750939e-16
95 4 15 -3.0762 -4.439883999999998 -1.4432899320127035e-15
96 5 15 -0.75284 -0.6591894999999995 -3.3306690738754696e-16
97 6 15 -1.7094 2.936853099999999 8.881784197001252e-16
98 7 15 -1.6798 -1.7266019999999995 -3.885780586188048e-16
99 8 15 -3.8776 -1.2616074999999995 -2.220446049250313e-16
100 9 15 -3.2076 1.9962350999999992 8.881784197001252e-16
101 10 15 -3.6905 2.9545819999999994 6.661338147750939e-16
102 11 15 -2.6469 2.1541504999999996 4.440892098500626e-16
103 12 15 -2.9848 4.005444999999998 1.7763568394002505e-15
104 13 15 0.88134 1.8458875999999993 7.771561172376096e-16
105 14 15 -2.4867 -3.0044654999999985 -1.4432899320127035e-15
106 1 16 -0.97129 0.016405499999999934 0.0
107 2 16 -0.70452 0.8659628999999998 3.3306690738754696e-16
108 3 16 -3.0155 -2.1784425999999995 -6.661338147750939e-16
109 4 16 -0.72967 -4.439883999999998 -1.4432899320127035e-15
110 5 16 -2.4586 -0.6591894999999995 -3.3306690738754696e-16
111 6 16 -0.73271 2.936853099999999 8.881784197001252e-16
112 7 16 -0.97422 -1.7266019999999995 -3.885780586188048e-16
113 8 16 0.80063 -1.2616074999999995 -2.220446049250313e-16
114 9 16 -0.54477 1.9962350999999992 8.881784197001252e-16
115 10 16 -1.3572 2.9545819999999994 6.661338147750939e-16
116 11 16 -1.1849 2.1541504999999996 4.440892098500626e-16
117 12 16 0.17878 4.005444999999998 1.7763568394002505e-15
118 13 16 0.96616 1.8458875999999993 7.771561172376096e-16
119 14 16 -3.6599 -3.0044654999999985 -1.4432899320127035e-15
120 15 16 -0.78356 2.3995524999999995 6.106226635438361e-16
121 1 17 -1.1615 0.016405499999999934 0.0
122 2 17 -5.851 0.8659628999999998 3.3306690738754696e-16
123 3 17 -2.1228 -2.1784425999999995 -6.661338147750939e-16
124 4 17 -3.748 -4.439883999999998 -1.4432899320127035e-15
125 5 17 -2.6057 -0.6591894999999995 -3.3306690738754696e-16
126 6 17 -0.25565 2.936853099999999 8.881784197001252e-16
127 7 17 0.74139 -1.7266019999999995 -3.885780586188048e-16
128 8 17 -1.7248 -1.2616074999999995 -2.220446049250313e-16
129 9 17 -0.46627 1.9962350999999992 8.881784197001252e-16
130 10 17 0.8191 2.9545819999999994 6.661338147750939e-16
131 11 17 -0.37129 2.1541504999999996 4.440892098500626e-16
132 12 17 -0.70385 4.005444999999998 1.7763568394002505e-15
133 13 17 -3.2331 1.8458875999999993 7.771561172376096e-16
134 14 17 0.20128 -3.0044654999999985 -1.4432899320127035e-15
135 15 17 0.42985 2.3995524999999995 6.106226635438361e-16
136 16 17 -1.4587 0.24311539999999987 1.942890293094024e-16
137 1 18 2.0983 0.016405499999999934 0.0
138 2 18 -3.9527 0.8659628999999998 3.3306690738754696e-16
139 3 18 -1.3311 -2.1784425999999995 -6.661338147750939e-16
140 4 18 -2.0859 -4.439883999999998 -1.4432899320127035e-15
141 5 18 -3.1978 -0.6591894999999995 -3.3306690738754696e-16
142 6 18 -0.12385 2.936853099999999 8.881784197001252e-16
143 7 18 -1.4778 -1.7266019999999995 -3.885780586188048e-16
144 8 18 0.28085 -1.2616074999999995 -2.220446049250313e-16
145 9 18 -2.4638 1.9962350999999992 8.881784197001252e-16
146 10 18 -1.7496 2.9545819999999994 6.661338147750939e-16
147 11 18 -0.75251 2.1541504999999996 4.440892098500626e-16
148 12 18 0.80975 4.005444999999998 1.7763568394002505e-15
149 13 18 -1.5571 1.8458875999999993 7.771561172376096e-16
150 14 18 -0.50779 -3.0044654999999985 -1.4432899320127035e-15
151 15 18 -4.2396 2.3995524999999995 6.106226635438361e-16
152 16 18 2.3895 0.24311539999999987 1.942890293094024e-16
153 17 18 3.4318 -0.013550100000000079 0.0
154 1 19 -3.0206 0.016405499999999934 0.0
155 2 19 -2.9991 0.8659628999999998 3.3306690738754696e-16
156 3 19 -4.6178 -2.1784425999999995 -6.661338147750939e-16
157 4 19 -1.1713 -4.439883999999998 -1.4432899320127035e-15
158 5 19 -1.5364 -0.6591894999999995 -3.3306690738754696e-16
159 6 19 0.85986 2.936853099999999 8.881784197001252e-16
160 7 19 -1.509 -1.7266019999999995 -3.885780586188048e-16
161 8 19 5.7053 -1.2616074999999995 -2.220446049250313e-16
162 9 19 -2.3019 1.9962350999999992 8.881784197001252e-16
163 10 19 0.32223 2.9545819999999994 6.661338147750939e-16
164 11 19 -1.4333 2.1541504999999996 4.440892098500626e-16
165 12 19 -2.2802 4.005444999999998 1.7763568394002505e-15
166 13 19 -1.7864 1.8458875999999993 7.771561172376096e-16
167 14 19 2.2244 -3.0044654999999985 -1.4432899320127035e-15
168 15 19 -2.1295 2.3995524999999995 6.106226635438361e-16
169 16 19 1.6982 0.24311539999999987 1.942890293094024e-16
170 17 19 0.84643 -0.013550100000000079 0.0
171 18 19 -0.90523 0.7524804999999997 2.220446049250313e-16
172 1 20 -3.5153 0.016405499999999934 0.0
173 2 20 -1.479 0.8659628999999998 3.3306690738754696e-16
174 3 20 -2.9957 -2.1784425999999995 -6.661338147750939e-16
175 4 20 -3.3729 -4.439883999999998 -1.4432899320127035e-15
176 5 20 -4.5111 -0.6591894999999995 -3.3306690738754696e-16
177 6 20 -3.5507 2.936853099999999 8.881784197001252e-16
178 7 20 -1.5935 -1.7266019999999995 -3.885780586188048e-16
179 8 20 -3.5652 -1.2616074999999995 -2.220446049250313e-16
180 9 20 -2.949 1.9962350999999992 8.881784197001252e-16
181 10 20 -1.2353 2.9545819999999994 6.661338147750939e-16
182 11 20 -3.7458 2.1541504999999996 4.440892098500626e-16
183 12 20 -1.3571 4.005444999999998 1.7763568394002505e-15
184 13 20 -1.9379 1.8458875999999993 7.771561172376096e-16
185 14 20 -0.2003 -3.0044654999999985 -1.4432899320127035e-15
186 15 20 -2.7629 2.3995524999999995 6.106226635438361e-16
187 16 20 -1.4498 0.24311539999999987 1.942890293094024e-16
188 17 20 -3.365 -0.013550100000000079 0.0
189 18 20 0.15444 0.7524804999999997 2.220446049250313e-16
190 19 20 -2.358 0.08641940000000001 -1.1102230246251565e-16
