t i j k u[t]=u_ijk
1 1 2 3 0.13474999999999998
2 1 2 4 0.38748999999999995
3 1 2 5 0.24374999999999994
4 1 2 6 0.17545474999999996
5 1 2 7 0.09744499999999998
6 1 2 8 0.110389
7 1 2 9 0.18306999999999998
8 1 2 10 0.41000499999999995
9 1 2 11 0.07007549999999999
10 1 2 12 0.3164739999999999
11 1 2 13 0.2834305
12 1 2 14 0.15445000000000003
13 1 2 15 0.29819999999999985
14 1 2 16 0.252005
15 1 2 17 0.3607749999999999
16 1 2 18 0.392045
17 1 2 19 0.27762999999999993
18 1 2 20 0.3930399999999999
19 1 3 4 0.34304099999999993
20 1 3 5 0.22751999999999994
21 1 3 6 -0.07379499999999997
22 1 3 7 -0.02724794999999999
23 1 3 8 -0.21323999999999993
24 1 3 9 -0.09430999999999996
25 1 3 10 0.24658999999999995
26 1 3 11 0.10161049999999998
27 1 3 12 -0.009831999999999995
28 1 3 13 0.01891000000000001
29 1 3 14 0.28890849999999996
30 1 3 15 0.19104999999999997
31 1 3 16 0.1723649999999999
32 1 3 17 0.15764999999999996
33 1 3 18 0.23835499999999996
34 1 3 19 0.2900235
35 1 3 20 0.23673499999999997
36 1 4 5 -0.09203014999999999
37 1 4 6 -0.2796349999999999
38 1 4 7 -0.5001849999999999
39 1 4 8 -0.2383849999999999
40 1 4 9 -0.09253184999999998
41 1 4 10 -0.32574999999999993
42 1 4 11 -0.41987949999999996
43 1 4 12 -0.27746699999999985
44 1 4 13 -0.39499499999999993
45 1 4 14 -0.0009854999999999946
46 1 4 15 -0.18681999999999996
47 1 4 16 -0.2502599999999999
48 1 4 17 -0.15751499999999996
49 1 4 18 -0.128265
50 1 4 19 -0.031342499999999995
51 1 4 20 -0.08739499999999999
52 1 5 6 -0.19384099999999996
53 1 5 7 -0.26254514999999995
54 1 5 8 -0.4291849999999999
55 1 5 9 -0.2078599999999999
56 1 5 10 -0.12910999999999997
57 1 5 11 0.023295500000000007
58 1 5 12 -0.16901999999999998
59 1 5 13 -0.14974599999999996
60 1 5 14 0.043022500000000005
61 1 5 15 -0.015669999999999993
62 1 5 16 -0.026369999999999998
63 1 5 17 0.14515849999999997
64 1 5 18 -0.07076999999999997
65 1 5 19 -0.019849999999999996
66 1 5 20 0.03784
67 1 6 7 -0.2862449999999999
68 1 6 8 -0.16542499999999996
69 1 6 9 0.18279999999999996
70 1 6 10 0.24496999999999994
71 1 6 11 0.042825499999999975
72 1 6 12 0.044642999999999974
73 1 6 13 0.16380499999999995
74 1 6 14 0.23698999999999992
75 1 6 15 0.24390749999999994
76 1 6 16 0.26419449999999994
77 1 6 17 0.2605699999999999
78 1 6 18 0.06881499999999996
79 1 6 19 0.15321999999999994
80 1 6 20 0.26973999999999987
81 1 7 8 -0.12877999999999995
82 1 7 9 0.19448999999999997
83 1 7 10 0.19234499999999993
84 1 7 11 0.23078799999999994
85 1 7 12 0.18511799999999998
86 1 7 13 0.10075999999999999
87 1 7 14 0.25701499999999994
88 1 7 15 0.13518499999999997
89 1 7 16 0.23178999999999994
90 1 7 17 0.29211499999999996
91 1 7 18 0.25260999999999995
92 1 7 19 0.24777999999999994
93 1 7 20 0.4411559999999998
94 1 8 9 0.21465999999999996
95 1 8 10 0.10978499999999995
96 1 8 11 0.2908119999999999
97 1 8 12 0.10694299999999995
98 1 8 13 0.08574499999999996
99 1 8 14 0.3098749999999999
100 1 8 15 0.28034999999999993
101 1 8 16 0.25397999999999993
102 1 8 17 0.23032999999999995
103 1 8 18 0.2088599999999999
104 1 8 19 0.26508
105 1 8 20 0.4909729999999998
106 1 9 10 0.040495
107 1 9 11 0.004640500000000002
108 1 9 12 0.037193000000000004
109 1 9 13 -0.07620999999999999
110 1 9 14 0.12798849999999998
111 1 9 15 -0.11079499999999998
112 1 9 16 0.07539149999999997
113 1 9 17 -0.08673999999999998
114 1 9 18 0.04082749999999999
115 1 9 19 -0.07710999999999997
116 1 9 20 0.14920549999999996
117 1 10 11 -0.07394949999999999
118 1 10 12 -0.14331699999999997
119 1 10 13 -0.14369499999999996
120 1 10 14 -0.025503499999999995
121 1 10 15 -0.0686485
122 1 10 16 -0.059693500000000004
123 1 10 17 -0.13579999999999998
124 1 10 18 0.03238999999999998
125 1 10 19 -0.11507499999999997
126 1 10 20 -0.084385
127 1 11 12 -0.14390249999999996
128 1 11 13 -0.21512049999999996
129 1 11 14 0.20885949999999995
130 1 11 15 0.03983449999999998
131 1 11 16 0.03684449999999998
132 1 11 17 0.13637449999999998
133 1 11 18 0.12599314999999997
134 1 11 19 0.03317449999999999
135 1 11 20 0.12639449999999997
136 1 12 13 -0.11492299999999997
137 1 12 14 0.18756099999999998
138 1 12 15 -0.034032999999999994
139 1 12 16 0.05776699999999999
140 1 12 17 0.10999199999999995
141 1 12 18 0.18821874999999996
142 1 12 19 0.15081699999999998
143 1 12 20 0.21012699999999992
144 1 13 14 0.14404999999999998
145 1 13 15 0.19219599999999998
146 1 13 16 0.15941999999999995
147 1 13 17 0.14058499999999996
148 1 13 18 0.13989999999999997
149 1 13 19 0.2847349999999999
150 1 13 20 0.35516499999999995
151 1 14 15 -0.19016499999999995
152 1 14 16 -0.20216999999999996
153 1 14 17 0.014131999999999995
154 1 14 18 -0.00025450000000001025
155 1 14 19 -0.11164999999999997
156 1 14 20 0.20946499999999993
157 1 15 16 0.028107499999999994
158 1 15 17 0.21140999999999996
159 1 15 18 -0.009192500000000001
160 1 15 19 0.080937
161 1 15 20 0.15370149999999996
162 1 16 17 0.12740999999999997
163 1 16 18 0.11793999999999998
164 1 16 19 -0.17997999999999995
165 1 16 20 0.10155349999999999
166 1 17 18 -0.105445
167 1 17 19 -0.06792
168 1 17 20 0.061797499999999984
169 1 18 19 0.031611499999999994
170 1 18 20 0.04449699999999999
171 1 19 20 0.041529999999999984
172 2 3 4 0.09030099999999999
173 2 3 5 0.11851999999999997
174 2 3 6 -0.11449974999999998
175 2 3 7 0.010057049999999996
176 2 3 8 -0.18887899999999994
177 2 3 9 -0.14262999999999995
178 2 3 10 -0.02866499999999999
179 2 3 11 0.166285
180 2 3 12 -0.19155599999999995
181 2 3 13 -0.12977049999999996
182 2 3 14 0.26920849999999996
183 2 3 15 0.027599999999999996
184 2 3 16 0.05511
185 2 3 17 -0.06837499999999999
186 2 3 18 -0.018939999999999988
187 2 3 19 0.14714349999999998
188 2 3 20 -0.021554999999999987
189 2 4 5 0.05170984999999999
190 2 4 6 -0.06759974999999999
191 2 4 7 -0.21013999999999994
192 2 4 8 0.03871599999999999
193 2 4 9 0.11188814999999995
194 2 4 10 -0.348265
195 2 4 11 -0.10246499999999999
196 2 4 12 -0.206451
197 2 4 13 -0.29093549999999996
198 2 4 14 0.23205449999999994
199 2 4 15 -0.09752999999999999
200 2 4 16 -0.11477499999999997
201 2 4 17 -0.13079999999999997
202 2 4 18 -0.13282
203 2 4 19 0.07851749999999995
204 2 4 20 -0.09294499999999999
205 2 5 6 -0.12554574999999998
206 2 5 7 -0.11624014999999997
207 2 5 8 -0.2958239999999999
208 2 5 9 -0.14718
209 2 5 10 -0.295365
210 2 5 11 0.19696999999999995
211 2 5 12 -0.24174399999999996
212 2 5 13 -0.18942649999999997
213 2 5 14 0.13232249999999995
214 2 5 15 -0.07011999999999999
215 2 5 16 -0.034624999999999996
216 2 5 17 0.02813349999999999
217 2 5 18 -0.21906499999999995
218 2 5 19 -0.05373000000000002
219 2 5 20 -0.11145000000000001
220 2 6 7 -0.20823524999999993
221 2 6 8 -0.10035924999999997
222 2 6 9 0.17518474999999994
223 2 6 10 0.010419749999999992
224 2 6 11 0.14820474999999997
225 2 6 12 -0.09637624999999998
226 2 6 13 0.05582924999999998
227 2 6 14 0.25799475
228 2 6 15 0.12116224999999999
229 2 6 16 0.18764424999999996
230 2 6 17 0.07524974999999999
231 2 6 18 -0.14777524999999994
232 2 6 19 0.05104474999999998
233 2 6 20 0.05215474999999997
234 2 7 8 -0.14172399999999996
235 2 7 9 0.10886499999999996
236 2 7 10 -0.12021499999999997
237 2 7 11 0.25815749999999993
238 2 7 12 -0.03391099999999998
239 2 7 13 -0.08522549999999997
240 2 7 14 0.20000999999999994
241 2 7 15 -0.06556999999999998
242 2 7 16 0.07723
243 2 7 17 0.028784999999999998
244 2 7 18 -0.04198999999999998
245 2 7 19 0.06759499999999996
246 2 7 20 0.14556099999999997
247 2 8 9 0.14197899999999997
248 2 8 10 -0.18983099999999997
249 2 8 11 0.3311254999999999
250 2 8 12 -0.09914199999999997
251 2 8 13 -0.08729649999999999
252 2 8 14 0.26581399999999994
253 2 8 15 0.092539
254 2 8 16 0.11236399999999999
255 2 8 17 -0.02005599999999998
256 2 8 18 -0.072796
257 2 8 19 0.09783899999999997
258 2 8 20 0.20832199999999995
259 2 9 10 -0.18643999999999994
260 2 9 11 0.117635
261 2 9 12 -0.09621099999999994
262 2 9 13 -0.17657049999999994
263 2 9 14 0.15660849999999998
264 2 9 15 -0.2259249999999999
265 2 9 16 0.006456500000000031
266 2 9 17 -0.26444499999999993
267 2 9 18 -0.16814749999999998
268 2 9 19 -0.17166999999999993
269 2 9 20 -0.06076449999999998
270 2 10 11 0.26597999999999994
271 2 10 12 -0.049786000000000004
272 2 10 13 -0.017120500000000004
273 2 10 14 0.23005149999999994
274 2 10 15 0.0431565
275 2 10 16 0.09830649999999999
276 2 10 17 -0.08656999999999998
277 2 10 18 0.05034999999999999
278 2 10 19 0.01729999999999999
279 2 10 20 -0.06742
280 2 11 12 -0.3903009999999999
281 2 11 13 -0.42847549999999995
282 2 11 14 0.12448499999999996
283 2 11 15 -0.18828999999999999
284 2 11 16 -0.14508499999999996
285 2 11 17 -0.15432499999999996
286 2 11 18 -0.19597634999999997
287 2 11 19 -0.17437999999999998
288 2 11 20 -0.19656999999999997
289 2 12 13 -0.0818795
290 2 12 14 0.3495849999999999
291 2 12 15 -0.01575899999999999
292 2 12 16 0.122236
293 2 12 17 0.065691
294 2 12 18 0.11264774999999999
295 2 12 19 0.18966099999999994
296 2 12 20 0.13356099999999999
297 2 13 14 0.27303049999999995
298 2 13 15 0.1774265
299 2 13 16 0.19084549999999995
300 2 13 17 0.06324049999999999
301 2 13 18 0.0312855
302 2 13 19 0.29053549999999995
303 2 13 20 0.24555549999999995
304 2 14 15 -0.3339149999999999
305 2 14 16 -0.2997249999999999
306 2 14 17 -0.19219299999999995
307 2 14 18 -0.2378494999999999
308 2 14 19 -0.23482999999999996
309 2 14 20 -0.029124999999999995
310 2 15 16 0.07430249999999998
311 2 15 17 0.14883499999999997
312 2 15 18 -0.10303749999999998
313 2 15 19 0.10150699999999996
314 2 15 20 0.058861499999999976
315 2 16 17 0.018639999999999986
316 2 16 18 -0.0221
317 2 16 19 -0.20560499999999995
318 2 16 20 -0.03948150000000002
319 2 17 18 -0.13671499999999998
320 2 17 19 0.015224999999999973
321 2 17 20 0.02953249999999998
322 2 18 19 0.14602649999999995
323 2 18 20 0.04350199999999998
324 2 19 20 -0.07387999999999997
325 3 4 5 0.023490849999999987
326 3 4 6 0.13720099999999996
327 3 4 7 -0.12989604999999996
328 3 4 8 0.31789599999999996
329 3 4 9 0.3448191499999999
330 3 4 10 -0.22929899999999998
331 3 4 11 -0.17844899999999997
332 3 4 12 0.075406
333 3 4 13 -0.070864
334 3 4 14 0.053146999999999986
335 3 4 15 -0.03482900000000001
336 3 4 16 -0.07958399999999999
337 3 4 17 0.027875999999999984
338 3 4 18 -0.023579
339 3 4 19 0.021675000000000003
340 3 4 20 0.018911000000000008
341 3 5 6 0.10747400000000001
342 3 5 7 -0.0077771999999999885
343 3 5 8 0.011575000000000021
344 3 5 9 0.11396999999999996
345 3 5 10 -0.14817999999999998
346 3 5 11 0.149205
347 3 5 12 0.06833199999999998
348 3 5 13 0.058863999999999986
349 3 5 14 -0.018365999999999983
350 3 5 15 0.020800000000000003
351 3 5 16 0.028784999999999998
352 3 5 17 0.21502849999999998
353 3 5 18 -0.08160499999999996
354 3 5 19 -0.08235349999999998
355 3 5 20 0.028624999999999984
356 3 6 7 -0.33279204999999995
357 3 6 8 -0.02598
358 3 6 9 0.20331499999999997
359 3 6 10 -0.075415
360 3 6 11 -0.13257999999999998
361 3 6 12 -0.01932
362 3 6 13 0.07109999999999997
363 3 6 14 -0.12571349999999998
364 3 6 15 -0.020937500000000005
365 3 6 16 0.01803449999999999
366 3 6 17 0.029124999999999995
367 3 6 18 -0.24333499999999994
368 3 6 19 -0.21059849999999997
369 3 6 20 -0.04079000000000001
370 3 7 8 0.05721204999999999
371 3 7 9 0.2615520499999999
372 3 7 10 -0.08149295
373 3 7 11 0.10192955
374 3 7 12 0.16770204999999996
375 3 7 13 0.05460204999999999
376 3 7 14 -0.05914144999999998
377 3 7 15 -0.08311294999999999
378 3 7 16 0.03217704999999999
379 3 7 17 0.10721704999999998
380 3 7 18 -0.01299295
381 3 7 19 -0.06949145
382 3 7 20 0.17717304999999994
383 3 8 9 0.09572999999999997
384 3 8 10 -0.35004499999999994
385 3 8 11 -0.02403849999999999
386 3 8 12 -0.09646499999999998
387 3 8 13 -0.14640499999999998
388 3 8 14 -0.19227349999999996
389 3 8 15 -0.12393999999999997
390 3 8 16 -0.131625
391 3 8 17 -0.14055999999999996
392 3 8 18 -0.24273499999999995
393 3 8 19 -0.23818349999999996
394 3 8 20 0.040997999999999986
395 3 9 10 -0.3004049999999999
396 3 9 11 -0.19127999999999992
397 3 9 12 -0.047284999999999966
398 3 9 13 -0.18942999999999996
399 3 9 14 -0.2552299999999999
400 3 9 15 -0.39615499999999987
401 3 9 16 -0.1912834999999999
402 3 9 17 -0.3386999999999999
403 3 9 18 -0.2918374999999999
404 3 9 19 -0.46144349999999995
405 3 9 20 -0.1818395
406 3 10 11 0.07103
407 3 10 12 0.11310499999999998
408 3 10 13 0.08398499999999998
409 3 10 14 -0.06782199999999998
410 3 10 15 -0.013108499999999999
411 3 10 16 0.0145315
412 3 10 17 -0.046859999999999985
413 3 10 18 0.040624999999999994
414 3 10 19 -0.15850849999999997
415 3 10 20 -0.07452999999999999
416 3 11 12 -0.03245999999999999
417 3 11 13 -0.13241999999999998
418 3 11 14 0.021561499999999983
419 3 11 15 -0.049605
420 3 11 16 -0.03391
421 3 11 17 0.08033499999999999
422 3 11 18 -0.010751350000000007
423 3 11 19 -0.15523849999999997
424 3 11 20 -0.008730000000000014
425 3 12 13 -0.143665
426 3 12 14 -0.11117949999999999
427 3 12 15 -0.23491499999999993
428 3 12 16 -0.12442999999999997
429 3 12 17 -0.057489999999999986
430 3 12 18 -0.05996824999999999
431 3 12 19 -0.1490385
432 3 12 20 -0.03644
433 3 13 14 -0.1259485
434 3 13 15 0.020055999999999997
435 3 13 16 0.005965000000000002
436 3 13 17 0.0018450000000000074
437 3 13 18 -0.07954499999999998
438 3 13 19 0.0136215
439 3 13 20 0.13733999999999996
440 3 14 15 -0.09230649999999999
441 3 14 16 -0.08562649999999997
442 3 14 17 0.14539049999999995
443 3 14 18 0.05029899999999998
444 3 14 19 -0.11276499999999999
445 3 14 20 0.26163849999999994
446 3 15 16 0.04679249999999999
447 3 15 17 0.24480999999999997
448 3 15 18 -0.056497499999999985
449 3 15 19 -0.01803649999999999
450 3 15 20 0.10801649999999999
451 3 16 17 0.14212499999999997
452 3 16 18 0.05194999999999998
453 3 16 19 -0.2976384999999999
454 3 16 20 0.03718349999999999
455 3 17 18 -0.18614999999999995
456 3 17 19 -0.20029349999999993
457 3 17 20 -0.017287500000000008
458 3 18 19 -0.02005699999999999
459 3 18 20 0.046116999999999984
460 3 19 20 0.09481849999999999
461 4 5 6 -0.006236150000000005
462 4 5 7 0.14560969999999998
463 4 5 8 -0.28283014999999995
464 4 5 9 -0.2073582999999999
465 4 5 10 0.10460984999999996
466 4 5 11 0.3511448499999999
467 4 5 12 0.016416849999999986
468 4 5 13 0.15321885
469 4 5 14 -0.048022149999999986
470 4 5 15 0.07911984999999999
471 4 5 16 0.13185985
472 4 5 17 0.21064334999999998
473 4 5 18 -0.03453514999999997
474 4 5 19 -0.08053764999999999
475 4 5 20 0.03320484999999999
476 4 6 7 -0.06569499999999995
477 4 6 8 -0.20667499999999994
478 4 6 9 -0.004303149999999999
479 4 6 10 0.291085
480 4 6 11 0.18306999999999993
481 4 6 12 0.04247499999999999
482 4 6 13 0.2791649999999999
483 4 6 14 -0.041659499999999995
484 4 6 15 0.15109249999999996
485 4 6 16 0.23481949999999993
486 4 6 17 0.13845
487 4 6 18 -0.08255499999999996
488 4 6 19 -0.09507249999999998
489 4 6 20 0.07749999999999997
490 4 7 8 -0.39057999999999987
491 4 7 9 -0.21316314999999997
492 4 7 10 0.01791
493 4 7 11 0.15048249999999996
494 4 7 12 -0.03760000000000001
495 4 7 13 -0.004430000000000005
496 4 7 14 -0.24218449999999997
497 4 7 15 -0.17817999999999995
498 4 7 16 -0.018134999999999995
499 4 7 17 -0.050554999999999996
500 4 7 18 -0.11930999999999999
501 4 7 19 -0.22106249999999997
502 4 7 20 0.02836599999999998
503 4 8 9 0.06880685
504 4 8 10 0.19714999999999996
505 4 8 11 0.4723064999999999
506 4 8 12 0.14602499999999996
507 4 8 13 0.24235499999999993
508 4 8 14 0.0724755
509 4 8 15 0.22878499999999993
510 4 8 16 0.26585499999999995
511 4 8 17 0.14945999999999995
512 4 8 18 0.09874
513 4 8 19 0.0580375
514 4 8 20 0.33998299999999987
515 4 9 10 0.27371314999999996
516 4 9 11 0.3319881499999999
517 4 9 12 0.2221281499999999
518 4 9 13 0.22625314999999993
519 4 9 14 0.03644214999999999
520 4 9 15 -0.016506850000000003
521 4 9 16 0.23311964999999993
522 4 9 17 -0.021756849999999998
523 4 9 18 0.07656064999999997
524 4 9 19 -0.13829935
525 4 9 20 0.14406864999999994
526 4 10 11 0.020179999999999993
527 4 10 12 -0.19160000000000002
528 4 10 13 -0.07445
529 4 10 14 -0.35026799999999997
530 4 10 15 -0.20757849999999997
531 4 10 16 -0.13518349999999998
532 4 10 17 -0.30403499999999994
533 4 10 18 -0.16509499999999996
534 4 10 19 -0.4094824999999999
535 4 10 20 -0.32273999999999997
536 4 11 12 -0.28631499999999993
537 4 11 13 -0.240005
538 4 11 14 -0.21003449999999993
539 4 11 15 -0.19322499999999998
540 4 11 16 -0.13277499999999998
541 4 11 17 -0.12599
542 4 11 18 -0.16562134999999997
543 4 11 19 -0.35536249999999997
544 4 11 20 -0.20608999999999997
545 4 12 13 0.002605000000000001
546 4 12 14 -0.08892049999999997
547 4 12 15 -0.12467999999999997
548 4 12 16 0.03056000000000001
549 4 12 17 -0.00995999999999999
550 4 12 18 0.039016749999999996
551 4 12 19 -0.09530749999999998
552 4 12 20 0.020054999999999996
553 4 13 14 -0.24995949999999997
554 4 13 15 -0.01597899999999999
555 4 13 16 0.014685000000000005
556 4 13 17 -0.09689499999999997
557 4 13 18 -0.12682999999999997
558 4 13 19 -0.07891749999999997
559 4 13 20 0.04756499999999998
560 4 14 15 -0.0043304999999999915
561 4 14 16 0.04710449999999999
562 4 14 17 0.17066149999999994
563 4 14 18 0.12702499999999997
564 4 14 19 -0.08129299999999998
565 4 14 20 0.29587449999999993
566 4 15 16 0.09154749999999998
567 4 15 17 0.182105
568 4 15 18 -0.06774749999999999
569 4 15 19 -0.07454049999999998
570 4 15 20 0.05427649999999998
571 4 16 17 0.03466499999999998
572 4 16 18 -0.004055000000000007
573 4 16 19 -0.39889749999999985
574 4 16 20 -0.061311500000000005
575 4 17 18 -0.13469499999999998
576 4 17 19 -0.19409249999999997
577 4 17 20 -0.008322500000000009
578 4 18 19 -0.06531099999999998
579 4 18 20 0.0036269999999999905
580 4 19 20 0.09758249999999997
581 5 6 7 -0.21754084999999998
582 5 6 8 0.06991899999999998
583 5 6 9 0.19681899999999994
584 5 6 10 0.180239
585 5 6 11 -0.17431099999999997
586 5 6 12 0.019822000000000003
587 5 6 13 0.11970999999999996
588 5 6 14 0.00012649999999998491
589 5 6 15 0.06573649999999999
590 5 6 16 0.09672349999999999
591 5 6 17 -0.07842949999999997
592 5 6 18 -0.05425599999999998
593 5 6 19 -0.020771
594 5 6 20 0.03805899999999999
595 5 7 8 0.03785985
596 5 7 9 0.13980484999999995
597 5 7 10 0.05890984999999998
598 5 7 11 -0.05505265000000001
599 5 7 12 0.09159284999999998
600 5 7 13 -0.01203915
601 5 7 14 -0.04855264999999999
602 5 7 15 -0.11169014999999997
603 5 7 16 -0.0043851500000000035
604 5 7 17 -0.11558864999999999
605 5 7 18 0.06083484999999998
606 5 7 19 0.005084850000000006
607 5 7 20 0.14077084999999998
608 5 8 9 -0.006665000000000009
609 5 8 10 -0.19028999999999993
610 5 8 11 -0.16166849999999994
611 5 8 12 -0.15322199999999997
612 5 8 13 -0.19369399999999995
613 5 8 14 -0.1623325
614 5 8 15 -0.13316499999999998
615 5 8 16 -0.14883499999999997
616 5 8 17 -0.3440134999999999
617 5 8 18 -0.149555
618 5 8 19 -0.14425499999999997
619 5 8 20 0.023948000000000004
620 5 9 10 -0.03825499999999996
621 5 9 11 -0.22651499999999994
622 5 9 12 -0.001646999999999976
623 5 9 13 -0.13432399999999997
624 5 9 14 -0.12289399999999998
625 5 9 15 -0.3029849999999999
626 5 9 16 -0.10609849999999998
627 5 9 17 -0.43975849999999983
628 5 9 18 -0.0962625
629 5 9 19 -0.2651199999999999
630 5 9 20 -0.09649449999999996
631 5 10 11 -0.226355
632 5 10 12 -0.103407
633 5 10 13 -0.123059
634 5 10 14 -0.19763599999999995
635 5 10 15 -0.18208849999999996
636 5 10 16 -0.1624335
637 5 10 17 -0.41006849999999995
638 5 10 18 -0.02595000000000002
639 5 10 19 -0.22433499999999995
640 5 10 20 -0.2513349999999999
641 5 11 12 0.04841300000000001
642 5 11 13 -0.04207899999999998
643 5 11 14 0.18913249999999995
644 5 11 15 0.07879999999999998
645 5 11 16 0.08651
646 5 11 17 0.014511500000000002
647 5 11 18 0.22005864999999994
648 5 11 19 0.07632
649 5 11 20 0.11184999999999998
650 5 12 13 -0.13419699999999998
651 5 12 14 -0.0244815
652 5 12 15 -0.187383
653 5 12 16 -0.08488299999999997
654 5 12 17 -0.20418649999999994
655 5 12 18 0.08996874999999996
656 5 12 19 0.001646999999999998
657 5 12 20 0.0032669999999999973
658 5 13 14 -0.04871849999999999
659 5 13 15 0.05811999999999998
660 5 13 16 0.036044
661 5 13 17 -0.15431949999999997
662 5 13 18 0.060923999999999985
663 5 13 19 0.15483899999999998
664 5 13 20 0.16757899999999998
665 5 14 15 -0.13147249999999996
666 5 14 16 -0.13277749999999996
667 5 14 17 -0.08800399999999997
668 5 14 18 0.11353799999999999
669 5 14 19 -0.048777499999999974
670 5 14 20 0.2146475
671 5 15 16 0.038807499999999995
672 5 15 17 0.0505815
673 5 15 18 0.04590749999999998
674 5 15 19 0.085117
675 5 15 20 0.10019149999999999
676 5 16 17 -0.044118500000000005
677 5 16 18 0.16233999999999996
678 5 16 19 -0.18649999999999992
679 5 16 20 0.03734349999999999
680 5 17 18 0.11048349999999996
681 5 17 19 0.09708849999999998
682 5 17 20 0.16911599999999996
683 5 18 19 -0.01930849999999998
684 5 18 20 -0.06411299999999998
685 5 19 20 -0.016159999999999997
686 6 7 8 -0.24959999999999993
687 6 7 9 -0.27455499999999994
688 6 7 10 -0.3388699999999999
689 6 7 11 -0.09828249999999997
690 6 7 12 -0.14576999999999998
691 6 7 13 -0.34928999999999993
692 6 7 14 -0.2662199999999999
693 6 7 15 -0.3949674999999999
694 6 7 16 -0.3186494999999999
695 6 7 17 -0.2546999999999999
696 6 7 18 -0.10245
697 6 7 19 -0.19168499999999997
698 6 7 20 -0.11482899999999995
699 6 8 9 -0.133565
700 6 8 10 -0.30060999999999993
701 6 8 11 0.0825615
702 6 8 12 -0.10312499999999997
703 6 8 13 -0.24348499999999992
704 6 8 14 -0.09253999999999998
705 6 8 15 -0.12898249999999997
706 6 8 16 -0.17563949999999995
707 6 8 17 -0.19566499999999995
708 6 8 18 -0.02538000000000002
709 6 8 19 -0.05356499999999998
710 6 8 20 0.055808
711 6 9 10 -0.021674999999999993
712 6 9 11 0.14461499999999997
713 6 9 12 0.17534999999999998
714 6 9 13 -0.05721499999999998
715 6 9 14 0.0737985
716 6 9 15 -0.17190249999999996
717 6 9 16 -0.006003000000000001
718 6 9 17 -0.16450999999999996
719 6 9 18 0.15481249999999994
720 6 9 19 -0.047529999999999975
721 6 9 20 0.06226549999999999
722 6 10 11 0.12819499999999998
723 6 10 12 0.05700999999999998
724 6 10 13 -0.06252999999999999
725 6 10 14 -0.01752349999999999
726 6 10 15 -0.067586
727 6 10 16 -0.07891799999999999
728 6 10 17 -0.15139999999999998
729 6 10 18 0.20854499999999995
730 6 10 19 -0.023324999999999978
731 6 10 20 -0.10915499999999997
732 6 11 12 -0.14572
733 6 11 13 -0.3360999999999999
734 6 11 14 0.014694999999999988
735 6 11 15 -0.1612475
736 6 11 16 -0.18452449999999995
737 6 11 17 -0.08137
738 6 11 18 0.10000364999999996
739 6 11 19 -0.07721999999999998
740 6 11 20 -0.10051999999999998
741 6 12 13 -0.23408499999999996
742 6 12 14 -0.004785999999999993
743 6 12 15 -0.2332975
744 6 12 16 -0.16178449999999997
745 6 12 17 -0.10593499999999999
746 6 12 18 0.16404674999999994
747 6 12 19 0.04224000000000001
748 6 12 20 -0.01496999999999999
749 6 13 14 0.07086499999999998
750 6 13 15 0.11209349999999997
751 6 13 16 0.05903049999999997
752 6 13 17 0.043819999999999984
753 6 13 18 0.23488999999999993
754 6 13 19 0.2953199999999999
755 6 13 20 0.24922999999999998
756 6 14 15 -0.19708249999999997
757 6 14 16 -0.22937449999999995
758 6 14 17 -0.009448000000000002
759 6 14 18 0.16792049999999994
760 6 14 19 -0.027879999999999988
761 6 14 20 0.17671499999999996
762 6 15 16 0.007820499999999994
763 6 15 17 0.19474749999999996
764 6 15 18 0.16589999999999994
765 6 15 19 0.17162449999999999
766 6 15 20 0.12786899999999998
767 6 16 17 0.13103449999999994
768 6 16 18 0.3133194999999999
769 6 16 19 -0.06900549999999997
770 6 16 20 0.09600799999999997
771 6 17 18 0.08630999999999996
772 6 17 19 0.03943
773 6 17 20 0.052627499999999994
774 6 18 19 -0.05279349999999996
775 6 18 20 -0.15642799999999993
776 6 19 20 -0.07498999999999999
777 7 8 9 -0.10860999999999998
778 7 8 10 -0.21133999999999994
779 7 8 11 -0.068756
780 7 8 12 -0.20695499999999994
781 7 8 13 -0.14379499999999998
782 7 8 14 -0.07592
783 7 8 15 0.016385
784 7 8 16 -0.10658999999999998
785 7 8 17 -0.19056499999999998
786 7 8 18 -0.17252999999999996
787 7 8 19 -0.11147999999999997
788 7 8 20 -0.07896299999999999
789 7 9 10 0.042640000000000004
790 7 9 11 -0.0316575
791 7 9 12 0.046565
792 7 9 13 0.017519999999999994
793 7 9 14 0.06546349999999998
794 7 9 15 -0.05149
795 7 9 16 0.03809149999999999
796 7 9 17 -0.18436499999999995
797 7 9 18 -0.017292500000000002
798 7 9 19 -0.13039999999999996
799 7 9 20 -0.09746049999999998
800 7 10 11 -0.11239249999999996
801 7 10 12 -0.13608999999999996
802 7 10 13 -0.05211
803 7 10 14 -0.09017349999999999
804 7 10 15 -0.011488499999999997
805 7 10 16 -0.09913849999999999
806 7 10 17 -0.23556999999999992
807 7 10 18 -0.027875
808 7 10 19 -0.17050999999999994
809 7 10 20 -0.333196
810 7 11 12 -0.09823249999999997
811 7 11 13 -0.08509249999999996
812 7 11 14 0.18263249999999995
813 7 11 15 0.1354375
814 7 11 16 0.03584249999999999
815 7 11 17 0.07504749999999999
816 7 11 18 0.10417114999999999
817 7 11 19 0.016182500000000006
818 7 11 20 -0.08397349999999999
819 7 12 13 -0.030565000000000005
820 7 12 14 0.11566399999999996
821 7 12 15 0.015900000000000022
822 7 12 16 0.011094999999999995
823 7 12 17 0.0029950000000000137
824 7 12 18 0.12072674999999998
825 7 12 19 0.088155
826 7 12 20 -0.045910999999999993
827 7 13 14 -0.012204999999999995
828 7 13 15 0.157771
829 7 13 16 0.02839
830 7 13 17 -0.050769999999999996
831 7 13 18 -0.011949999999999992
832 7 13 19 0.13771499999999998
833 7 13 20 0.014768999999999989
834 7 14 15 -0.06833499999999998
835 7 14 16 -0.17694499999999996
836 7 14 17 -0.020967999999999983
837 7 14 18 0.004150500000000003
838 7 14 19 -0.10241499999999996
839 7 14 20 0.025324000000000006
840 7 15 16 -0.06849749999999998
841 7 15 17 0.054479999999999994
842 7 15 18 -0.12661749999999997
843 7 15 19 -0.03165799999999999
844 7 15 20 -0.15226949999999997
845 7 16 17 0.06708499999999998
846 7 16 18 0.09711999999999998
847 7 16 19 -0.19596999999999992
848 7 16 20 -0.10781249999999996
849 7 17 18 -0.06594
850 7 17 19 -0.023584999999999995
851 7 17 20 -0.08724349999999999
852 7 18 19 0.0364415
853 7 18 20 -0.14404899999999998
854 7 19 20 -0.15184599999999998
855 8 9 10 0.14536999999999997
856 8 9 11 -0.07151149999999998
857 8 9 12 0.14490999999999996
858 8 9 13 0.05270499999999999
859 8 9 14 0.0327735
860 8 9 15 -0.17648499999999995
861 8 9 16 0.03607149999999999
862 8 9 17 -0.10240999999999999
863 8 9 18 0.046627499999999995
864 8 9 19 -0.12752999999999995
865 8 9 20 -0.1271075
866 8 10 11 -0.25497649999999994
867 8 10 12 -0.14047499999999996
868 8 10 13 -0.119655
869 8 10 14 -0.22559349999999995
870 8 10 15 -0.23921349999999994
871 8 10 16 -0.20388849999999997
872 8 10 17 -0.25634499999999993
873 8 10 18 -0.06668499999999998
874 8 10 19 -0.27036999999999994
875 8 10 20 -0.4655729999999999
876 8 11 12 0.03996649999999999
877 8 11 13 -0.010053499999999979
878 8 11 14 0.18979649999999992
879 8 11 15 0.0502965
880 8 11 16 0.07367649999999998
881 8 11 17 0.19685649999999996
882 8 11 18 0.20794515
883 8 11 19 0.0589065
884 8 11 20 -0.07376649999999998
885 8 12 13 -0.09372499999999997
886 8 12 14 -0.015370999999999992
887 8 12 15 -0.20743999999999993
888 8 12 16 -0.08926999999999996
889 8 12 17 -0.013394999999999999
890 8 12 18 0.08630174999999998
891 8 12 19 -0.0073199999999999914
892 8 12 20 -0.17390299999999995
893 8 13 14 -0.08007999999999998
894 8 13 15 -0.002409000000000001
895 8 13 16 -0.008814999999999998
896 8 13 17 -0.004000000000000003
897 8 13 18 0.016785
898 8 13 19 0.10539999999999998
899 8 13 20 -0.050063
900 8 14 15 -0.16063999999999998
901 8 14 16 -0.14627499999999996
902 8 14 17 0.09367699999999998
903 8 14 18 0.10076049999999999
904 8 14 19 -0.06685499999999998
905 8 14 20 0.02836699999999998
906 8 15 16 0.05447749999999999
907 8 15 17 0.26142999999999994
908 8 15 18 0.06229749999999999
909 8 15 19 0.09620699999999999
910 8 15 20 -0.05692149999999999
911 8 16 17 0.15105999999999997
912 8 16 18 0.16305999999999998
913 8 16 19 -0.19107999999999994
914 8 16 20 -0.13543949999999996
915 8 17 18 -0.083975
916 8 17 19 -0.10266999999999998
917 8 17 20 -0.19884549999999998
918 8 18 19 -0.024608499999999995
919 8 18 20 -0.23761599999999994
920 8 19 20 -0.18436299999999997
921 9 10 11 -0.03809499999999998
922 9 10 12 -0.14001499999999997
923 9 10 13 -0.026989999999999997
924 9 10 14 -0.11299699999999999
925 9 10 15 0.08264149999999998
926 9 10 16 -0.09458999999999998
927 9 10 17 -0.008565
928 9 10 18 0.032057499999999996
929 9 10 19 0.0025299999999999984
930 9 10 20 -0.19309549999999998
931 9 11 12 -0.17645499999999995
932 9 11 13 -0.13426999999999997
933 9 11 14 0.08551149999999996
934 9 11 15 0.15526999999999994
935 9 11 16 -0.0339065
936 9 11 17 0.2277549999999999
937 9 11 18 0.08980614999999997
938 9 11 19 0.11492499999999997
939 9 11 20 -0.018170500000000006
940 9 12 13 -0.0015199999999999988
941 9 12 14 0.09676549999999998
942 9 12 15 0.113955
943 9 12 16 0.01956850000000002
944 9 12 17 0.2339249999999999
945 9 12 18 0.18458424999999995
946 9 12 19 0.26511999999999997
947 9 12 20 0.0981145
948 9 13 14 -0.06014849999999999
949 9 13 15 0.22678099999999995
950 9 13 16 0.007818499999999999
951 9 13 17 0.151115
952 9 13 18 0.022862500000000004
953 9 13 19 0.2856349999999999
954 9 13 20 0.12974949999999996
955 9 14 15 0.048618499999999974
956 9 14 16 -0.14957299999999998
957 9 14 17 0.22886049999999994
958 9 14 18 0.08690649999999997
959 9 14 19 0.09344849999999998
960 9 14 20 0.188248
961 9 15 16 -0.158079
962 9 15 17 0.18735499999999997
963 9 15 18 -0.16081499999999996
964 9 15 19 0.04725199999999998
965 9 15 20 -0.10629899999999996
966 9 16 17 0.2895414999999999
967 9 16 18 0.15250399999999995
968 9 16 19 -0.027478499999999996
969 9 16 20 0.02773949999999999
970 9 17 18 -0.23301249999999993
971 9 17 19 -0.07755
972 9 17 20 -0.17414799999999994
973 9 18 19 0.14954899999999996
974 9 18 20 -0.063881
975 9 19 20 -0.18478549999999996
976 10 11 12 -0.07453499999999996
977 10 11 13 -0.14537499999999995
978 10 11 14 0.16041349999999996
979 10 11 15 0.0345335
980 10 11 16 0.022588500000000008
981 10 11 17 0.19822499999999993
982 10 11 18 0.01965365
983 10 11 19 0.07429999999999998
984 10 11 20 0.13682999999999995
985 10 12 13 -0.114545
986 10 12 14 0.06974749999999998
987 10 12 15 -0.10870149999999998
988 10 12 16 -0.0258565
989 10 12 17 0.10247499999999996
990 10 12 18 0.012511749999999992
991 10 12 19 0.12257499999999996
992 10 12 20 0.15119499999999994
993 10 13 14 0.025858499999999993
994 10 13 15 0.11714949999999998
995 10 13 16 0.0754185
996 10 13 17 0.13268999999999995
997 10 13 18 -0.036184999999999995
998 10 13 19 0.2561149999999999
999 10 13 20 0.2958549999999999
1000 10 14 15 -0.14701999999999996
1001 10 14 16 -0.16797999999999996
1002 10 14 17 0.12442849999999996
1003 10 14 18 -0.058147999999999984
1004 10 14 19 -0.022078499999999997
1005 10 14 20 0.26834649999999993
1006 10 15 16 0.019152499999999996
1007 10 15 17 0.27856149999999996
1008 10 15 18 -0.11023099999999998
1009 10 15 19 0.1273635
1010 10 15 20 0.16943799999999998
1011 10 16 17 0.20351649999999996
1012 10 16 18 0.025856499999999987
1013 10 16 19 -0.12459849999999996
1014 10 16 20 0.126245
1015 10 17 18 -0.2736349999999999
1016 10 17 19 -0.08864499999999999
1017 10 17 20 0.010382500000000003
1018 10 18 19 0.17907649999999997
1019 10 18 20 0.16127199999999994
1020 10 19 20 0.01084000000000001
1021 11 12 13 -0.043704999999999994
1022 11 12 14 -0.16520099999999996
1023 11 12 15 -0.21776999999999994
1024 11 12 16 -0.12297999999999998
1025 11 12 17 -0.17028499999999996
1026 11 12 18 -0.08167689999999997
1027 11 12 19 -0.026259999999999988
1028 11 12 20 -0.06016999999999998
1029 11 13 14 -0.27992999999999996
1030 11 13 15 -0.06275899999999998
1031 11 13 16 -0.09254499999999996
1032 11 13 17 -0.21090999999999993
1033 11 13 18 -0.20121364999999994
1034 11 13 19 0.03644
1035 11 13 20 0.013650000000000004
1036 11 14 15 -0.02114
1037 11 14 16 -0.030154999999999994
1038 11 14 17 0.08661699999999999
1039 11 14 18 0.08261184999999997
1040 11 14 19 0.06403499999999998
1041 11 14 20 0.2919299999999999
1042 11 15 16 0.031097499999999993
1043 11 15 17 0.11486999999999999
1044 11 15 18 -0.09535114999999998
1045 11 15 19 0.08759699999999998
1046 11 15 20 0.06714149999999999
1047 11 16 17 0.027879999999999988
1048 11 16 18 0.02879135
1049 11 16 19 -0.17630999999999994
1050 11 16 20 0.0120035
1051 11 17 18 -0.09506364999999999
1052 11 17 19 0.03527999999999999
1053 11 17 20 0.0717775
1054 11 18 19 0.12443014999999999
1055 11 18 20 0.044095649999999986
1056 11 19 20 -0.05168999999999998
1057 12 13 14 -0.15843399999999996
1058 12 13 15 0.11130599999999999
1059 12 13 16 -0.013270000000000006
1060 12 13 17 -0.08432999999999999
1061 12 13 18 -0.16324174999999996
1062 12 13 19 0.01899499999999999
1063 12 13 20 0.030114999999999986
1064 12 14 15 0.031428999999999985
1065 12 14 16 -0.07237599999999998
1066 12 14 17 0.09170099999999998
1067 12 14 18 -0.0009122500000000004
1068 12 14 19 -0.07490599999999997
1069 12 14 20 0.18689899999999998
1070 12 15 16 -0.06369249999999999
1071 12 15 17 0.067385
1072 12 15 18 -0.23144424999999996
1073 12 15 19 -0.10391299999999998
1074 12 15 20 -0.09045849999999997
1075 12 16 17 0.07518499999999999
1076 12 16 18 -0.012511749999999995
1077 12 16 19 -0.2730299999999999
1078 12 16 20 -0.05080649999999999
1079 12 17 18 -0.18367174999999994
1080 12 17 19 -0.10874499999999998
1081 12 17 20 -0.0383375
1082 12 18 19 0.06901324999999998
1083 12 18 20 0.022588749999999998
1084 12 19 20 -0.017779999999999997
1085 13 14 15 -0.2383109999999999
1086 13 14 16 -0.21753999999999993
1087 13 14 17 0.017597
1088 13 14 18 0.0038954999999999984
1089 13 14 19 -0.2523349999999999
1090 13 14 20 -0.0016499999999999954
1091 13 15 16 0.060883499999999986
1092 13 15 17 0.26302099999999995
1093 13 15 18 0.04310349999999998
1094 13 15 19 -0.011601999999999993
1095 13 15 20 -0.009267499999999998
1096 13 16 17 0.14624499999999999
1097 13 16 18 0.13745999999999997
1098 13 16 19 -0.3052949999999999
1099 13 16 20 -0.09419149999999997
1100 13 17 18 -0.10475999999999998
1101 13 17 19 -0.21206999999999998
1102 13 17 20 -0.15278249999999996
1103 13 18 19 -0.11322349999999996
1104 13 18 20 -0.17076799999999995
1105 13 19 20 -0.02889999999999999
1106 14 15 16 0.04011249999999999
1107 14 15 17 0.0071130000000000125
1108 14 15 18 -0.19910299999999997
1109 14 15 19 0.0024220000000000014
1110 14 15 20 -0.24592849999999994
1111 14 16 17 -0.08889199999999997
1112 14 16 18 -0.0839755
1113 14 16 19 -0.27049999999999996
1114 14 16 20 -0.31008149999999995
1115 14 17 18 -0.09105849999999997
1116 14 17 19 0.057861999999999976
1117 14 17 20 -0.13353549999999997
1118 14 18 19 0.14300699999999997
1119 14 18 20 -0.16522249999999997
1120 14 19 20 -0.2795849999999999
1121 15 16 17 -0.055892500000000005
1122 15 16 18 0.15523999999999996
1123 15 16 19 -0.23280949999999995
1124 15 16 20 -0.024040499999999996
1125 15 17 18 0.11515749999999998
1126 15 17 19 0.06255299999999997
1127 15 17 20 0.11950599999999997
1128 15 18 19 -0.058517999999999994
1129 15 18 20 -0.11839699999999997
1130 15 19 20 -0.03123449999999999
1131 16 17 18 -0.09597499999999998
1132 16 17 19 0.23946999999999993
1133 16 17 20 0.08765399999999997
1134 16 18 19 0.3295314999999999
1135 16 18 20 0.060883499999999986
1136 16 19 20 -0.24000349999999993
1137 17 18 19 -0.005913500000000003
1138 17 18 20 -0.12274549999999997
1139 17 19 20 -0.08818749999999997
1140 18 19 20 0.028644499999999993
