t i j k u[t]
1 1 2 3 0.013369999999999972
2 1 2 4 0.112465
3 1 2 5 0.18958499999999998
4 1 2 6 0.1685725
5 1 2 7 0.17686650000000004
6 1 2 8 0.09256299999999998
7 1 2 9 0.145117
8 1 2 10 0.20327000000000003
9 1 2 11 -0.06654500000000003
10 1 2 12 0.00404445
11 1 2 13 0.10429305000000001
12 1 2 14 0.08338499999999997
13 1 2 15 0.294395
14 1 2 16 0.14870999999999998
15 1 2 17 0.30321500000000007
16 1 2 18 0.42618000000000006
17 1 2 19 0.23484
18 1 2 20 0.3145
19 1 3 4 0.19289900000000001
20 1 3 5 0.15042500000000003
21 1 3 6 -0.040745
22 1 3 7 0.04230650000000001
23 1 3 8 -0.18559699999999998
24 1 3 9 -0.027862999999999995
25 1 3 10 0.17798500000000003
26 1 3 11 0.03814000000000002
27 1 3 12 -0.04477555
28 1 3 13 0.02589805000000001
29 1 3 14 0.13462000000000005
30 1 3 15 0.25333500000000003
31 1 3 16 0.07526000000000005
32 1 3 17 0.012115000000000055
33 1 3 18 0.35644000000000003
34 1 3 19 0.077025
35 1 3 20 0.10102000000000004
36 1 4 5 -0.034015
37 1 4 6 -0.04653000000000001
38 1 4 7 -0.09320800000000001
39 1 4 8 -0.022561999999999995
40 1 4 9 -0.148513
41 1 4 10 -0.106175
42 1 4 11 -0.43190000000000006
43 1 4 12 -0.22234555000000003
44 1 4 13 -0.29832195
45 1 4 14 -0.09605500000000002
46 1 4 15 0.008800000000000007
47 1 4 16 -0.10762000000000002
48 1 4 17 0.05106500000000001
49 1 4 18 0.19323500000000002
50 1 4 19 -0.049420000000000006
51 1 4 20 -0.05893499999999999
52 1 5 6 -0.1752225
53 1 5 7 -0.05373650000000002
54 1 5 8 -0.22077700000000003
55 1 5 9 -0.15929900000000002
56 1 5 10 -0.030023500000000015
57 1 5 11 -0.08607000000000001
58 1 5 12 -0.21761055000000004
59 1 5 13 -0.10522695
60 1 5 14 0.0266695
61 1 5 15 0.035925
62 1 5 16 -0.05573500000000001
63 1 5 17 0.132529595
64 1 5 18 0.05641500000000002
65 1 5 19 -0.01980000000000001
66 1 5 20 -0.11723000000000003
67 1 6 7 0.08571200000000002
68 1 6 8 0.16062800000000005
69 1 6 9 0.013932000000000012
70 1 6 10 0.17570000000000002
71 1 6 11 -0.088025
72 1 6 12 0.02481945000000001
73 1 6 13 0.10928890000000001
74 1 6 14 0.14667
75 1 6 15 0.2961015000000001
76 1 6 16 0.24868950000000004
77 1 6 17 0.28825
78 1 6 18 0.24073000000000008
79 1 6 19 0.15564000000000006
80 1 6 20 0.205465
81 1 7 8 -0.19434849999999998
82 1 7 9 -0.17308949999999998
83 1 7 10 0.1250145
84 1 7 11 -0.007345000000000003
85 1 7 12 -0.020188550000000003
86 1 7 13 -0.18001345000000002
87 1 7 14 -0.1311765
88 1 7 15 -0.06654149999999999
89 1 7 16 -0.20449650000000003
90 1 7 17 0.16203350000000002
91 1 7 18 0.29174350000000004
92 1 7 19 -0.052131500000000004
93 1 7 20 0.08416850000000001
94 1 8 9 -0.0512705
95 1 8 10 0.143012
96 1 8 11 -0.10734300000000001
97 1 8 12 -0.07523355000000001
98 1 8 13 -0.14761995000000003
99 1 8 14 0.091167
100 1 8 15 0.15716700000000003
101 1 8 16 -0.02770299999999999
102 1 8 17 0.028872000000000012
103 1 8 18 0.24523200000000003
104 1 8 19 -0.08297299999999999
105 1 8 20 0.19859338
106 1 9 10 0.1610755
107 1 9 11 -0.12185700000000002
108 1 9 12 0.09907745000000001
109 1 9 13 -0.13002395
110 1 9 14 0.1841835
111 1 9 15 0.035963000000000016
112 1 9 16 0.070618
113 1 9 17 0.09317800000000002
114 1 9 18 0.230668
115 1 9 19 0.04271799999999999
116 1 9 20 0.143848
117 1 10 11 -0.16020500000000001
118 1 10 12 -0.03962555
119 1 10 13 -0.04471694999999999
120 1 10 14 -0.046645000000000006
121 1 10 15 -0.106985
122 1 10 16 -0.07229
123 1 10 17 0.0016800000000000148
124 1 10 18 0.1264
125 1 10 19 -0.06556000000000001
126 1 10 20 0.021130000000000003
127 1 11 12 -0.018566549999999998
128 1 11 13 -0.10751195000000001
129 1 11 14 0.1166915
130 1 11 15 0.20186500000000002
131 1 11 16 0.06897800000000001
132 1 11 17 0.23650050000000003
133 1 11 18 0.25633
134 1 11 19 0.009689999999999999
135 1 11 20 0.18012250000000005
136 1 12 13 -0.1309214
137 1 12 14 0.23950555
138 1 12 15 0.04464055000000001
139 1 12 16 0.22178055
140 1 12 17 0.09828555000000003
141 1 12 18 0.43546055
142 1 12 19 0.28442555
143 1 12 20 0.11575555
144 1 13 14 0.22120795
145 1 13 15 0.25463195000000005
146 1 13 16 0.22179195
147 1 13 17 0.16014694999999998
148 1 13 18 0.46043195
149 1 13 19 0.16268195
150 1 13 20 0.15900745
151 1 14 15 0.06864000000000002
152 1 14 16 -0.135995
153 1 14 17 0.13713000000000003
154 1 14 18 0.24348950000000003
155 1 14 19 -0.08405350000000002
156 1 14 20 0.127405
157 1 15 16 -0.15892000000000003
158 1 15 17 0.11976000000000002
159 1 15 18 0.07450000000000001
160 1 15 19 -0.14717000000000002
161 1 15 20 -0.023337500000000004
162 1 16 17 0.13693750000000002
163 1 16 18 0.3307
164 1 16 19 -0.04476500000000001
165 1 16 20 0.16520500000000002
166 1 17 18 0.14737310000000003
167 1 17 19 -0.27716500000000005
168 1 17 20 0.060145000000000004
169 1 18 19 -0.15681000000000003
170 1 18 20 -0.18843710000000002
171 1 19 20 0.097569
172 2 3 4 0.09380400000000001
173 2 3 5 -0.025789999999999993
174 2 3 6 -0.1959475
175 2 3 7 -0.12119
176 2 3 8 -0.26479
177 2 3 9 -0.15961000000000006
178 2 3 10 -0.011914999999999999
179 2 3 11 0.11805500000000005
180 2 3 12 -0.03545000000000003
181 2 3 13 -0.065025
182 2 3 14 0.06460499999999995
183 2 3 15 -0.027690000000000003
184 2 3 16 -0.06008
185 2 3 17 -0.27773
186 2 3 18 -0.05637000000000001
187 2 3 19 -0.14444500000000002
188 2 3 20 -0.20011000000000004
189 2 4 5 -0.111135
190 2 4 6 -0.10263750000000002
191 2 4 7 -0.1576095
192 2 4 8 -0.002660000000000007
193 2 4 9 -0.18116500000000005
194 2 4 10 -0.19698000000000002
195 2 4 11 -0.25289
196 2 4 12 -0.11392500000000003
197 2 4 13 -0.29014999999999996
198 2 4 14 -0.06697500000000002
199 2 4 15 -0.17312999999999998
200 2 4 16 -0.14386500000000002
201 2 4 17 -0.139685
202 2 4 18 -0.12048000000000003
203 2 4 19 -0.171795
204 2 4 20 -0.26097000000000004
205 2 5 6 -0.15421
206 2 5 7 -0.04101800000000001
207 2 5 8 -0.12375500000000002
208 2 5 9 -0.11483100000000002
209 2 5 10 -0.04370850000000001
210 2 5 11 0.17006000000000002
211 2 5 12 -0.03207000000000002
212 2 5 13 -0.019935
213 2 5 14 0.13286949999999997
214 2 5 15 -0.06888500000000002
215 2 5 16 -0.014860000000000007
216 2 5 17 0.01889959499999999
217 2 5 18 -0.18018000000000003
218 2 5 19 -0.06505500000000002
219 2 5 20 -0.24214500000000003
220 2 6 7 0.07741800000000001
221 2 6 8 0.2366375
222 2 6 9 0.03738750000000001
223 2 6 10 0.14100250000000003
224 2 6 11 0.14709250000000004
225 2 6 12 0.1893475
226 2 6 13 0.17356835
227 2 6 14 0.23185750000000002
228 2 6 15 0.170279
229 2 6 16 0.26855200000000007
230 2 6 17 0.1536075
231 2 6 18 -0.01687749999999997
232 2 6 19 0.08937250000000001
233 2 6 20 0.05953750000000001
234 2 7 8 -0.11004499999999999
235 2 7 9 -0.14134000000000002
236 2 7 10 0.09861100000000002
237 2 7 11 0.23606650000000004
238 2 7 12 0.1526335
239 2 7 13 -0.10744
240 2 7 14 -0.03769499999999999
241 2 7 15 -0.18407
242 2 7 16 -0.17634
243 2 7 17 0.035685
244 2 7 18 0.042430000000000016
245 2 7 19 -0.110105
246 2 7 20 -0.053465000000000006
247 2 8 9 -0.10382449999999999
248 2 8 10 0.032305000000000014
249 2 8 11 0.05176500000000002
250 2 8 12 0.013284999999999991
251 2 8 13 -0.15935000000000002
252 2 8 14 0.100345
253 2 8 15 -0.04466499999999999
254 2 8 16 -0.08385
255 2 8 17 -0.18178000000000002
256 2 8 18 -0.08838500000000002
257 2 8 19 -0.22524999999999998
258 2 8 20 -0.02334361999999999
259 2 9 10 0.10292250000000001
260 2 9 11 0.08980500000000002
261 2 9 12 0.24015000000000003
262 2 9 13 -0.08919999999999999
263 2 9 14 0.2459155
264 2 9 15 -0.11331500000000001
265 2 9 16 0.06702500000000003
266 2 9 17 -0.06492
267 2 9 18 -0.050394999999999995
268 2 9 19 -0.047005
269 2 9 20 -0.025535
270 2 10 11 0.10961000000000001
271 2 10 12 0.15959999999999996
272 2 10 13 0.05426000000000001
273 2 10 14 0.07323999999999997
274 2 10 15 -0.19811
275 2 10 16 -0.017730000000000003
276 2 10 17 -0.098265
277 2 10 18 -0.09651000000000001
278 2 10 19 -0.09713000000000001
279 2 10 20 -0.09010000000000001
280 2 11 12 -0.08915600000000004
281 2 11 13 -0.27835000000000004
282 2 11 14 -0.03323850000000003
283 2 11 15 -0.15907500000000002
284 2 11 16 -0.14627700000000002
285 2 11 17 -0.13325950000000003
286 2 11 18 -0.23639500000000002
287 2 11 19 -0.291695
288 2 11 20 -0.20092250000000006
289 2 12 13 -0.23117
290 2 12 14 0.160165
291 2 12 15 -0.24570999999999996
292 2 12 16 0.07711500000000003
293 2 12 17 -0.20088499999999998
294 2 12 18 0.01332500000000002
295 2 12 19 0.05363000000000003
296 2 12 20 -0.19469999999999998
297 2 13 14 0.24211599999999997
298 2 13 15 0.06453
299 2 13 16 0.177375
300 2 13 17 -0.03877500000000002
301 2 13 18 0.138545
302 2 13 19 0.032135
303 2 13 20 -0.0511995
304 2 14 15 -0.14236999999999997
305 2 14 16 -0.20132
306 2 14 17 -0.0827
307 2 14 18 -0.09930549999999999
308 2 14 19 -0.2355085
309 2 14 20 -0.10371000000000001
310 2 15 16 -0.013234999999999997
311 2 15 17 0.11094000000000001
312 2 15 18 -0.05728500000000001
313 2 15 19 -0.08761500000000001
314 2 15 20 -0.04344250000000001
315 2 16 17 -0.01756750000000001
316 2 16 18 0.05323
317 2 16 19 -0.130895
318 2 16 20 -0.0005850000000000022
319 2 17 18 0.024408100000000005
320 2 17 19 -0.20879000000000006
321 2 17 20 0.048860000000000015
322 2 18 19 0.034530000000000005
323 2 18 20 -0.0767571
324 2 19 20 0.017909000000000005
325 3 4 5 0.008458999999999996
326 3 4 6 0.187114
327 3 4 7 0.05738450000000002
328 3 4 8 0.35593400000000003
329 3 4 9 0.07224900000000002
330 3 4 10 -0.09126100000000001
331 3 4 11 -0.277141
332 3 4 12 0.015329000000000016
333 3 4 13 -0.131321
334 3 4 14 -0.03777599999999999
335 3 4 15 -0.05163599999999999
336 3 4 16 0.010019
337 3 4 17 0.231849
338 3 4 18 0.029694
339 3 4 19 0.066454
340 3 4 20 0.03294399999999997
341 3 5 6 0.015947500000000003
342 3 5 7 0.05438200000000001
343 3 5 8 0.11524499999999999
344 3 5 9 0.018989000000000016
345 3 5 10 -0.05758350000000001
346 3 5 11 0.026214999999999995
347 3 5 12 -0.02240999999999999
348 3 5 13 0.01930000000000001
349 3 5 14 0.04247450000000001
350 3 5 15 -0.066985
351 3 5 16 0.019430000000000003
352 3 5 17 0.270839595
353 3 5 18 -0.1496
354 3 5 19 0.053599999999999995
355 3 5 20 -0.06782500000000002
356 3 6 7 0.0026605000000000044
357 3 6 8 0.3054800000000001
358 3 6 9 0.0010500000000000177
359 3 6 10 -0.043030000000000006
360 3 6 11 -0.16691000000000006
361 3 6 12 0.02885
362 3 6 13 0.042645850000000006
363 3 6 14 -0.028695000000000005
364 3 6 15 0.002021500000000007
365 3 6 16 0.13268449999999998
366 3 6 17 0.23539000000000002
367 3 6 18 -0.15645499999999998
368 3 6 19 0.037870000000000015
369 3 6 20 0.0637
370 3 7 8 0.03355499999999998
371 3 7 9 -0.10291999999999998
372 3 7 10 -0.010664000000000009
373 3 7 11 -0.003178500000000015
374 3 7 12 0.06689350000000001
375 3 7 13 -0.163605
376 3 7 14 -0.22348999999999997
377 3 7 15 -0.27757000000000004
378 3 7 16 -0.23745000000000005
379 3 7 17 0.192225
380 3 7 18 -0.02239
381 3 7 19 -0.08685000000000001
382 3 7 20 0.025454999999999985
383 3 8 9 -0.2090045
384 3 8 10 -0.22057
385 3 8 11 -0.33108000000000004
386 3 8 12 -0.216055
387 3 8 13 -0.359115
388 3 8 14 -0.22904999999999998
389 3 8 15 -0.28176500000000004
390 3 8 16 -0.28856
391 3 8 17 -0.16884000000000002
392 3 8 18 -0.296805
393 3 8 19 -0.345595
394 3 8 20 -0.08802362
395 3 9 10 -0.04477250000000002
396 3 9 11 -0.18786000000000003
397 3 9 12 0.11599000000000001
398 3 9 13 -0.183785
399 3 9 14 0.021700499999999994
400 3 9 15 -0.24523500000000004
401 3 9 16 -0.032505000000000006
402 3 9 17 0.05319999999999996
403 3 9 18 -0.15363500000000002
404 3 9 19 -0.06217000000000002
405 3 9 20 0.014964999999999975
406 3 10 11 -0.020360000000000014
407 3 10 12 0.18313500000000002
408 3 10 13 0.10737000000000002
409 3 10 14 -0.0032800000000000164
410 3 10 15 -0.182335
411 3 10 16 0.030435
412 3 10 17 0.16755
413 3 10 18 -0.052055
414 3 10 19 0.035400000000000015
415 3 10 20 0.09809500000000002
416 3 11 12 0.06434900000000002
417 3 11 13 -0.09527
418 3 11 14 0.020211500000000018
419 3 11 15 -0.013329999999999988
420 3 11 16 0.03185800000000001
421 3 11 17 0.2625255
422 3 11 18 -0.06197
423 3 11 19 -0.029194999999999995
424 3 11 20 0.11724250000000001
425 3 12 13 -0.20159500000000002
426 3 12 14 0.060110000000000004
427 3 12 15 -0.25347000000000003
428 3 12 16 0.101745
429 3 12 17 0.04139499999999999
430 3 12 18 0.034245000000000005
431 3 12 19 0.162625
432 3 12 20 -0.03004000000000002
433 3 13 14 0.11248600000000002
434 3 13 15 0.027195000000000007
435 3 13 16 0.17243
436 3 13 17 0.17392999999999997
437 3 13 18 0.12989000000000003
438 3 13 19 0.11155499999999999
439 3 13 20 0.0838855
440 3 14 15 -0.05007500000000001
441 3 14 16 -0.07663500000000001
442 3 14 17 0.259635
443 3 14 18 0.021669500000000005
444 3 14 19 -0.02645850000000001
445 3 14 20 0.16100499999999998
446 3 15 16 0.019155000000000002
447 3 15 17 0.36098
448 3 15 18 -0.028605000000000002
449 3 15 19 0.029140000000000003
450 3 15 20 0.1289775
451 3 16 17 0.2000825
452 3 16 18 0.049519999999999995
453 3 16 19 -0.04653000000000001
454 3 16 20 0.139445
455 3 17 18 -0.1969519
456 3 17 19 -0.342075
457 3 17 20 -0.028759999999999987
458 3 18 19 0.122605
459 3 18 20 0.0669829
460 3 19 20 0.07357399999999999
461 4 5 6 -0.16270749999999998
462 4 5 7 0.005456499999999993
463 4 5 8 -0.23223000000000005
464 4 5 9 -0.044801000000000014
465 4 5 10 0.04213650000000001
466 4 5 11 0.311815
467 4 5 12 -0.029280000000000007
468 4 5 13 0.15908000000000003
469 4 5 14 0.0887095
470 4 5 15 -0.0068900000000000185
471 4 5 16 0.017869999999999997
472 4 5 17 0.04744959499999999
473 4 5 18 -0.170835
474 4 5 19 -0.0043949999999999935
475 4 5 20 -0.09231000000000003
476 4 6 7 0.13239
477 4 6 8 0.13666000000000003
478 4 6 9 0.115915
479 4 6 10 0.23534500000000003
480 4 6 11 0.297345
481 4 6 12 0.20063499999999998
482 4 6 13 0.36108085
483 4 6 14 0.196195
484 4 6 15 0.24077149999999997
485 4 6 16 0.30977950000000004
486 4 6 17 0.190655
487 4 6 18 0.0009650000000000159
488 4 6 19 0.15853000000000003
489 4 6 20 0.21786999999999998
490 4 7 8 -0.2649945
491 4 7 9 -0.11778450000000001
492 4 7 10 0.13798150000000003
493 4 7 11 0.33134700000000006
494 4 7 12 0.10894900000000002
495 4 7 13 0.025100499999999994
496 4 7 14 -0.12832949999999999
497 4 7 15 -0.1685495
498 4 7 16 -0.1900845
499 4 7 17 0.017760500000000002
500 4 7 18 0.00530050000000002
501 4 7 19 -0.09591949999999998
502 4 7 20 0.0498955
503 4 8 9 0.0746805
504 4 8 10 0.22662500000000005
505 4 8 11 0.30199499999999996
506 4 8 12 0.12455000000000002
507 4 8 13 0.12814
508 4 8 14 0.16466
509 4 8 15 0.125805
510 4 8 16 0.057355000000000024
511 4 8 17 -0.04475500000000002
512 4 8 18 0.029435000000000013
513 4 8 19 -0.056114999999999964
514 4 8 20 0.23496638
515 4 9 10 0.11873750000000002
516 4 9 11 0.16152999999999998
517 4 9 12 0.17290999999999998
518 4 9 13 0.019784999999999987
519 4 9 14 0.1317255
520 4 9 15 -0.12135000000000003
521 4 9 16 0.029725000000000015
522 4 9 17 -0.10640000000000001
523 4 9 18 -0.11107999999999998
524 4 9 19 -0.056374999999999995
525 4 9 20 0.05427000000000001
526 4 10 11 0.16551999999999997
527 4 10 12 0.07654499999999999
528 4 10 13 0.14743
529 4 10 14 -0.05676500000000003
530 4 10 15 -0.22196000000000002
531 4 10 16 -0.070845
532 4 10 17 -0.15556000000000003
533 4 10 18 -0.17301000000000002
534 4 10 19 -0.12231500000000001
535 4 10 20 -0.02611000000000001
536 4 11 12 -0.22812100000000002
537 4 11 13 -0.24109
538 4 11 14 -0.2191535
539 4 11 15 -0.23883500000000002
540 4 11 16 -0.255302
541 4 11 17 -0.2464645
542 4 11 18 -0.368805
543 4 11 19 -0.37279000000000007
544 4 11 20 -0.19284250000000003
545 4 12 13 -0.05494500000000001
546 4 12 14 0.11321500000000001
547 4 12 15 -0.18650500000000003
548 4 12 16 0.10705500000000003
549 4 12 17 -0.17512500000000003
550 4 12 18 0.019880000000000023
551 4 12 19 0.11150000000000003
552 4 12 20 -0.047655
553 4 13 14 0.01894100000000001
554 4 13 15 -0.05249
555 4 13 16 0.031090000000000017
556 4 13 17 -0.18924
557 4 13 18 -0.03112499999999997
558 4 13 19 -0.08621999999999998
559 4 13 20 -0.08037949999999999
560 4 14 15 -0.036215000000000004
561 4 14 16 -0.12443000000000001
562 4 14 17 -0.009989999999999999
563 4 14 18 -0.045800499999999994
564 4 14 19 -0.13068849999999999
565 4 14 20 0.090285
566 4 15 16 -0.04249999999999999
567 4 15 17 0.07749500000000001
568 4 15 18 -0.10993499999999999
569 4 15 19 -0.08894999999999999
570 4 15 20 0.044397500000000006
571 4 16 17 -0.021747500000000013
572 4 16 18 0.029845000000000003
573 4 16 19 -0.102965
574 4 16 20 0.11652000000000001
575 4 17 18 0.005203100000000018
576 4 17 19 -0.17668
577 4 17 20 0.17014500000000005
578 4 18 19 0.08584500000000002
579 4 18 20 0.0637329
580 4 19 20 0.107084
581 5 6 7 -0.035774
582 5 6 8 0.20618250000000002
583 5 6 9 -0.001991500000000002
584 5 6 10 0.030501000000000004
585 5 6 11 -0.17717750000000002
586 5 6 12 0.0672075
587 5 6 13 0.03929335000000001
588 5 6 14 -0.05522199999999999
589 5 6 15 0.08495400000000002
590 5 6 16 0.129202
591 5 6 17 -0.019502094999999997
592 5 6 18 0.009092499999999993
593 5 6 19 0.00021750000000000382
594 5 6 20 0.1474725
595 5 7 8 -0.027308
596 5 7 9 -0.067527
597 5 7 10 0.1013015
598 5 7 11 0.0249885
599 5 7 12 0.14368550000000002
600 5 7 13 -0.128523
601 5 7 14 -0.2115825
602 5 7 15 -0.156203
603 5 7 16 -0.20249800000000004
604 5 7 17 -0.024232595000000003
605 5 7 18 0.181592
606 5 7 19 -0.086068
607 5 7 20 0.147662
608 5 8 9 -0.11274850000000002
609 5 8 10 -0.047741500000000006
610 5 8 11 -0.24205000000000004
611 5 8 12 -0.07840000000000001
612 5 8 13 -0.26317000000000007
613 5 8 14 -0.15627950000000002
614 5 8 15 -0.099535
615 5 8 16 -0.192745
616 5 8 17 -0.32443459500000005
617 5 8 18 -0.03196000000000001
618 5 8 19 -0.28395
619 5 8 20 0.09504638000000001
620 5 9 10 0.03180000000000001
621 5 9 11 -0.19508600000000004
622 5 9 12 0.15738900000000003
623 5 9 13 -0.184096
624 5 9 14 -0.0017850000000000006
625 5 9 15 -0.159261
626 5 9 16 -0.032945999999999996
627 5 9 17 -0.198650595
628 5 9 18 0.014954000000000002
629 5 9 19 -0.09678100000000002
630 5 9 20 0.10177900000000004
631 5 10 11 -0.1041585
632 5 10 12 0.1479615
633 5 10 13 0.030486500000000007
634 5 10 14 -0.10333800000000001
635 5 10 15 -0.17293350000000002
636 5 10 16 -0.04657850000000001
637 5 10 17 -0.16087309500000002
638 5 10 18 0.03996150000000001
639 5 10 19 -0.07578350000000002
640 5 10 20 0.10833650000000002
641 5 11 12 0.11297400000000002
642 5 11 13 -0.08835500000000002
643 5 11 14 0.003952
644 5 11 15 0.07987000000000001
645 5 11 16 0.038643000000000004
646 5 11 17 0.017900904999999998
647 5 11 18 0.113845
648 5 11 19 -0.05658000000000002
649 5 11 20 0.21128250000000004
650 5 12 13 -0.243305
651 5 12 14 -0.004774499999999993
652 5 12 15 -0.20889500000000005
653 5 12 16 0.05990500000000001
654 5 12 17 -0.251854595
655 5 12 18 0.161435
656 5 12 19 0.08661500000000001
657 5 12 20 0.015375000000000007
658 5 13 14 0.0893115
659 5 13 15 0.11348
660 5 13 16 0.1723
661 5 13 17 -0.07760959500000002
662 5 13 18 0.29879
663 5 13 19 0.077255
664 5 13 20 0.1710105
665 5 14 15 0.059384500000000014
666 5 14 16 -0.053590499999999985
667 5 14 17 0.03126990500000001
668 5 14 18 0.213744
669 5 14 19 -0.037584000000000006
670 5 14 20 0.2713045
671 5 15 16 -0.06726
672 5 15 17 0.023155404999999997
673 5 15 18 0.05400999999999999
674 5 15 19 -0.09144500000000001
675 5 15 20 0.1298175
676 5 16 17 -0.05132709500000002
677 5 16 18 0.21855
678 5 16 19 -0.08070000000000002
679 5 16 20 0.2267
680 5 17 18 0.22348769500000007
681 5 17 19 -0.12483540500000002
682 5 17 20 0.30990459500000006
683 5 18 19 -0.08059500000000001
684 5 18 20 -0.014792099999999992
685 5 19 20 0.19499900000000003
686 6 7 8 -0.2692645
687 6 7 9 -0.10130950000000002
688 6 7 10 0.0350265
689 6 7 11 0.166392
690 6 7 12 0.040704000000000004
691 6 7 13 -0.20359035
692 6 7 14 -0.19213449999999999
693 6 7 15 -0.27693100000000004
694 6 7 16 -0.36747399999999997
695 6 7 17 -0.04050450000000001
696 6 7 18 0.13672549999999997
697 6 7 19 -0.12205950000000003
698 6 7 20 -0.0355845
699 6 8 9 0.0954255
700 6 8 10 0.12794000000000003
701 6 8 11 0.14131000000000002
702 6 8 12 0.06057500000000001
703 6 8 13 -0.09628085
704 6 8 14 0.10512500000000002
705 6 8 15 0.0216935
706 6 8 16 -0.1157645
707 6 8 17 -0.09875000000000005
708 6 8 18 0.16512999999999997
709 6 8 19 -0.07798499999999997
710 6 8 20 0.15375638000000003
711 6 9 10 -0.0006924999999999933
712 6 9 11 -0.019900000000000004
713 6 9 12 0.08819
714 6 9 13 -0.22538085
715 6 9 14 0.0514455
716 6 9 15 -0.24620650000000002
717 6 9 16 -0.16413950000000002
718 6 9 17 -0.18114
719 6 9 18 0.0038699999999999737
720 6 9 19 -0.09899000000000001
721 6 9 20 -0.047685000000000005
722 6 10 11 0.10352000000000003
723 6 10 12 0.111255
724 6 10 13 0.021694150000000002
725 6 10 14 -0.017615000000000016
726 6 10 15 -0.22738650000000005
727 6 10 16 -0.1452795
728 6 10 17 -0.11087000000000001
729 6 10 18 0.061369999999999994
730 6 10 19 -0.04550000000000001
731 6 10 20 -0.008635000000000006
732 6 11 12 -0.13141100000000003
733 6 11 13 -0.30482585000000006
734 6 11 14 -0.11800350000000003
735 6 11 15 -0.18226150000000002
736 6 11 16 -0.2677365
737 6 11 17 -0.1397745
738 6 11 18 -0.07242500000000003
739 6 11 19 -0.23397500000000004
740 6 11 20 -0.1133675
741 6 12 13 -0.21539085000000002
742 6 12 14 0.11765500000000001
743 6 12 15 -0.22664150000000002
744 6 12 16 -0.002089499999999989
745 6 12 17 -0.16514500000000001
746 6 12 18 0.21955000000000002
747 6 12 19 0.15360500000000002
748 6 12 20 -0.06489
749 6 13 14 0.18382685
750 6 13 15 0.06781935
751 6 13 16 0.08239135
752 6 13 17 -0.01881415000000001
753 6 13 18 0.32899085
754 6 13 19 0.11633085
755 6 13 20 0.06283135
756 6 14 15 -0.0807915
757 6 14 16 -0.2380145
758 6 14 17 -0.004449999999999999
759 6 14 18 0.1494295
760 6 14 19 -0.09302350000000002
761 6 14 20 0.06861
762 6 15 16 -0.111508
763 6 15 17 0.1276115
764 6 15 18 0.12987149999999997
765 6 15 19 -0.006708500000000007
766 6 15 20 0.067299
767 6 16 17 0.097377
768 6 16 18 0.3386595
769 6 16 19 0.0482845
770 6 16 20 0.20842950000000002
771 6 17 18 0.19489309999999999
772 6 17 19 -0.14455500000000002
773 6 17 20 0.14293
774 6 18 19 -0.07171999999999999
775 6 18 20 -0.1531721
776 6 19 20 0.04774400000000001
777 7 8 9 -0.07252950000000001
778 7 8 10 -0.17635099999999998
779 7 8 11 -0.2943465
780 7 8 12 -0.24939350000000002
781 7 8 13 -0.16195500000000002
782 7 8 14 0.027994999999999992
783 7 8 15 0.02936
784 7 8 16 -0.017554999999999987
785 7 8 17 -0.32751
786 7 8 18 -0.24086000000000002
787 7 8 19 -0.22519
788 7 8 20 -0.07992362
789 7 9 10 -0.13702849999999997
790 7 9 11 -0.2876015
791 7 9 12 -0.0538235
792 7 9 13 -0.12309999999999999
793 7 9 14 0.1422705
794 7 9 15 -0.07058500000000002
795 7 9 16 0.10202500000000002
796 7 9 17 -0.241945
797 7 9 18 -0.234165
798 7 9 19 -0.07824
799 7 9 20 -0.11341000000000001
800 7 10 11 -0.027845500000000006
801 7 10 12 0.10557749999999999
802 7 10 13 0.260311
803 7 10 14 0.20954600000000004
804 7 10 15 0.084571
805 7 10 16 0.25722100000000003
806 7 10 17 -0.035339
807 7 10 18 -0.040329000000000004
808 7 10 19 0.111586
809 7 10 20 0.061975999999999996
810 7 11 12 -0.005723
811 7 11 13 0.06515649999999999
812 7 11 14 0.24052300000000001
813 7 11 15 0.26106150000000006
814 7 11 16 0.2661295000000001
815 7 11 17 0.067122
816 7 11 18 -0.04275850000000002
817 7 11 19 0.0544765
818 7 11 20 0.08860900000000001
819 7 12 13 0.028903500000000016
820 7 12 14 0.3504935
821 7 12 15 0.0909935
822 7 12 16 0.4060885
823 7 12 17 -0.0839365
824 7 12 18 0.12352850000000004
825 7 12 19 0.31636850000000005
826 7 12 20 0.0113985
827 7 13 14 0.172371
828 7 13 15 0.14116
829 7 13 16 0.246275
830 7 13 17 -0.1819
831 7 13 18 -0.011324999999999998
832 7 13 19 0.0348
833 7 13 20 -0.1051745
834 7 14 15 0.0040050000000000086
835 7 14 16 -0.06267499999999998
836 7 14 17 -0.15608
837 7 14 18 -0.1794305
838 7 14 19 -0.1630985
839 7 14 20 -0.08794
840 7 15 16 -0.020964999999999994
841 7 15 17 -0.108815
842 7 15 18 -0.283785
843 7 15 19 -0.16158000000000003
844 7 15 20 -0.17404750000000002
845 7 16 17 -0.22959250000000006
846 7 16 18 -0.16554000000000005
847 7 16 19 -0.19713000000000003
848 7 16 20 -0.12346000000000004
849 7 17 18 0.0176631
850 7 17 19 -0.06300000000000001
851 7 17 20 0.13801000000000002
852 7 18 19 0.18706499999999998
853 7 18 20 0.019137900000000003
854 7 19 20 -0.038731
855 8 9 10 -0.033207
856 8 9 11 -0.06578450000000001
857 8 9 12 0.1230405
858 8 9 13 -0.03367449999999999
859 8 9 14 0.041746
860 8 9 15 -0.1724745
861 8 9 16 0.0470505
862 8 9 17 0.013035500000000023
863 8 9 18 -0.0658345
864 8 9 19 0.07442049999999999
865 8 9 20 -0.10601588
866 8 10 11 0.09015000000000001
867 8 10 12 0.17862
868 8 10 13 0.24591500000000005
869 8 10 14 0.005199999999999983
870 8 10 15 -0.12114000000000001
871 8 10 16 0.098425
872 8 10 17 0.11582000000000005
873 8 10 18 0.024180000000000004
874 8 10 19 0.160425
875 8 10 20 -0.034451380000000004
876 8 11 12 -0.05067600000000002
877 8 11 13 -0.067235
878 8 11 14 -0.0818185
879 8 11 15 -0.062645
880 8 11 16 -0.010662000000000013
881 8 11 17 0.10028550000000001
882 8 11 18 -0.09624500000000001
883 8 11 19 -0.014680000000000028
884 8 11 20 -0.12581388000000002
885 8 12 13 -0.05853499999999999
886 8 12 14 0.073105
887 8 12 15 -0.18776000000000004
888 8 12 16 0.17425
889 8 12 17 -0.0058199999999999814
890 8 12 18 0.11499500000000001
891 8 12 19 0.292165
892 8 12 20 -0.15807138
893 8 13 14 -0.01757900000000001
894 8 13 15 -0.05015500000000002
895 8 13 16 0.10187499999999998
896 8 13 17 -0.016345
897 8 13 18 0.06758000000000002
898 8 13 19 0.09803499999999998
899 8 13 20 -0.18720588000000002
900 8 14 15 0.0026400000000000035
901 8 14 16 -0.017125
902 8 14 17 0.19942500000000002
903 8 14 18 0.08942450000000003
904 8 14 19 0.09008649999999999
905 8 14 20 0.019978619999999992
906 8 15 16 0.025950000000000008
907 8 15 17 0.248055
908 8 15 18 -0.013564999999999995
909 8 15 19 0.09296999999999997
910 8 15 20 -0.06476388
911 8 16 17 0.08036250000000003
912 8 16 18 0.05776500000000002
913 8 16 19 0.010504999999999988
914 8 16 20 -0.06109138
915 8 17 18 -0.06898690000000002
916 8 17 19 -0.16532000000000005
917 8 17 20 -0.10957638
918 8 18 19 0.171395
919 8 18 20 -0.14179848000000003
920 8 19 20 -0.18399738
921 9 10 11 0.12272750000000002
922 9 10 12 0.022372499999999997
923 9 10 13 0.2463825
924 9 10 14 -0.06975300000000002
925 9 10 15 0.018127499999999987
926 9 10 16 0.018167499999999993
927 9 10 17 0.06957750000000001
928 9 10 18 0.05680750000000002
929 9 10 19 0.05279750000000002
930 9 10 20 0.0383575
931 9 11 12 -0.23950100000000002
932 9 11 13 -0.09934500000000002
933 9 11 14 -0.189349
934 9 11 15 0.044045
935 9 11 16 -0.12349700000000002
936 9 11 17 0.02146549999999998
937 9 11 18 -0.096195
938 9 11 19 -0.15488500000000002
939 9 11 20 -0.0855825
940 9 12 13 0.09818
941 9 12 14 0.15439950000000002
942 9 12 15 0.10775500000000002
943 9 12 16 0.25023999999999996
944 9 12 17 0.10418500000000001
945 9 12 18 0.3038700000000001
946 9 12 19 0.340785
947 9 12 20 0.07098500000000002
948 9 13 14 -0.0929995
949 9 13 15 0.08864500000000003
950 9 13 16 0.021150000000000006
951 9 13 17 -0.06305500000000001
952 9 13 18 0.09974000000000002
953 9 13 19 -0.01005999999999999
954 9 13 20 -0.1148645
955 9 14 15 0.2168605
956 9 14 16 -0.0224295
957 9 14 17 0.22813550000000005
958 9 14 18 0.197005
959 9 14 19 0.057412
960 9 14 20 0.1677405
961 9 15 16 -0.19357500000000002
962 9 15 17 0.06254499999999999
963 9 15 18 -0.12020500000000002
964 9 15 19 -0.153925
965 9 15 20 -0.13122250000000002
966 9 16 17 0.11437750000000001
967 9 16 18 0.17065000000000002
968 9 16 19 -0.016864999999999998
969 9 16 20 0.09197500000000002
970 9 17 18 0.009883100000000013
971 9 17 19 -0.22670500000000005
972 9 17 20 0.009475000000000023
973 9 18 19 0.031140000000000004
974 9 18 20 -0.10161710000000003
975 9 19 20 -0.0035609999999999978
976 10 11 12 -0.13914600000000002
977 10 11 13 -0.22300000000000006
978 10 11 14 0.0031315000000000097
979 10 11 15 0.14864500000000003
980 10 11 16 -0.018937000000000002
981 10 11 17 0.0746155
982 10 11 18 -0.030275000000000007
983 10 11 19 -0.08495500000000002
984 10 11 20 -0.0012124999999999998
985 10 12 13 -0.12583
986 10 12 14 0.24652500000000002
987 10 12 15 0.11200000000000003
988 10 12 16 0.25444500000000003
989 10 12 17 0.05698000000000002
990 10 12 18 0.26943500000000004
991 10 12 19 0.31036
992 10 12 20 0.05500000000000001
993 10 13 14 0.223136
994 10 13 15 0.31690000000000007
995 10 13 16 0.24936500000000003
996 10 13 17 0.11375000000000002
997 10 13 18 0.28931500000000004
998 10 13 19 0.18352500000000002
999 10 13 20 0.09316050000000002
1000 10 14 15 0.12898
1001 10 14 16 -0.11035
1002 10 14 17 0.088805
1003 10 14 18 0.07044450000000001
1004 10 14 19 -0.06513850000000002
1005 10 14 20 0.05962999999999999
1006 10 15 16 -0.193615
1007 10 15 17 0.011094999999999989
1008 10 15 18 -0.15888500000000003
1009 10 15 19 -0.18859500000000004
1010 10 15 20 -0.15145250000000002
1011 10 16 17 0.0629675
1012 10 16 18 0.13201000000000002
1013 10 16 19 -0.051495000000000006
1014 10 16 20 0.071785
1015 10 17 18 0.02265310000000001
1016 10 17 19 -0.20992500000000003
1017 10 17 20 0.040695000000000016
1018 10 18 19 0.03515000000000001
1019 10 18 20 -0.0831671
1020 10 19 20 0.010879
1021 11 12 13 -0.04197599999999999
1022 11 12 14 0.1042475
1023 11 12 15 -0.17579100000000003
1024 11 12 16 0.134236
1025 11 12 17 -0.15678150000000002
1026 11 12 18 0.160564
1027 11 12 19 0.25616900000000004
1028 11 12 20 -0.08293350000000002
1029 11 13 14 -0.002995500000000007
1030 11 13 15 -0.054745
1031 11 13 16 0.045302
1032 11 13 17 -0.18386550000000004
1033 11 13 18 0.09659000000000001
1034 11 13 19 0.04548
1035 11 13 20 -0.12862700000000002
1036 11 14 15 -0.016533499999999996
1037 11 14 16 -0.0882815
1038 11 14 17 0.01732100000000001
1039 11 14 18 0.10385100000000001
1040 11 14 19 0.022948000000000003
1041 11 14 20 0.063974
1042 11 15 16 -0.026032999999999997
1043 11 15 17 0.0851245
1044 11 15 18 0.020035000000000004
1045 11 15 19 0.045004999999999996
1046 11 15 20 -0.0015950000000000022
1047 11 16 17 -0.030585
1048 11 16 18 0.143348
1049 11 16 19 0.014522999999999998
1050 11 16 20 0.054060500000000004
1051 11 17 18 0.1275436
1052 11 17 19 -0.05035450000000002
1053 11 17 20 0.116523
1054 11 18 19 0.08983000000000001
1055 11 18 20 -0.11222960000000003
1056 11 19 20 -0.07286350000000003
1057 12 13 14 -0.14921900000000002
1058 12 13 15 0.07907000000000003
1059 12 13 16 -0.13091
1060 12 13 17 -0.06906000000000001
1061 12 13 18 -0.10595
1062 12 13 19 -0.252665
1063 12 13 20 -0.08766949999999998
1064 12 14 15 0.26350500000000004
1065 12 14 16 -0.11827000000000001
1066 12 14 17 0.27835000000000004
1067 12 14 18 0.0475345
1068 12 14 19 -0.12897350000000002
1069 12 14 20 0.25115499999999996
1070 12 15 16 -0.3360600000000001
1071 12 15 17 0.066115
1072 12 15 18 -0.31632000000000005
1073 12 15 19 -0.38695500000000005
1074 12 15 20 -0.09445250000000002
1075 12 16 17 0.2604325
1076 12 16 18 0.11702000000000001
1077 12 16 19 -0.10741000000000002
1078 12 16 20 0.27123
1079 12 17 18 -0.18980190000000002
1080 12 17 19 -0.46330500000000013
1081 12 17 20 0.042675000000000025
1082 12 18 19 -0.005774999999999997
1083 12 18 20 0.1312679
1084 12 19 20 0.266239
1085 13 14 15 0.035216
1086 13 14 16 -0.136579
1087 13 14 17 0.198191
1088 13 14 18 0.004265499999999995
1089 13 14 19 -0.025527500000000005
1090 13 14 20 0.1896055
1091 13 15 16 -0.12608
1092 13 15 17 0.21424500000000002
1093 13 15 18 -0.13130000000000003
1094 13 15 19 -0.055220000000000005
1095 13 15 20 0.07228699999999999
1096 13 16 17 0.19858250000000002
1097 13 16 18 0.09205999999999999
1098 13 16 19 0.014344999999999998
1099 13 16 20 0.2279895
1100 13 17 18 -0.15291190000000002
1101 13 17 19 -0.27970000000000006
1102 13 17 20 0.06128450000000001
1103 13 18 19 0.14094000000000004
1104 13 18 20 0.1129874
1105 13 19 20 0.10124350000000001
1106 14 15 16 0.045715
1107 14 15 17 0.051269999999999996
1108 14 15 18 -0.10034950000000001
1109 14 15 19 0.005523500000000004
1110 14 15 20 -0.0821025
1111 14 16 17 -0.13618750000000002
1112 14 16 18 -0.0487845
1113 14 16 19 -0.09670650000000001
1114 14 16 20 -0.09819499999999999
1115 14 17 18 0.041013600000000004
1116 14 17 19 -0.055981500000000003
1117 14 17 20 0.06987000000000003
1118 14 18 19 0.17073300000000005
1119 14 18 20 -0.07235259999999999
1120 14 19 20 -0.11388950000000002
1121 15 16 17 -0.1417425
1122 15 16 18 0.09728
1123 15 16 19 -0.056514999999999996
1124 15 16 20 0.02962250000000001
1125 15 17 18 0.1926331
1126 15 17 19 -0.010234999999999996
1127 15 17 20 0.2032425
1128 15 18 19 0.06486000000000001
1129 15 18 20 -0.09059959999999999
1130 15 19 20 -0.026263500000000013
1131 16 17 18 -0.046389400000000004
1132 16 17 19 -0.09546250000000002
1133 16 17 20 0.0318775
1134 16 18 19 0.21865500000000002
1135 16 18 20 -0.022942100000000007
1136 16 19 20 -0.11240100000000003
1137 17 18 19 0.2677281
1138 17 18 20 -0.10120900000000004
1139 17 19 20 -0.23974100000000004
1140 18 19 20 0.12919609999999998
