n1,n2,weight
1,2,-2.4669e+00
1,3,-3.0576e-01
1,4,1.2048e+00
1,5,2.9212e-01
1,6,-7.2793e-01
1,7,-1.1205e+00
1,8,-2.7153e-01
1,9,-7.7723e-01
1,10,2.0264e-01
1,11,-3.5360e-01
1,12,-7.9012e-01
1,13,-1.4932e+00
1,14,3.4190e+00
1,15,5.5236e-01
1,16,2.6370e-01
1,17,3.0448e+00
1,18,4.5153e+00
1,19,1.4125e+00
1,20,3.4078e+00
2,1,6.8527e+00
2,3,1.4263e+00
2,4,2.9308e+00
2,5,3.5298e-01
2,6,6.1908e-01
2,7,2.4754e+00
2,8,1.2454e+00
2,9,5.4730e-01
2,10,6.3497e-01
2,11,5.6035e+00
2,12,3.2286e+00
2,13,2.9430e-01
2,14,7.6646e+00
2,15,1.1932e+00
2,16,3.0457e+00
2,17,3.5522e+00
2,18,3.2954e+00
2,19,4.3525e+00
2,20,1.7971e+00
3,1,1.5005e+00
3,2,-1.5201e+00
3,4,1.1468e+00
3,5,1.8253e+00
3,6,4.8832e-01
3,7,1.0748e+00
3,8,2.0093e+00
3,9,-2.3433e-01
3,10,-1.1240e+00
3,11,1.0364e+00
3,12,1.4951e+00
3,13,-3.7138e-01
3,14,1.9775e+00
3,15,2.4190e+00
3,16,2.0699e+00
3,17,1.3515e+00
3,18,2.0474e+00
3,19,1.1431e+00
3,20,2.0233e+00
4,1,1.9356e-01
4,2,-2.4058e+00
4,3,1.2196e+00
4,5,6.5106e-01
4,6,-1.6781e-01
4,7,-2.9208e-01
4,8,-1.6302e+00
4,9,6.8476e-02
4,10,1.4046e+00
4,11,4.1268e+00
4,12,6.9873e-01
4,13,1.1608e+00
4,14,3.2065e+00
4,15,1.1499e+00
4,16,9.2246e-01
4,17,2.6899e+00
4,18,1.0775e+00
4,19,3.9366e-01
4,20,2.8569e+00
5,1,-5.1168e-01
5,2,-1.8007e+00
5,3,-1.6343e+00
5,4,-2.6216e-01
5,6,3.1272e-01
5,7,1.3006e+00
5,8,1.7309e+00
5,9,3.4607e-01
5,10,5.0666e-01
5,11,-1.0655e+00
5,12,2.5787e+00
5,13,1.2004e+00
5,14,1.9283e+00
5,15,-7.3527e-02
5,16,7.2520e-01
5,17,8.6659e-02
5,18,1.9179e+00
5,19,1.3494e+00
5,20,2.9690e+00
6,1,2.3595e+00
6,2,4.1409e-01
6,3,4.9723e-01
6,4,1.8605e+00
6,5,2.7928e+00
6,7,5.2454e-01
6,8,1.6943e-01
6,9,-2.8902e-01
6,10,-4.3725e-01
6,11,2.2653e+00
6,12,2.4217e+00
6,13,-1.2487e+00
6,14,1.8194e+00
6,15,-6.5499e-01
6,16,-9.9342e-01
6,17,5.4360e-01
6,18,1.5771e+00
6,19,2.2486e+00
6,20,1.9684e+00
7,1,2.7960e+00
7,2,-9.5597e-02
7,3,1.0620e-01
7,4,1.7709e+00
7,5,5.4708e-01
7,6,1.6651e-01
7,8,1.0484e-01
7,9,1.6354e+00
7,10,1.9529e+00
7,11,1.0459e+00
7,12,2.0528e-01
7,13,1.8389e+00
7,14,2.4368e+00
7,15,4.3182e+00
7,16,3.8133e+00
7,17,-9.3854e-02
7,18,1.6853e+00
7,19,3.7352e+00
7,20,1.0004e+00
8,1,7.3620e-01
8,2,-2.9784e-01
8,3,-2.2705e+00
8,4,3.8685e+00
8,5,-1.8459e+00
8,6,1.9132e-01
8,7,-1.4494e+00
8,9,-8.8956e-01
8,10,-1.3871e-01
8,11,9.4946e-01
8,12,5.2852e-01
8,13,9.7729e-01
8,14,4.1586e-01
8,15,-1.5909e+00
8,16,2.5338e-01
8,17,1.6058e+00
8,18,-3.3859e-02
8,19,1.5027e+00
8,20,-5.5037e-01
9,1,7.2785e-01
9,2,-3.2939e-01
9,3,-6.3625e-01
9,4,6.2946e-01
9,5,-3.4459e-01
9,6,-1.4098e+00
9,7,-7.1328e-01
9,8,1.1933e+00
9,10,-1.4771e+00
9,11,-2.4728e-01
9,12,-1.2262e+00
9,13,-1.1753e+00
9,14,4.6347e-01
9,15,3.1523e+00
9,16,-2.9404e-01
9,17,4.7465e-01
9,18,-1.5049e+00
9,19,6.4332e-01
9,20,-2.3029e-02
10,1,-1.8102e+00
10,2,-1.0870e+00
10,3,6.7433e-02
10,4,-1.1886e+00
10,5,6.5902e-01
10,6,6.4156e-02
10,7,-2.9669e-01
10,8,-1.1649e+00
10,9,-6.1547e-01
10,11,-6.3775e-01
10,12,-9.8759e-01
10,13,-1.5072e+00
10,14,4.5949e-01
10,15,1.9343e-01
10,16,-6.8732e-01
10,17,4.5947e-01
10,18,1.3423e+00
10,19,-2.9353e-01
10,20,-1.8766e-01
11,1,6.2099e-02
11,2,-2.5933e+00
11,3,3.9497e-01
11,4,-1.6441e+00
11,5,8.8550e-01
11,6,-1.5070e+00
11,7,1.6944e-01
11,8,-7.4872e-01
11,9,-1.0514e-01
11,10,5.7177e-01
11,12,1.3609e-01
11,13,1.4983e+00
11,14,3.1854e-02
11,15,-2.6826e-01
11,16,5.6788e-01
11,17,3.3887e-01
11,18,3.4509e-01
11,19,7.5565e-01
11,20,-1.0797e+00
12,1,1.2916e+00
12,2,-1.5316e+00
12,3,-1.5145e+00
12,4,-9.3078e-01
12,5,-2.6263e-01
12,6,-6.1953e-01
12,7,7.3460e-01
12,8,-6.3763e-02
12,9,1.2822e-01
12,10,1.9473e+00
12,11,1.9072e-01
12,13,2.4822e+00
12,14,4.5018e-01
12,15,7.2005e-01
12,16,1.9064e+00
12,17,1.8969e+00
12,18,-8.3045e-01
12,19,-1.3800e-01
12,20,2.4028e-01
13,1,-1.9251e-01
13,2,-2.9245e-01
13,3,-8.5675e-01
13,4,-6.6367e-01
13,5,7.5134e-01
13,6,2.0901e-01
13,7,-6.2297e-01
13,8,-3.8071e-01
13,9,-1.8159e+00
13,10,3.9109e-01
13,11,-1.5795e+00
13,12,-1.3032e+00
13,14,1.5048e-01
13,15,-6.0787e-01
13,16,1.3296e-01
13,17,3.2454e-01
13,18,-6.7990e-01
13,19,2.5310e-01
13,20,-1.1552e+00
14,1,-1.3026e+00
14,2,-2.2182e+00
14,3,1.7221e-01
14,4,4.1921e-01
14,5,1.3938e-01
14,6,-1.2377e+00
14,7,-1.8717e+00
14,8,-7.1487e-01
14,9,-1.4689e-01
14,10,-1.4613e+00
14,11,-1.2158e+00
14,12,-3.0013e-02
14,13,1.9860e+00
14,15,-7.1703e-01
14,16,1.2021e+00
14,17,-3.8109e-01
14,18,1.3733e+00
14,19,7.5368e-01
14,20,-8.0722e-01
15,1,-7.3144e-01
15,2,-5.4572e-01
15,3,-1.5194e+00
15,4,-1.2827e+00
15,5,-1.9191e+00
15,6,3.7894e-01
15,7,-1.7630e+00
15,8,-7.7800e-01
15,9,-1.2491e+00
15,10,-1.3835e+00
15,11,-6.5231e-03
15,12,-1.0235e+00
15,13,-3.2215e-01
15,14,-1.2850e+00
15,16,2.0504e-01
15,17,-1.8697e-01
15,18,-7.7005e-01
15,19,2.4289e-01
15,20,2.8152e-01
16,1,-1.2861e+00
16,2,-2.3584e+00
16,3,-2.2862e-01
16,4,-1.6575e+00
16,5,-1.4968e+00
16,6,2.3902e-01
16,7,-1.9276e+00
16,8,-6.6494e-01
16,9,-1.4524e+00
16,10,3.2132e-01
16,11,2.1343e-01
16,12,-7.2981e-01
16,13,-8.6674e-01
16,14,-1.7913e+00
16,15,-2.4523e+00
16,17,-9.3101e-01
16,18,-2.1488e+00
16,19,1.0722e+00
16,20,-1.3088e+00
17,1,-2.1375e+00
17,2,-3.3625e+00
17,3,-2.4009e+00
17,4,-7.6814e-01
17,5,-1.1177e+00
17,6,-3.8381e-01
17,7,-4.8846e-01
17,8,-1.7225e+00
17,9,-1.0739e+00
17,10,-2.3268e-01
17,11,1.6917e-01
17,12,-2.1581e+00
17,13,2.9032e-01
17,14,-1.8415e+00
17,15,4.7988e-02
17,16,4.6990e-01
17,18,1.0304e-01
17,19,8.2705e-01
17,20,-1.2050e+00
18,1,-2.1047e+00
18,2,-8.4161e-01
18,3,-1.0893e+00
18,4,-4.2501e-01
18,5,-1.8312e+00
18,6,-1.6275e+00
18,7,7.0031e-02
18,8,-9.9121e-01
18,9,-4.9987e-01
18,10,-6.5938e-01
18,11,-7.0007e-01
18,12,-1.0722e-01
18,13,-1.0299e+00
18,14,1.8342e-02
18,15,-1.1517e+00
18,16,1.2566e+00
18,17,-6.7364e-01
18,19,-4.7919e-01
18,20,-1.1654e-01
19,1,-7.4798e-01
19,2,-1.5892e+00
19,3,-7.4017e-01
19,4,-1.4563e+00
19,5,-7.8064e-01
19,6,-1.1907e+00
19,7,-2.6817e+00
19,8,-1.8143e+00
19,9,-1.3112e+00
19,10,-1.0027e-01
19,11,-1.0151e+00
19,12,-1.5956e-01
19,13,-8.7742e-01
19,14,-9.8442e-01
19,15,9.0210e-02
19,16,-1.0704e+00
19,17,-2.2148e+00
19,18,-9.5308e-01
19,20,9.9031e-02
20,1,-1.5156e+00
20,2,-1.0660e+00
20,3,-1.6113e+00
20,4,-1.2982e+00
20,5,-7.0976e-01
20,6,-1.3972e+00
20,7,-1.4644e-01
20,8,1.0025e+00
20,9,1.2798e-01
20,10,-1.2860e+00
20,11,-1.1531e+00
20,12,-1.1858e+00
20,13,-7.2728e-01
20,14,6.9802e-01
20,15,-1.3435e+00
20,16,-1.9120e-01
20,17,-5.7331e-01
20,18,-4.8583e-01
20,19,-2.3073e+00
