t i j k u[t]=u_ijk
1 1 2 3 0.24811499999999997
2 1 2 4 0.17177
3 1 2 5 0.057256999999999995
4 1 2 6 -0.038172999999999985
5 1 2 7 -0.09542999999999999
6 1 2 8 0.057255
7 1 2 9 -0.038174999999999994
8 1 2 10 0.17177199999999998
9 1 2 11 0.076341
10 1 2 12 0.17177499999999998
11 1 2 13 0.152685
12 1 2 14 0.11451
13 1 2 15 0.152687
14 1 2 16 -0.05725999999999998
15 1 2 17 -0.019086999999999993
16 1 2 18 -2.0000000000075508e-6
17 1 2 19 -0.057259999999999964
18 1 2 20 0.19085500000000002
19 1 3 4 0.01908700000000001
20 1 3 5 -0.03817099999999998
21 1 3 6 -0.03816899999999998
22 1 3 7 -0.09542999999999997
23 1 3 8 -0.11451499999999996
24 1 3 9 -0.05725999999999999
25 1 3 10 0.019085000000000015
26 1 3 11 -0.09542999999999996
27 1 3 12 0.019085000000000015
28 1 3 13 0.11451499999999996
29 1 3 14 0.133599
30 1 3 15 0.03817300000000001
31 1 3 16 -0.11451499999999996
32 1 3 17 -0.07634499999999998
33 1 3 18 -0.019085999999999995
34 1 3 19 -0.15268999999999996
35 1 3 20 0.114513
36 1 4 5 -0.07634499999999998
37 1 4 6 -0.15268899999999996
38 1 4 7 -0.32445999999999997
39 1 4 8 2.2204460492503126e-17
40 1 4 9 -0.09542999999999999
41 1 4 10 0.019085000000000005
42 1 4 11 -0.05725999999999999
43 1 4 12 -0.05725499999999999
44 1 4 13 0.15268799999999996
45 1 4 14 0.152684
46 1 4 15 0.019085000000000005
47 1 4 16 -0.152685
48 1 4 17 -0.09542999999999999
49 1 4 18 -0.15269
50 1 4 19 -0.05725999999999999
51 1 4 20 0.11451
52 1 5 6 9.999999999954488e-7
53 1 5 7 -0.07634499999999998
54 1 5 8 -0.07634499999999998
55 1 5 9 -0.09542999999999999
56 1 5 10 0.076343
57 1 5 11 -0.11451499999999999
58 1 5 12 -0.05725499999999999
59 1 5 13 -0.057255
60 1 5 14 0.324455
61 1 5 15 -0.038169999999999996
62 1 5 16 -0.07634499999999998
63 1 5 17 -0.05725999999999999
64 1 5 18 -0.09542999999999999
65 1 5 19 0.03817000000000001
66 1 5 20 0.152684
67 1 6 7 -0.133601
68 1 6 8 0.133599
69 1 6 9 -0.05725600000000001
70 1 6 10 -0.038170999999999976
71 1 6 11 0.05725399999999999
72 1 6 12 -0.038171
73 1 6 13 0.19085899999999997
74 1 6 14 0.24811399999999997
75 1 6 15 0.038173999999999986
76 1 6 16 -0.03817099999999998
77 1 6 17 0.03817199999999999
78 1 6 18 0.019083999999999986
79 1 6 19 -0.038171
80 1 6 20 0.209942
81 1 7 8 0.22902999999999998
82 1 7 9 0.13359999999999994
83 1 7 10 0.17177199999999998
84 1 7 11 0.11451499999999999
85 1 7 12 0.152687
86 1 7 13 0.28628999999999993
87 1 7 14 0.286285
88 1 7 15 0.17177499999999998
89 1 7 16 -0.03817499999999999
90 1 7 17 -0.03817499999999999
91 1 7 18 0.01908399999999999
92 1 7 19 0.038169
93 1 7 20 0.26719999999999994
94 1 8 9 -0.114516
95 1 8 10 1.1102230246251563e-17
96 1 8 11 -0.03817299999999999
97 1 8 12 -0.057256999999999995
98 1 8 13 0.09543099999999996
99 1 8 14 0.019083000000000006
100 1 8 15 -0.038171
101 1 8 16 -0.095429
102 1 8 17 -0.019085000000000005
103 1 8 18 -0.17177499999999998
104 1 8 19 -0.057258999999999984
105 1 8 20 0.095427
106 1 9 10 1.1102230246251563e-17
107 1 9 11 0.11451499999999999
108 1 9 12 0.133605
109 1 9 13 0.13360299999999994
110 1 9 14 0.114513
111 1 9 15 0.095431
112 1 9 16 0.03817500000000001
113 1 9 17 -0.05725699999999997
114 1 9 18 -0.05725999999999999
115 1 9 19 0.03817100000000001
116 1 9 20 0.09542500000000001
117 1 10 11 -0.057258999999999984
118 1 10 12 0.09542999999999997
119 1 10 13 0.01908499999999997
120 1 10 14 0.11451499999999999
121 1 10 15 -0.038171
122 1 10 16 -0.20994499999999996
123 1 10 17 -0.152687
124 1 10 18 -0.28628999999999993
125 1 10 19 -0.13360499999999997
126 1 10 20 -4.999999999988346e-6
127 1 11 12 0.095432
128 1 11 13 0.22903499999999993
129 1 11 14 0.11451399999999999
130 1 11 15 0.019087999999999997
131 1 11 16 1.9999999999964487e-6
132 1 11 17 -0.03816999999999999
133 1 11 18 -0.09543
134 1 11 19 -0.019085999999999995
135 1 11 20 0.1336
136 1 12 13 0.17177499999999993
137 1 12 14 0.19085499999999997
138 1 12 15 0.019085999999999995
139 1 12 16 -0.057258
140 1 12 17 -0.13360199999999997
141 1 12 18 -0.03817300000000001
142 1 12 19 0.0
143 1 12 20 0.03816800000000001
144 1 13 14 -3.999999999962366e-6
145 1 13 15 0.019085000000000015
146 1 13 16 -0.17177399999999995
147 1 13 17 -0.13359999999999994
148 1 13 18 -0.11451499999999996
149 1 13 19 -0.17177599999999996
150 1 13 20 -0.019089999999999947
151 1 14 15 -0.095426
152 1 14 16 -0.209942
153 1 14 17 -0.190856
154 1 14 18 -0.171771
155 1 14 19 -0.11451399999999999
156 1 14 20 1.1102230246251563e-17
157 1 15 16 0.0
158 1 15 17 -0.019085000000000005
159 1 15 18 -0.095431
160 1 15 19 -0.095432
161 1 15 20 0.07634
162 1 16 17 -0.019085999999999995
163 1 16 18 -0.03817500000000001
164 1 16 19 -0.133605
165 1 16 20 0.09542500000000001
166 1 17 18 0.07634499999999998
167 1 17 19 -0.17177499999999998
168 1 17 20 0.11451
169 1 18 19 -0.057259999999999964
170 1 18 20 0.190857
171 1 19 20 0.09542799999999999
172 2 3 4 0.095432
173 2 3 5 0.152687
174 2 3 6 0.24811899999999995
175 2 3 7 0.24811499999999997
176 2 3 8 0.07634499999999997
177 2 3 9 0.22902999999999993
178 2 3 10 0.09542799999999999
179 2 3 11 0.076344
180 2 3 12 0.09542499999999998
181 2 3 13 0.20994499999999996
182 2 3 14 0.26720399999999994
183 2 3 15 0.13360099999999997
184 2 3 16 0.19085999999999995
185 2 3 17 0.19085699999999997
186 2 3 18 0.22903099999999998
187 2 3 19 0.152685
188 2 3 20 0.17177299999999998
189 2 4 5 0.038168
190 2 4 6 0.05725399999999999
191 2 4 7 -0.05725999999999999
192 2 4 8 0.114515
193 2 4 9 0.114515
194 2 4 10 0.01908299999999999
195 2 4 11 0.03816899999999999
196 2 4 12 -0.05725999999999999
197 2 4 13 0.17177299999999998
198 2 4 14 0.20994400000000002
199 2 4 15 0.038168
200 2 4 16 0.076345
201 2 4 17 0.09542699999999998
202 2 4 18 0.019081999999999995
203 2 4 19 0.17176999999999995
204 2 4 20 0.09542499999999998
205 2 5 6 0.09543099999999997
206 2 5 7 0.076342
207 2 5 8 -0.076343
208 2 5 9 2.0000000000131022e-6
209 2 5 10 -0.03817199999999999
210 2 5 11 -0.133599
211 2 5 12 -0.17177299999999998
212 2 5 13 -0.15268299999999996
213 2 5 14 0.26720199999999994
214 2 5 15 -0.13359999999999997
215 2 5 16 0.038172
216 2 5 17 0.019084
217 2 5 18 -0.03817099999999998
218 2 5 19 0.152687
219 2 5 20 0.019085999999999985
220 2 6 7 -0.076344
221 2 6 8 0.038171
222 2 6 9 -0.05725399999999999
223 2 6 10 -0.24811599999999992
224 2 6 11 -0.05725999999999999
225 2 6 12 -0.24811899999999995
226 2 6 13 1.0000000000065511e-6
227 2 6 14 0.09543099999999999
228 2 6 15 -0.152686
229 2 6 16 -0.019083999999999986
230 2 6 17 0.019085999999999995
231 2 6 18 -0.019086999999999993
232 2 6 19 -0.019084000000000007
233 2 6 20 -0.01908600000000001
234 2 7 8 0.07634499999999998
235 2 7 9 0.07634499999999998
236 2 7 10 -0.09542999999999997
237 2 7 11 -0.05725599999999999
238 2 7 12 -0.11451799999999997
239 2 7 13 0.03817499999999999
240 2 7 14 0.07634499999999998
241 2 7 15 -0.076342
242 2 7 16 -0.07634499999999998
243 2 7 17 -0.11451799999999998
244 2 7 18 -0.076344
245 2 7 19 -1.0000000000148779e-6
246 2 7 20 -0.019085000000000015
247 2 8 9 -0.019085999999999995
248 2 8 10 -0.11451699999999997
249 2 8 11 -0.057258999999999984
250 2 8 12 -0.17177699999999999
251 2 8 13 1.0000000000037754e-6
252 2 8 14 -0.03817199999999999
253 2 8 15 -0.13360299999999997
254 2 8 16 0.019085999999999995
255 2 8 17 0.057256999999999995
256 2 8 18 -0.11451799999999997
257 2 8 19 0.05725599999999999
258 2 8 20 -0.038173000000000006
259 2 9 10 -0.209947
260 2 9 11 -9.999999999954488e-7
261 2 9 12 -0.07634499999999998
262 2 9 13 -0.057256999999999995
263 2 9 14 -0.03817199999999999
264 2 9 15 -0.09543099999999997
265 2 9 16 0.05725999999999999
266 2 9 17 -0.07634499999999998
267 2 9 18 -0.09543299999999998
268 2 9 19 0.05725599999999999
269 2 9 20 -0.133605
270 2 10 11 0.03817199999999999
271 2 10 12 0.09542699999999998
272 2 10 13 0.038172
273 2 10 14 0.17177699999999999
274 2 10 15 -0.019085999999999995
275 2 10 16 0.019086999999999993
276 2 10 17 0.03817199999999999
277 2 10 18 -0.114516
278 2 10 19 0.09542699999999998
279 2 10 20 -0.019088000000000008
280 2 11 12 -1.9999999999964487e-6
281 2 11 13 0.15269099999999997
282 2 11 14 0.07634499999999998
283 2 11 15 -0.05725799999999999
284 2 11 16 0.13360299999999997
285 2 11 17 0.057258
286 2 11 18 -0.019086999999999993
287 2 11 19 0.11451499999999996
288 2 11 20 0.019085999999999995
289 2 12 13 0.19086499999999995
290 2 12 14 0.24811999999999992
291 2 12 15 0.038173999999999986
292 2 12 16 0.17177699999999999
293 2 12 17 0.05725999999999999
294 2 12 18 0.133604
295 2 12 19 0.229035
296 2 12 20 0.019087999999999987
297 2 13 14 0.038171
298 2 13 15 0.019082999999999982
299 2 13 16 0.038171
300 2 13 17 0.03817199999999999
301 2 13 18 0.03817199999999999
302 2 13 19 0.03816899999999998
303 2 13 20 -0.05725999999999999
304 2 14 15 -0.13360299999999997
305 2 14 16 -0.03817199999999999
306 2 14 17 -0.057258999999999984
307 2 14 18 -0.057258999999999984
308 2 14 19 0.05725599999999999
309 2 14 20 -0.07634499999999998
310 2 15 16 0.209947
311 2 15 17 0.15268899999999996
312 2 15 18 0.05725799999999999
313 2 15 19 0.11451499999999996
314 2 15 20 0.03817199999999999
315 2 16 17 -0.057258999999999984
316 2 16 18 -0.09543299999999998
317 2 16 19 -0.133605
318 2 16 20 -0.15268999999999996
319 2 17 18 0.05725999999999999
320 2 17 19 -0.133602
321 2 17 20 -0.095432
322 2 18 19 -2.0000000000131022e-6
323 2 18 20 -1.1102230246251563e-17
324 2 19 20 -0.152687
325 3 4 5 -0.019086999999999993
326 3 4 6 -0.09543299999999998
327 3 4 7 -0.20994299999999994
328 3 4 8 0.133602
329 3 4 9 -0.019082999999999982
330 3 4 10 0.019086999999999993
331 3 4 11 0.05725699999999998
332 3 4 12 -0.05725299999999999
333 3 4 13 0.05725999999999999
334 3 4 14 0.03817199999999999
335 3 4 15 -9.999999999954488e-7
336 3 4 16 -0.019083000000000003
337 3 4 17 2.0000000000019998e-6
338 3 4 18 -0.11451700000000001
339 3 4 19 0.11451700000000001
340 3 4 20 0.019084
341 3 5 6 -1.0000000000065511e-6
342 3 5 7 -0.019086
343 3 5 8 -1.0000000000065511e-6
344 3 5 9 -0.07634099999999998
345 3 5 10 0.019086999999999993
346 3 5 11 -0.05725600000000001
347 3 5 12 -0.11451099999999999
348 3 5 13 -0.20994099999999993
349 3 5 14 0.152685
350 3 5 15 -0.11451399999999999
351 3 5 16 -9.999999999954488e-7
352 3 5 17 -0.019086
353 3 5 18 -0.11451499999999996
354 3 5 19 0.15268900000000002
355 3 5 20 0.0
356 3 6 7 -0.07633999999999999
357 3 6 8 0.20994499999999996
358 3 6 9 -0.038165
359 3 6 10 -0.09542499999999995
360 3 6 11 0.11451499999999996
361 3 6 12 -0.09542499999999998
362 3 6 13 0.038174999999999994
363 3 6 14 0.07634600000000001
364 3 6 15 -0.038168
365 3 6 16 0.038174999999999994
366 3 6 17 0.07634799999999997
367 3 6 18 1.0000000000065511e-6
368 3 6 19 0.07634999999999999
369 3 6 20 0.05725999999999999
370 3 7 8 0.24811499999999997
371 3 7 9 0.09542999999999999
372 3 7 10 0.057256999999999995
373 3 7 11 0.11451499999999996
374 3 7 12 0.03817199999999999
375 3 7 13 0.07634499999999998
376 3 7 14 0.057255999999999994
377 3 7 15 0.03817199999999999
378 3 7 16 -0.019089999999999992
379 3 7 17 -0.05725999999999999
380 3 7 18 -0.05725999999999999
381 3 7 19 0.095429
382 3 7 20 0.057256999999999995
383 3 8 9 -0.17177099999999998
384 3 8 10 -0.13359999999999994
385 3 8 11 -0.057258
386 3 8 12 -0.19085699999999997
387 3 8 13 -0.133599
388 3 8 14 -0.22903099999999996
389 3 8 15 -0.19085899999999997
390 3 8 16 -0.095429
391 3 8 17 -0.05725499999999999
392 3 8 18 -0.26720399999999994
393 3 8 19 -0.01908399999999999
394 3 8 20 -0.13360099999999997
395 3 9 10 -0.07634499999999998
396 3 9 11 0.152685
397 3 9 12 0.05725999999999999
398 3 9 13 -0.03817199999999999
399 3 9 14 -0.076346
400 3 9 15 -1.999999999999224e-6
401 3 9 16 0.09542999999999999
402 3 9 17 -0.03817199999999999
403 3 9 18 -0.09543399999999998
404 3 9 19 0.133601
405 3 9 20 -0.07634799999999997
406 3 10 11 0.05725599999999999
407 3 10 12 0.09542999999999997
408 3 10 13 -0.07634499999999998
409 3 10 14 1.0000000000065511e-6
410 3 10 15 -0.057258999999999984
411 3 10 16 -0.07634499999999998
412 3 10 17 -0.057256999999999995
413 3 10 18 -0.24811899999999995
414 3 10 19 0.03817000000000001
415 3 10 20 -0.09543299999999998
416 3 11 12 -0.01908299999999999
417 3 11 13 0.019090000000000003
418 3 11 14 -0.11451499999999996
419 3 11 15 -0.11451499999999996
420 3 11 16 0.01908700000000001
421 3 11 17 -0.057254999999999966
422 3 11 18 -0.17177399999999995
423 3 11 19 0.038174000000000013
424 3 11 20 -0.07634299999999997
425 3 12 13 0.07634499999999998
426 3 12 14 0.07634099999999998
427 3 12 15 -1.999999999999224e-6
428 3 12 16 0.076342
429 3 12 17 -0.03817199999999999
430 3 12 18 -1.9999999999964487e-6
431 3 12 19 0.17177499999999998
432 3 12 20 -0.05725999999999999
433 3 13 14 -0.019087999999999994
434 3 13 15 0.09542699999999998
435 3 13 16 0.057255999999999994
436 3 13 17 0.05725999999999999
437 3 13 18 0.019086
438 3 13 19 0.095429
439 3 13 20 -0.019087999999999987
440 3 14 15 0.0
441 3 14 16 0.03817199999999999
442 3 14 17 0.019087999999999994
443 3 14 18 -0.019085999999999995
444 3 14 19 0.17177499999999998
445 3 14 20 0.01908600000000001
446 3 15 16 0.152688
447 3 15 17 0.09543299999999998
448 3 15 18 -0.03817199999999999
449 3 15 19 0.09543099999999997
450 3 15 20 1.1102230246251563e-17
451 3 16 17 -0.057255999999999994
452 3 16 18 -0.133604
453 3 16 19 -0.09542999999999999
454 3 16 20 -0.13360299999999997
455 3 17 18 0.019086
456 3 17 19 -0.09542999999999997
457 3 17 20 -0.07634799999999997
458 3 18 19 0.076344
459 3 18 20 0.05725799999999999
460 3 19 20 -0.17177499999999998
461 4 5 6 0.07634499999999998
462 4 5 7 0.17177
463 4 5 8 -0.15268999999999996
464 4 5 9 -0.07634499999999998
465 4 5 10 -0.019086999999999993
466 4 5 11 -0.13359999999999994
467 4 5 12 -0.07634499999999998
468 4 5 13 -0.286288
469 4 5 14 0.095426
470 4 5 15 -0.13359999999999997
471 4 5 16 -4.999999999988346e-6
472 4 5 17 -0.03817499999999999
473 4 5 18 -0.01908499999999997
474 4 5 19 0.019085000000000015
475 4 5 20 -0.038171
476 4 6 7 0.03817000000000001
477 4 6 8 -0.019090000000000003
478 4 6 9 -0.11451499999999999
479 4 6 10 -0.20994499999999994
480 4 6 11 -0.03817499999999999
481 4 6 12 -0.13360499999999997
482 4 6 13 -0.11451799999999997
483 4 6 14 -0.05725899999999997
484 4 6 15 -0.13359999999999997
485 4 6 16 -0.03817499999999997
486 4 6 17 -0.019086999999999993
487 4 6 18 0.019085000000000015
488 4 6 19 -0.13359999999999994
489 4 6 20 -0.057256999999999995
490 4 7 8 -0.09542999999999999
491 4 7 9 -0.09542999999999999
492 4 7 10 -0.17177299999999998
493 4 7 11 -0.152685
494 4 7 12 -0.11451799999999997
495 4 7 13 -0.19085799999999997
496 4 7 14 -0.19085899999999997
497 4 7 15 -0.17177
498 4 7 16 -0.20994999999999997
499 4 7 17 -0.26720499999999997
500 4 7 18 -0.15268599999999996
501 4 7 19 -0.22903099999999996
502 4 7 20 -0.17176999999999998
503 4 8 9 -0.019085999999999995
504 4 8 10 -0.01908499999999997
505 4 8 11 0.01908700000000001
506 4 8 12 -1.9999999999853467e-6
507 4 8 13 -0.05725699999999997
508 4 8 14 -0.13360099999999997
509 4 8 15 -0.05725599999999999
510 4 8 16 0.05725600000000001
511 4 8 17 0.076345
512 4 8 18 -0.01908499999999997
513 4 8 19 1.0000000000148779e-6
514 4 8 20 -0.01908299999999999
515 4 9 10 -0.11451499999999996
516 4 9 11 0.076345
517 4 9 12 0.09543
518 4 9 13 -0.11451499999999996
519 4 9 14 -0.13360099999999997
520 4 9 15 -0.01908399999999999
521 4 9 16 0.09543
522 4 9 17 -0.05725699999999997
523 4 9 18 2.2204460492503126e-17
524 4 9 19 1.0000000000148779e-6
525 4 9 20 -0.11451499999999996
526 4 10 11 0.019085999999999995
527 4 10 12 0.17176999999999995
528 4 10 13 -0.11451799999999998
529 4 10 14 -0.019084
530 4 10 15 -0.038171000000000004
531 4 10 16 -0.038174999999999994
532 4 10 17 -0.03817199999999999
533 4 10 18 -0.11451499999999999
534 4 10 19 -0.05725999999999999
535 4 10 20 -0.09542999999999999
536 4 11 12 0.09542699999999998
537 4 11 13 0.019086999999999986
538 4 11 14 -0.09542999999999999
539 4 11 15 -0.057256999999999995
540 4 11 16 0.09542699999999998
541 4 11 17 1.1102230246251563e-17
542 4 11 18 1.1102230246251563e-17
543 4 11 19 -0.019085999999999995
544 4 11 20 -0.03816999999999999
545 4 12 13 -0.038168
546 4 12 14 -0.019084000000000007
547 4 12 15 -0.05725399999999999
548 4 12 16 0.03817199999999999
549 4 12 17 -0.09542699999999998
550 4 12 18 0.057262
551 4 12 19 4.999999999999449e-6
552 4 12 20 -0.13359699999999997
553 4 13 14 0.0
554 4 13 15 0.15268799999999996
555 4 13 16 0.133599
556 4 13 17 0.11451799999999998
557 4 13 18 0.19086299999999998
558 4 13 19 0.038172
559 4 13 20 0.019088000000000008
560 4 14 15 0.038172999999999985
561 4 14 16 0.09542699999999998
562 4 14 17 0.05725799999999999
563 4 14 18 0.13360299999999997
564 4 14 19 0.09542999999999999
565 4 14 20 0.038174
566 4 15 16 0.17177
567 4 15 17 0.09542999999999999
568 4 15 18 0.076344
569 4 15 19 -0.019086999999999993
570 4 15 20 -0.01908499999999998
571 4 16 17 -0.07634099999999999
572 4 16 18 -0.03816999999999999
573 4 16 19 -0.22902999999999998
574 4 16 20 -0.17176999999999998
575 4 17 18 0.133605
576 4 17 19 -0.20994499999999996
577 4 17 20 -0.09542999999999999
578 4 18 19 -0.15268999999999996
579 4 18 20 -0.076343
580 4 19 20 -0.076342
581 5 6 7 -0.057255
582 5 6 8 0.20994499999999996
583 5 6 9 0.03817499999999997
584 5 6 10 -0.11451299999999996
585 5 6 11 0.17177
586 5 6 12 0.019085000000000015
587 5 6 13 0.24811499999999997
588 5 6 14 -0.07633999999999999
589 5 6 15 0.07634499999999998
590 5 6 16 0.038174999999999994
591 5 6 17 0.09543299999999998
592 5 6 18 0.11451499999999996
593 5 6 19 -0.07634
594 5 6 20 0.057258999999999984
595 5 7 8 0.22902999999999998
596 5 7 9 0.152685
597 5 7 10 0.019084
598 5 7 11 0.152685
599 5 7 12 0.13359699999999997
600 5 7 13 0.2671999999999999
601 5 7 14 -0.11451499999999999
602 5 7 15 0.13359999999999997
603 5 7 16 -0.038174999999999994
604 5 7 17 -0.05725999999999999
605 5 7 18 0.03816899999999998
606 5 7 19 -0.07634600000000001
607 5 7 20 0.038171
608 5 8 9 -0.095431
609 5 8 10 -0.15268799999999996
610 5 8 11 -3.0000000000029994e-6
611 5 8 12 -0.076347
612 5 8 13 0.07634099999999998
613 5 8 14 -0.381717
614 5 8 15 -0.076346
615 5 8 16 -0.095429
616 5 8 17 -0.038169999999999996
617 5 8 18 -0.15268999999999996
618 5 8 19 -0.171774
619 5 8 20 -0.13360199999999997
620 5 9 10 -0.17177299999999998
621 5 9 11 0.1336
622 5 9 12 0.09543
623 5 9 13 0.09542799999999999
624 5 9 14 -0.3053719999999999
625 5 9 15 0.03817100000000001
626 5 9 16 0.019090000000000003
627 5 9 17 -0.09542699999999998
628 5 9 18 -0.05725999999999999
629 5 9 19 -0.095429
630 5 9 20 -0.15268899999999996
631 5 10 11 0.133599
632 5 10 12 0.22902799999999998
633 5 10 13 0.15268299999999996
634 5 10 14 -0.13359699999999997
635 5 10 15 0.076342
636 5 10 16 -0.057256999999999995
637 5 10 17 -0.019084
638 5 10 18 -0.11451700000000001
639 5 10 19 -0.095432
640 5 10 20 -0.076346
641 5 11 12 0.03817199999999999
642 5 11 13 0.17177499999999996
643 5 11 14 -0.32445599999999997
644 5 11 15 -0.057256999999999995
645 5 11 16 -0.03816800000000001
646 5 11 17 -0.09542499999999997
647 5 11 18 -0.11451499999999999
648 5 11 19 -0.17177099999999998
649 5 11 20 -0.13359899999999997
650 5 12 13 0.17177499999999996
651 5 12 14 -0.190855
652 5 12 15 1.0000000000037754e-6
653 5 12 16 -0.03816800000000001
654 5 12 17 -0.13359699999999997
655 5 12 18 1.9999999999853467e-6
656 5 12 19 -0.09542499999999998
657 5 12 20 -0.17177099999999998
658 5 13 14 -0.38171399999999994
659 5 13 15 0.0
660 5 13 16 -0.152684
661 5 13 17 -0.13359499999999996
662 5 13 18 -0.07633999999999999
663 5 13 19 -0.26720099999999997
664 5 13 20 -0.22902899999999998
665 5 14 15 0.26719899999999996
666 5 14 16 0.190858
667 5 14 17 0.19085899999999997
668 5 14 18 0.24811399999999995
669 5 14 19 0.17177099999999998
670 5 14 20 0.171771
671 5 15 16 0.03817499999999999
672 5 15 17 4.999999999988346e-6
673 5 15 18 -0.03817100000000001
674 5 15 19 -0.171772
675 5 15 20 -0.11451399999999999
676 5 16 17 -0.038171
677 5 16 18 -0.019090000000000003
678 5 16 19 -0.24811999999999998
679 5 16 20 -0.13360399999999997
680 5 17 18 0.11451499999999996
681 5 17 19 -0.26720499999999997
682 5 17 20 -0.09543399999999998
683 5 18 19 -0.19085999999999997
684 5 18 20 -0.05725699999999997
685 5 19 20 -0.019085999999999985
686 6 7 8 -0.038169999999999996
687 6 7 9 0.05725499999999999
688 6 7 10 0.07634199999999997
689 6 7 11 -0.07633999999999999
690 6 7 12 0.057256999999999995
691 6 7 13 -0.03817000000000001
692 6 7 14 -0.09543000000000001
693 6 7 15 0.0
694 6 7 16 -0.133605
695 6 7 17 -0.20994799999999994
696 6 7 18 -0.133601
697 6 7 19 -0.057261
698 6 7 20 -0.076343
699 6 8 9 0.07633899999999999
700 6 8 10 0.17176999999999995
701 6 8 11 0.03817199999999999
702 6 8 12 0.11451299999999998
703 6 8 13 0.038171
704 6 8 14 -0.095432
705 6 8 15 0.05725399999999999
706 6 8 16 0.07634099999999998
707 6 8 17 0.076342
708 6 8 18 -0.05725999999999999
709 6 8 19 0.11451099999999999
710 6 8 20 0.019084
711 6 9 10 -0.019085000000000026
712 6 9 11 4.999999999999449e-6
713 6 9 12 0.11451999999999998
714 6 9 13 -0.11451199999999999
715 6 9 14 -0.19085699999999997
716 6 9 15 1.0000000000037754e-6
717 6 9 16 0.01908999999999998
718 6 9 17 -0.152685
719 6 9 18 -0.13359999999999997
720 6 9 19 0.019085999999999995
721 6 9 20 -0.17177299999999998
722 6 10 11 -0.15268399999999996
723 6 10 12 0.09543
724 6 10 13 -0.20994499999999996
725 6 10 14 -0.17176999999999995
726 6 10 15 -0.11451599999999995
727 6 10 16 -0.20994499999999996
728 6 10 17 -0.22902999999999993
729 6 10 18 -0.34354499999999993
730 6 10 19 -0.13360499999999995
731 6 10 20 -0.24811799999999995
732 6 11 12 0.19085699999999997
733 6 11 13 0.09542999999999997
734 6 11 14 -0.07634600000000001
735 6 11 15 0.03816800000000001
736 6 11 16 0.09542699999999998
737 6 11 17 -0.019087999999999987
738 6 11 18 -0.05725999999999999
739 6 11 19 0.07633899999999999
740 6 11 20 -0.019087999999999987
741 6 12 13 -0.057255
742 6 12 14 -0.09543
743 6 12 15 -0.057258999999999984
744 6 12 16 -0.057258
745 6 12 17 -0.20994499999999996
746 6 12 18 -0.09542799999999999
747 6 12 19 0.0
748 6 12 20 -0.20994499999999996
749 6 13 14 -0.05725899999999999
750 6 13 15 0.17176999999999998
751 6 13 16 0.05725599999999999
752 6 13 17 0.019087
753 6 13 18 0.05725999999999999
754 6 13 19 0.05725399999999999
755 6 13 20 -0.03817299999999998
756 6 14 15 0.114514
757 6 14 16 0.076343
758 6 14 17 0.01908600000000001
759 6 14 18 0.05725899999999999
760 6 14 19 0.17177099999999998
761 6 14 20 0.03817200000000002
762 6 15 16 0.07634499999999998
763 6 15 17 -0.019083000000000003
764 6 15 18 -0.076341
765 6 15 19 -0.019087
766 6 15 20 -0.09542799999999997
767 6 16 17 -0.09542899999999997
768 6 16 18 -0.09542999999999997
769 6 16 19 -0.13360499999999997
770 6 16 20 -0.15268799999999996
771 6 17 18 0.09543299999999998
772 6 17 19 -0.095432
773 6 17 20 -0.05725999999999999
774 6 18 19 -4.999999999988346e-6
775 6 18 20 -9.999999999954488e-7
776 6 19 20 -0.152685
777 7 8 9 -0.019085999999999995
778 7 8 10 0.05725800000000001
779 7 8 11 0.076342
780 7 8 12 0.019086000000000006
781 7 8 13 0.038171000000000004
782 7 8 14 -0.03817199999999999
783 7 8 15 0.019084000000000004
784 7 8 16 0.17177599999999998
785 7 8 17 0.24811999999999992
786 7 8 18 0.038171
787 7 8 19 0.13360199999999997
788 7 8 20 0.057256999999999995
789 7 9 10 -0.03817199999999999
790 7 9 11 0.13359999999999997
791 7 9 12 0.11451799999999998
792 7 9 13 -0.019086999999999993
793 7 9 14 -0.03817199999999999
794 7 9 15 0.057255999999999994
795 7 9 16 0.20994999999999997
796 7 9 17 0.11451799999999997
797 7 9 18 0.05725599999999999
798 7 9 19 0.13360199999999997
799 7 9 20 -0.03817499999999999
800 7 10 11 -1.999999999999224e-6
801 7 10 12 0.11451499999999996
802 7 10 13 -0.09543299999999998
803 7 10 14 1.9999999999908977e-6
804 7 10 15 -0.038173999999999986
805 7 10 16 2.0000000000019998e-6
806 7 10 17 0.05725999999999999
807 7 10 18 -0.13360199999999997
808 7 10 19 -2.0000000000019998e-6
809 7 10 20 -0.09543299999999998
810 7 11 12 0.05725999999999999
811 7 11 13 0.05725999999999999
812 7 11 14 -0.057255999999999994
813 7 11 15 -0.03817199999999999
814 7 11 16 0.152692
815 7 11 17 0.11451999999999998
816 7 11 18 1.0000000000065511e-6
817 7 11 19 0.05725999999999999
818 7 11 20 -0.01908499999999998
819 7 12 13 0.03817199999999999
820 7 12 14 0.05725699999999997
821 7 12 15 -1.999999999999224e-6
822 7 12 16 0.133604
823 7 12 17 0.05725999999999999
824 7 12 18 0.09542999999999997
825 7 12 19 0.11451799999999997
826 7 12 20 -0.07634499999999998
827 7 13 14 9.999999999926733e-7
828 7 13 15 0.13359999999999994
829 7 13 16 0.15269099999999997
830 7 13 17 0.19086499999999995
831 7 13 18 0.15269099999999997
832 7 13 19 0.07634499999999998
833 7 13 20 1.1102230246251563e-17
834 7 14 15 0.019084000000000004
835 7 14 16 0.11451799999999997
836 7 14 17 0.13360399999999997
837 7 14 18 0.09542999999999997
838 7 14 19 0.13360199999999997
839 7 14 20 0.019085000000000015
840 7 15 16 0.20994999999999997
841 7 15 17 0.19086499999999995
842 7 15 18 0.05725999999999999
843 7 15 19 0.03817399999999999
844 7 15 20 -0.01908499999999998
845 7 16 17 -0.019085999999999995
846 7 16 18 -0.09543399999999998
847 7 16 19 -0.209949
848 7 16 20 -0.20994999999999997
849 7 17 18 0.019086
850 7 17 19 -0.24811899999999995
851 7 17 20 -0.19086499999999995
852 7 18 19 -0.07634499999999998
853 7 18 20 -0.057258999999999984
854 7 19 20 -0.13360299999999997
855 8 9 10 -0.114516
856 8 9 11 0.038172
857 8 9 12 0.076346
858 8 9 13 -0.07634399999999998
859 8 9 14 -0.019085999999999995
860 8 9 15 0.019085999999999995
861 8 9 16 0.019087999999999997
862 8 9 17 -0.15268799999999996
863 8 9 18 -1.0000000000065511e-6
864 8 9 19 -0.019085999999999995
865 8 9 20 -0.11451799999999997
866 8 10 11 -0.019085999999999985
867 8 10 12 0.152687
868 8 10 13 -0.07634599999999998
869 8 10 14 0.095432
870 8 10 15 1.1102230246251563e-17
871 8 10 16 -0.11451599999999998
872 8 10 17 -0.13360199999999997
873 8 10 18 -0.11451499999999999
874 8 10 19 -0.07634599999999998
875 8 10 20 -0.09543199999999998
876 8 11 12 0.11451599999999998
877 8 11 13 0.09543099999999997
878 8 11 14 0.05725799999999999
879 8 11 15 0.019085999999999995
880 8 11 16 0.05725799999999999
881 8 11 17 -0.05725799999999999
882 8 11 18 0.038172
883 8 11 19 0.0
884 8 11 20 1.1102230246251563e-17
885 8 12 13 0.019086999999999993
886 8 12 14 0.11451499999999996
887 8 12 15 0.0
888 8 12 16 -0.019085999999999995
889 8 12 17 -0.17177399999999998
890 8 12 18 0.07634499999999998
891 8 12 19 2.0000000000019998e-6
892 8 12 20 -0.11451599999999998
893 8 13 14 0.07634399999999998
894 8 13 15 0.152687
895 8 13 16 0.019085999999999995
896 8 13 17 -0.019084
897 8 13 18 0.15269099999999997
898 8 13 19 -0.019085999999999995
899 8 13 20 -0.019085999999999985
900 8 14 15 -0.03817199999999999
901 8 14 16 -0.09542999999999997
902 8 14 17 -0.15268799999999996
903 8 14 18 0.019086999999999993
904 8 14 19 -0.03817199999999999
905 8 14 20 -0.07634399999999998
906 8 15 16 0.057258
907 8 15 17 -0.038171
908 8 15 18 0.038172999999999985
909 8 15 19 -0.07634399999999998
910 8 15 20 -0.057257999999999976
911 8 16 17 -0.09542999999999999
912 8 16 18 0.038171
913 8 16 19 -0.17177499999999998
914 8 16 20 -0.09543099999999997
915 8 17 18 0.229035
916 8 17 19 -0.13360099999999997
917 8 17 20 -1.9999999999908977e-6
918 8 18 19 -0.17177599999999998
919 8 18 20 -0.07634499999999998
920 8 19 20 -0.05725799999999999
921 9 10 11 -0.17177399999999998
922 9 10 12 -0.038174999999999994
923 9 10 13 -0.11451799999999998
924 9 10 14 1.9999999999908977e-6
925 9 10 15 -0.13360199999999997
926 9 10 16 -0.24811999999999992
927 9 10 17 -0.09543
928 9 10 18 -0.22902999999999998
929 9 10 19 -0.17177599999999998
930 9 10 20 -0.09542999999999999
931 9 11 12 0.076342
932 9 11 13 0.209947
933 9 11 14 0.11451599999999998
934 9 11 15 0.03817199999999999
935 9 11 16 0.076342
936 9 11 17 0.13360199999999997
937 9 11 18 0.07634499999999998
938 9 11 19 0.05725799999999999
939 9 11 20 0.15268999999999996
940 9 12 13 0.17177699999999999
941 9 12 14 0.209947
942 9 12 15 0.05725999999999999
943 9 12 16 0.03817199999999999
944 9 12 17 0.05725999999999999
945 9 12 18 0.152692
946 9 12 19 0.09543399999999998
947 9 12 20 0.07634799999999997
948 9 13 14 0.019085999999999995
949 9 13 15 0.05725699999999998
950 9 13 16 -0.076346
951 9 13 17 0.05725999999999999
952 9 13 18 0.07634799999999997
953 9 13 19 -0.07634399999999998
954 9 13 20 0.019088000000000008
955 9 14 15 -0.07634399999999998
956 9 14 16 -0.133604
957 9 14 17 -0.019085999999999995
958 9 14 18 1.999999999999224e-6
959 9 14 19 -0.03817199999999999
960 9 14 20 0.019088000000000008
961 9 15 16 0.057255999999999994
962 9 15 17 0.13360299999999997
963 9 15 18 0.05725999999999999
964 9 15 19 -0.03817199999999999
965 9 15 20 0.07634600000000001
966 9 16 17 0.076346
967 9 16 18 0.05725999999999999
968 9 16 19 -0.133601
969 9 16 20 0.038174999999999994
970 9 17 18 0.07634799999999997
971 9 17 19 -0.2672029999999999
972 9 17 20 -0.03817199999999999
973 9 18 19 -0.15269099999999997
974 9 18 20 0.03817199999999999
975 9 19 20 0.03817399999999999
976 10 11 12 -0.05725699999999997
977 10 11 13 0.15269099999999997
978 10 11 14 -0.05725999999999999
979 10 11 15 0.0
980 10 11 16 0.15268799999999996
981 10 11 17 0.057258
982 10 11 18 0.133601
983 10 11 19 0.05725999999999999
984 10 11 20 0.07634600000000001
985 10 12 13 0.24811999999999992
986 10 12 14 0.17176999999999995
987 10 12 15 0.152687
988 10 12 16 0.24811699999999995
989 10 12 17 0.11451499999999996
990 10 12 18 0.34354699999999994
991 10 12 19 0.229035
992 10 12 20 0.13360299999999994
993 10 13 14 -0.09543399999999998
994 10 13 15 0.07634099999999998
995 10 13 16 0.057255999999999994
996 10 13 17 0.03817199999999999
997 10 13 18 0.19085999999999997
998 10 13 19 -0.019085999999999995
999 10 13 20 1.1102230246251563e-17
1000 10 14 15 0.05725999999999999
1001 10 14 16 0.11451799999999997
1002 10 14 17 0.076346
1003 10 14 18 0.22903400000000002
1004 10 14 19 0.13360599999999997
1005 10 14 20 0.11451999999999998
1006 10 15 16 0.17177399999999998
1007 10 15 17 0.09543099999999997
1008 10 15 18 0.15268799999999996
1009 10 15 19 1.9999999999964487e-6
1010 10 15 20 0.038174
1011 10 16 17 -0.076344
1012 10 16 18 0.038169999999999996
1013 10 16 19 -0.20994499999999996
1014 10 16 20 -0.11451499999999999
1015 10 17 18 0.20994799999999994
1016 10 17 19 -0.19085699999999997
1017 10 17 20 -0.03817199999999999
1018 10 18 19 -0.20994499999999996
1019 10 18 20 -0.09542799999999999
1020 10 19 20 -0.03817199999999999
1021 11 12 13 0.03817199999999999
1022 11 12 14 0.17177299999999998
1023 11 12 15 0.09542999999999999
1024 11 12 16 0.03817199999999999
1025 11 12 17 -1.1102230246251563e-17
1026 11 12 18 0.152689
1027 11 12 19 0.11451799999999997
1028 11 12 20 -1.1102230246251563e-17
1029 11 13 14 0.11451699999999998
1030 11 13 15 0.22903199999999996
1031 11 13 16 0.057258999999999984
1032 11 13 17 0.13360499999999995
1033 11 13 18 0.20994999999999997
1034 11 13 19 0.07634499999999998
1035 11 13 20 0.07634499999999998
1036 11 14 15 0.0
1037 11 14 16 -0.09542999999999997
1038 11 14 17 -0.038172000000000005
1039 11 14 18 0.038172999999999985
1040 11 14 19 0.019085999999999995
1041 11 14 20 -0.019085999999999995
1042 11 15 16 0.019086
1043 11 15 17 0.03817299999999998
1044 11 15 18 0.019086999999999993
1045 11 15 19 -0.05725799999999999
1046 11 15 20 -0.03817199999999999
1047 11 16 17 0.019085999999999985
1048 11 16 18 0.057256999999999995
1049 11 16 19 -0.11451700000000001
1050 11 16 20 -0.038173000000000006
1051 11 17 18 0.133605
1052 11 17 19 -0.19085899999999997
1053 11 17 20 -0.05725999999999999
1054 11 18 19 -0.13360399999999997
1055 11 18 20 -0.038173000000000006
1056 11 19 20 -0.057258
1057 12 13 14 -0.01908399999999999
1058 12 13 15 0.17177399999999995
1059 12 13 16 0.057258999999999984
1060 12 13 17 0.17177699999999999
1061 12 13 18 0.09543299999999998
1062 12 13 19 -1.0000000000037754e-6
1063 12 13 20 0.11451700000000001
1064 12 14 15 0.07634299999999997
1065 12 14 16 0.038170999999999976
1066 12 14 17 0.13360099999999997
1067 12 14 18 0.05725699999999997
1068 12 14 19 0.07634099999999998
1069 12 14 20 0.152687
1070 12 15 16 0.07634399999999998
1071 12 15 17 0.13360299999999997
1072 12 15 18 -0.03817199999999999
1073 12 15 19 -0.076346
1074 12 15 20 0.057258
1075 12 16 17 0.05725799999999999
1076 12 16 18 -0.05725999999999999
1077 12 16 19 -0.19086299999999998
1078 12 16 20 -9.999999999954488e-7
1079 12 17 18 -0.019084
1080 12 17 19 -0.30537699999999995
1081 12 17 20 -0.05725999999999999
1082 12 18 19 -0.09543299999999998
1083 12 18 20 0.11451599999999998
1084 12 19 20 0.05725999999999999
1085 13 14 15 -0.11451499999999996
1086 13 14 16 -0.03817199999999999
1087 13 14 17 -0.05725999999999999
1088 13 14 18 -0.05725999999999999
1089 13 14 19 0.05725799999999999
1090 13 14 20 0.019085999999999995
1091 13 15 16 0.19085899999999995
1092 13 15 17 0.13359999999999994
1093 13 15 18 0.03816899999999998
1094 13 15 19 0.09542899999999997
1095 13 15 20 0.11451499999999995
1096 13 16 17 -0.05725999999999999
1097 13 16 18 -0.09543399999999998
1098 13 16 19 -0.13360299999999997
1099 13 16 20 -0.05725899999999999
1100 13 17 18 0.05725999999999999
1101 13 17 19 -0.133599
1102 13 17 20 -1.1102230246251563e-17
1103 13 18 19 1.0000000000065511e-6
1104 13 18 20 0.09543199999999998
1105 13 19 20 -0.057258
1106 14 15 16 0.11451599999999998
1107 14 15 17 0.07634499999999998
1108 14 15 18 -0.019085999999999995
1109 14 15 19 -0.07634399999999998
1110 14 15 20 -0.019085999999999995
1111 14 16 17 -0.03817199999999999
1112 14 16 18 -0.076346
1113 14 16 19 -0.22903299999999996
1114 14 16 20 -0.11451699999999998
1115 14 17 18 0.05725999999999999
1116 14 17 19 -0.24811699999999995
1117 14 17 20 -0.07634600000000001
1118 14 18 19 -0.11451699999999998
1119 14 18 20 0.019085999999999985
1120 14 19 20 -0.01908600000000001
1121 15 16 17 -9.999999999926733e-7
1122 15 16 18 0.05725599999999999
1123 15 16 19 -0.038173000000000006
1124 15 16 20 0.019084999999999994
1125 15 17 18 0.15269099999999997
1126 15 17 19 -0.09542799999999999
1127 15 17 20 0.01908499999999998
1128 15 18 19 -0.057258999999999984
1129 15 18 20 0.019085999999999985
1130 15 19 20 -0.076344
1131 16 17 18 0.09543399999999998
1132 16 17 19 -0.05725599999999999
1133 16 17 20 -1.0000000000065511e-6
1134 16 18 19 0.03817000000000001
1135 16 18 20 0.057256999999999995
1136 16 19 20 -0.133602
1137 17 18 19 0.19085999999999997
1138 17 18 20 0.152692
1139 17 19 20 -0.19085699999999997
1140 18 19 20 -0.152689
