l i j f[l]=f_ij g[l]=g_ij s[l]=s_ij h[l]=h_ij
1 1 2 1.1471 -0.5941794 1.7412794000000003 -2.220446049250313e-16
2 1 3 -1.1647 -1.16446945 -0.0002305500000000238 -2.220446049250313e-16
3 2 3 1.4307 -0.5702900499999999 2.0009900500000004 -4.440892098500626e-16
4 1 4 -0.49059 -0.7263274500000001 0.23573745000000002 0.0
5 2 4 -0.028479 -0.13214804999999996 0.10366905000000004 -8.326672684688674e-17
6 3 4 0.56743 0.4381419999999999 0.12928800000000007 0.0
7 1 5 -1.6687 -0.4231498600000001 -1.24555014 0.0
8 2 5 0.62612 0.17102953999999998 0.4550904600000001 -5.551115123125783e-17
9 3 5 -0.061849 0.7413195899999998 -0.8031685900000001 2.220446049250313e-16
10 4 5 0.44951 0.30317758999999994 0.14633241000000005 5.551115123125783e-17
11 1 6 0.85044 -1.01859823 1.8690382300000001 -2.220446049250313e-16
12 2 6 -1.1817 -0.42441882999999986 -0.7572811700000002 5.551115123125783e-17
13 3 6 0.6249 0.14587121999999997 0.4790287800000001 -5.551115123125783e-17
14 4 6 -0.52058 -0.2922707799999999 -0.2283092200000001 -5.551115123125783e-17
15 5 6 -0.30427 -0.5954483699999998 0.29117837 -1.1102230246251565e-16
16 1 7 -1.5211 -1.2614379999999998 -0.25966199999999995 -2.220446049250313e-16
17 2 7 -1.2199 -0.6672585999999998 -0.5526414000000001 -1.1102230246251565e-16
18 3 7 2.1706 -0.09696854999999996 2.2675685500000005 -6.38378239159465e-16
19 4 7 -0.34764 -0.5351105499999999 0.18747055 -1.1102230246251565e-16
20 5 7 -1.573 -0.8382881399999997 -0.7347118600000001 -1.1102230246251565e-16
21 6 7 -0.21535 -0.24283976999999995 0.027489769999999913 2.7755575615628914e-17
22 1 8 -1.2512 -1.4983689999999998 0.24716900000000003 -2.220446049250313e-16
23 2 8 -2.8182 -0.9041895999999998 -1.9140104000000004 2.220446049250313e-16
24 3 8 0.20194 -0.33389954999999993 0.53583955 -1.1102230246251565e-16
25 4 8 -2.4193 -0.7720415499999997 -1.6472584500000003 2.220446049250313e-16
26 5 8 -2.146 -1.0752191399999997 -1.0707808600000002 0.0
27 6 8 0.50524 -0.4797707699999999 0.9850107700000001 -2.220446049250313e-16
28 7 8 0.64946 -0.23693099999999995 0.8863910000000002 -1.6653345369377348e-16
29 1 9 0.2536 -1.16388725 1.4174872500000002 -2.220446049250313e-16
30 2 9 -0.017603 -0.5697078499999999 0.5521048500000001 -2.220446049250313e-16
31 3 9 0.65715 0.0005821999999999494 0.6565678000000001 -8.326672684688674e-17
32 4 9 -0.67197 -0.43755979999999994 -0.2344102 0.0
33 5 9 -0.24395 -0.7407373899999998 0.49678739000000016 -3.3306690738754696e-16
34 6 9 -0.95774 -0.14528902000000005 -0.8124509800000002 1.6653345369377348e-16
35 7 9 0.92579 0.09755074999999991 0.8282392500000001 0.0
36 8 9 0.63324 0.33448174999999986 0.2987582500000001 5.551115123125783e-17
37 1 10 -1.2779 -0.737124 -0.5407760000000001 1.1102230246251565e-16
38 2 10 2.1021 -0.14294459999999995 2.245044600000001 -8.049116928532385e-16
39 3 10 -0.17137 0.4273454499999999 -0.59871545 1.1102230246251565e-16
40 4 10 0.18909 -0.010796549999999988 0.1998865500000001 -1.1102230246251565e-16
41 5 10 -0.96827 -0.3139741399999999 -0.6542958600000003 2.220446049250313e-16
42 6 10 0.24916 0.28147422999999994 -0.032314230000000034 1.1102230246251565e-16
43 7 10 1.2348 0.5243139999999998 0.710486 1.1102230246251565e-16
44 8 10 -0.29992 0.7612449999999998 -1.0611650000000004 5.551115123125783e-16
45 9 10 0.53499 0.4267632499999999 0.10822675000000008 -5.551115123125783e-17
46 1 11 -1.1072 -1.34626031 0.23906031000000016 -2.220446049250313e-16
47 2 11 0.57947 -0.7520809099999999 1.3315509100000005 -5.551115123125783e-16
48 3 11 0.58799 -0.18179085999999997 0.7697808600000002 -2.498001805406602e-16
49 4 11 0.79613 -0.6199328599999998 1.41606286 -2.220446049250313e-16
50 5 11 0.0020582 -0.9231104499999998 0.92516865 -2.220446049250313e-16
51 6 11 -0.0092664 -0.32766207999999997 0.3183956800000001 -1.6653345369377348e-16
52 7 11 -1.3363 -0.08482231000000001 -1.2514776900000004 3.885780586188048e-16
53 8 11 0.75741 0.15210868999999994 0.6053013100000002 -1.1102230246251565e-16
54 9 11 0.092532 -0.18237305999999992 0.27490506000000003 -1.1102230246251565e-16
55 10 11 -0.64891 -0.6091363099999999 -0.03977368999999998 -1.1102230246251565e-16
56 1 12 -0.25574 -0.8844809499999999 0.6287409500000001 -2.220446049250313e-16
57 2 12 1.2294 -0.2903015499999999 1.5197015500000002 -2.220446049250313e-16
58 3 12 0.25039 0.2799885 -0.029598499999999993 0.0
59 4 12 -0.73018 -0.15815349999999995 -0.5720265000000001 0.0
60 5 12 -0.42013 -0.4613310899999999 0.041201090000000024 -1.6653345369377348e-16
61 6 12 0.043541 0.13411727999999998 -0.09057628000000009 1.1102230246251565e-16
62 7 12 2.5123 0.3769570499999999 2.135342950000001 -6.661338147750939e-16
63 8 12 1.6201 0.6138880499999999 1.0062119500000002 0.0
64 9 12 -0.3811 0.2794063 -0.6605063000000001 1.1102230246251565e-16
65 10 12 -1.6269 -0.14735694999999993 -1.4795430500000004 3.3306690738754696e-16
66 11 12 0.45885 0.4617793599999999 -0.002929359999999978 5.551115123125783e-17
67 1 13 -1.5434 -1.8287906 0.28539059999999994 0.0
68 2 13 -1.5233 -1.2346111999999998 -0.2886888000000002 0.0
69 3 13 -1.396 -0.66432115 -0.7316788500000001 2.220446049250313e-16
70 4 13 0.53846 -1.10246315 1.6409231500000008 -6.661338147750939e-16
71 5 13 -1.106 -1.40564074 0.29964073999999996 0.0
72 6 13 0.19951 -0.81019237 1.0097023700000003 -3.3306690738754696e-16
73 7 13 0.32215 -0.5673526 0.8895026000000001 -2.220446049250313e-16
74 8 13 -2.1626 -0.3304216000000001 -1.8321784 3.3306690738754696e-16
75 9 13 -0.84117 -0.6649033499999999 -0.17626665000000002 0.0
76 10 13 -0.66494 -1.0916666 0.42672660000000007 0.0
77 11 13 -0.9863 -0.48253029000000003 -0.50376971 1.1102230246251565e-16
78 12 13 -1.1194 -0.94430965 -0.17509034999999995 0.0
79 1 14 0.72582 -0.8825626 1.6083826000000006 -5.551115123125783e-16
80 2 14 -1.3432 -0.2883831999999999 -1.0548168000000002 1.6653345369377348e-16
81 3 14 -0.037092 0.28190684999999993 -0.31899885 5.551115123125783e-17
82 4 14 -0.04744 -0.15623514999999993 0.10879515000000003 -1.1102230246251565e-16
83 5 14 -1.5705 -0.4594127399999999 -1.1110872600000001 0.0
84 6 14 -0.5643 0.13603562999999996 -0.7003356300000001 1.1102230246251565e-16
85 7 14 -0.73755 0.3788753999999999 -1.1164254000000002 2.7755575615628914e-16
86 8 14 -0.95999 0.6158063999999999 -1.5757964000000004 5.551115123125783e-16
87 9 14 1.0392 0.28132465 0.75787535 -5.551115123125783e-17
88 10 14 -0.34989 -0.14543859999999997 -0.2044514 0.0
89 11 14 1.8249 0.46369770999999993 1.3612022900000005 -4.440892098500626e-16
90 12 14 2.0252 0.0019183499999999853 2.0232816500000004 -4.718447854656915e-16
91 13 14 0.45925 0.946228 -0.48697800000000013 1.1102230246251565e-16
92 1 15 -0.50203 -0.5921655 0.09013550000000006 0.0
93 2 15 1.4596 0.0020139000000000684 1.4575861000000003 -3.885780586188048e-16
94 3 15 0.54692 0.5723039499999999 -0.025383949999999995 1.1102230246251565e-16
95 4 15 1.1239 0.13416195000000003 0.98973805 -1.6653345369377348e-16
96 5 15 -0.2024 -0.1690156399999999 -0.033384360000000064 -2.7755575615628914e-17
97 6 15 -1.9925 0.4264327299999999 -2.4189327300000003 4.440892098500626e-16
98 7 15 1.2375 0.6692724999999999 0.5682275000000003 -2.220446049250313e-16
99 8 15 3.4763 0.9062034999999998 2.5700965000000005 -1.1102230246251565e-16
100 9 15 -0.77244 0.57172175 -1.3441617500000005 4.440892098500626e-16
101 10 15 -0.66267 0.14495850000000002 -0.8076285000000004 4.163336342344337e-16
102 11 15 0.99348 0.7540948099999999 0.23938518999999997 1.1102230246251565e-16
103 12 15 -1.7385 0.29231545 -2.0308154500000004 4.996003610813204e-16
104 13 15 2.7599 1.2366251 1.5232749000000003 -2.220446049250313e-16
105 14 15 1.3279 0.29039709999999996 1.0375029 1.1102230246251565e-16
106 1 16 -1.9377 -1.1241045 -0.8135955000000001 2.220446049250313e-16
107 2 16 0.26445 -0.5299250999999999 0.7943751000000002 -3.3306690738754696e-16
108 3 16 -1.5028 0.040364949999999955 -1.5431649500000006 7.771561172376096e-16
109 4 16 0.58255 -0.39777704999999997 0.9803270500000003 -3.3306690738754696e-16
110 5 16 -0.63866 -0.7009546399999999 0.062294640000000054 -2.220446049250313e-16
111 6 16 -0.39371 -0.10550627000000003 -0.28820373000000016 1.8041124150158794e-16
112 7 16 -0.56928 0.13733349999999991 -0.7066135000000002 3.0531133177191805e-16
113 8 16 -0.77567 0.3742644999999999 -1.1499345000000003 4.440892098500626e-16
114 9 16 2.2429 0.039782750000000006 2.203117250000001 -8.049116928532385e-16
115 10 16 -0.47448 -0.38698049999999995 -0.08749950000000006 0.0
116 11 16 1.0486 0.22215580999999993 0.8264441900000001 -8.326672684688674e-17
117 12 16 -0.29827 -0.23962355000000002 -0.058646449999999954 0.0
118 13 16 1.0014 0.7046861 0.2967139000000001 0.0
119 14 16 -0.68974 -0.24154189999999998 -0.4481981000000001 5.551115123125783e-17
120 15 16 1.2277 -0.5319389999999999 1.7596390000000002 -2.220446049250313e-16
121 1 17 -1.2873 -0.9082655 -0.37903450000000005 -1.1102230246251565e-16
122 2 17 -0.93872 -0.3140860999999999 -0.6246339000000001 0.0
123 3 17 1.1114 0.25620394999999996 0.8551960500000002 -2.220446049250313e-16
124 4 17 -0.69989 -0.18193804999999996 -0.51795195 0.0
125 5 17 0.36123 -0.4851156399999999 0.84634564 -1.1102230246251565e-16
126 6 17 0.31452 0.11033272999999995 0.20418727000000006 1.3877787807814457e-17
127 7 17 1.0912 0.3531724999999999 0.7380275000000001 0.0
128 8 17 -0.75031 0.5901034999999999 -1.3404135000000001 2.220446049250313e-16
129 9 17 -0.72486 0.25562175 -0.9804817500000002 2.220446049250313e-16
130 10 17 0.56296 -0.17114149999999997 0.7341015000000002 -1.942890293094024e-16
131 11 17 1.1733 0.4379948099999999 0.7353051900000003 -1.6653345369377348e-16
132 12 17 -0.53798 -0.02378455000000003 -0.5141954500000001 1.249000902703301e-16
133 13 17 1.3765 0.9205250999999999 0.4559749000000002 0.0
134 14 17 -1.397 -0.025702900000000015 -1.3712971000000003 2.636779683484747e-16
135 15 17 -0.26631 -0.3161 0.049790000000000056 -5.551115123125783e-17
136 16 17 -0.54953 0.21583899999999998 -0.765369 2.7755575615628914e-17
137 1 18 -3.1191 -1.3273719999999998 -1.7917279999999998 -4.440892098500626e-16
138 2 18 -2.3653 -0.7331925999999998 -1.6321074000000002 0.0
139 3 18 -0.039 -0.16290254999999984 0.12390255000000011 -2.7755575615628914e-16
140 4 18 -3.0457 -0.6010445499999997 -2.4446554500000004 0.0
141 5 18 -1.4308 -0.9042221399999997 -0.5265778600000003 -1.1102230246251565e-16
142 6 18 -0.81155 -0.30877376999999984 -0.50277623 -1.1102230246251565e-16
143 7 18 0.71356 -0.06593399999999988 0.7794940000000002 -3.885780586188048e-16
144 8 18 -0.54009 0.17099700000000007 -0.7110870000000001 1.1102230246251565e-16
145 9 18 2.3976 -0.1634847499999998 2.5610847500000005 -4.996003610813204e-16
146 10 18 -0.616 -0.5902479999999998 -0.025752000000000025 -2.220446049250313e-16
147 11 18 1.2435 0.01888831000000013 1.2246116900000006 -6.661338147750939e-16
148 12 18 0.2516 -0.4428910499999998 0.6944910500000002 -4.440892098500626e-16
149 13 18 -0.23663 0.5014186000000002 -0.7380486000000002 0.0
150 14 18 -0.56854 -0.4448093999999998 -0.12373060000000011 -1.1102230246251565e-16
151 15 18 -0.23278 -0.7352064999999998 0.5024264999999999 -1.1102230246251565e-16
152 16 18 1.4594 -0.2032674999999998 1.6626675000000002 -3.608224830031759e-16
153 17 18 -2.5709 -0.41910649999999977 -2.1517935000000006 3.885780586188048e-16
154 1 19 -3.4041 -1.1929584 -2.2111416000000004 2.220446049250313e-16
155 2 19 -0.97115 -0.5987789999999998 -0.372371 -1.1102230246251565e-16
156 3 19 -0.92062 -0.028488949999999985 -0.8921310500000003 2.498001805406602e-16
157 4 19 0.03866 -0.4666309499999999 0.5052909500000001 -2.220446049250313e-16
158 5 19 -0.79658 -0.7698085399999999 -0.02677145999999995 -1.1102230246251565e-16
159 6 19 2.4507 -0.17436016999999998 2.6250601700000002 -3.885780586188048e-16
160 7 19 -1.9157 0.06847959999999997 -1.9841796000000005 5.551115123125783e-16
161 8 19 -0.28865 0.3054105999999999 -0.5940606000000003 3.3306690738754696e-16
162 9 19 0.36851 -0.029071149999999935 0.3975811500000002 -2.7755575615628914e-16
163 10 19 1.213 -0.45583439999999986 1.6688344000000006 -6.661338147750939e-16
164 11 19 0.73627 0.15330190999999999 0.5829680900000002 -1.6653345369377348e-16
165 12 19 1.2762 -0.30847744999999993 1.5846774500000007 -7.771561172376096e-16
166 13 19 -0.059398 0.6358322000000001 -0.6952302 0.0
167 14 19 -0.10093 -0.31039579999999994 0.2094658000000001 -1.6653345369377348e-16
168 15 19 -1.2069 -0.6007928999999999 -0.6061071000000003 1.1102230246251565e-16
169 16 19 -0.10379 -0.06885389999999994 -0.034936100000000005 -5.551115123125783e-17
170 17 19 -0.33274 -0.2846928999999999 -0.04804710000000001 -5.551115123125783e-17
171 18 19 0.31711 0.13441359999999986 0.18269640000000004 1.1102230246251565e-16
172 1 20 -1.6791 -0.5583970000000001 -1.1207030000000004 5.551115123125783e-16
173 2 20 -1.4865 0.035782399999999936 -1.5222824000000004 4.996003610813204e-16
174 3 20 1.7325 0.6060724499999998 1.12642755 1.1102230246251565e-16
175 4 20 0.10641 0.1679304499999999 -0.061520450000000095 1.942890293094024e-16
176 5 20 -0.38755 -0.13524714000000004 -0.2523028600000001 1.1102230246251565e-16
177 6 20 1.7896 0.4602012299999998 1.3293987700000005 -2.220446049250313e-16
178 7 20 -0.83846 0.7030409999999998 -1.5415010000000002 4.440892098500626e-16
179 8 20 2.7466 0.9399719999999997 1.8066280000000003 -1.1102230246251565e-16
180 9 20 0.6672 0.6054902499999999 0.061709750000000056 1.1102230246251565e-16
181 10 20 0.37009 0.17872699999999989 0.191363 8.326672684688674e-17
182 11 20 0.91362 0.7878633099999998 0.12575668999999998 2.220446049250313e-16
183 12 20 1.2984 0.32608394999999984 0.9723160500000002 -5.551115123125783e-17
184 13 20 1.7589 1.2703935999999998 0.48850640000000006 0.0
185 14 20 0.31107 0.32416559999999983 -0.013095599999999978 1.6653345369377348e-16
186 15 20 0.14366 0.03376849999999987 0.1098915000000001 4.163336342344337e-17
187 16 20 1.5304 0.5657074999999998 0.9646925000000003 -1.1102230246251565e-16
188 17 20 0.67526 0.34986849999999986 0.32539150000000006 5.551115123125783e-17
189 18 20 -2.5133 0.7689749999999996 -3.2822750000000007 9.992007221626409e-16
190 19 20 0.92616 0.6345613999999997 0.29159860000000004 2.220446049250313e-16
