t i j k u[t]=u_ijk
1 1 2 3 0.07877722222222222
2 1 2 4 -0.05390722222222222
3 1 2 5 -0.03418833333333333
4 1 2 6 0.12994999999999998
5 1 2 7 0.08399999999999999
6 1 2 8 -0.08701055555555556
7 1 2 9 0.20803333333333332
8 1 2 10 -0.022378888888888882
9 1 2 11 0.05619888888888888
10 1 2 12 0.08499777777777777
11 1 2 13 0.06455166666666666
12 1 2 14 0.05838000000000001
13 1 2 15 0.05065833333333333
14 1 2 16 0.043778333333333336
15 1 2 17 0.16046666666666667
16 1 2 18 0.06731833333333334
17 1 3 4 -0.07939777777777778
18 1 3 5 -0.0632811111111111
19 1 3 6 0.04465
20 1 3 7 -0.10768888888888888
21 1 3 8 -0.11988277777777778
22 1 3 9 0.10234666666666666
23 1 3 10 -0.07717777777777778
24 1 3 11 -0.046352222222222225
25 1 3 12 -0.018322222222222233
26 1 3 13 0.08819333333333332
27 1 3 14 0.029248333333333335
28 1 3 15 -0.002506111111111113
29 1 3 16 0.0399
30 1 3 17 0.062463888888888895
31 1 3 18 0.07089555555555555
32 1 4 5 -0.07476722222222221
33 1 4 6 0.08935722222222223
34 1 4 7 0.052196111111111124
35 1 4 8 -0.01019722222222222
36 1 4 9 0.14343499999999998
37 1 4 10 -0.014596666666666652
38 1 4 11 0.038663888888888887
39 1 4 12 0.03282555555555554
40 1 4 13 0.09395333333333332
41 1 4 14 -0.04737444444444443
42 1 4 15 0.03550333333333334
43 1 4 16 0.05682555555555554
44 1 4 17 0.14037499999999997
45 1 4 18 0.06245333333333332
46 1 5 6 0.0716188888888889
47 1 5 7 0.05469111111111111
48 1 5 8 -0.014306666666666664
49 1 5 9 0.15283722222222218
50 1 5 10 0.006865555555555556
51 1 5 11 0.062004444444444425
52 1 5 12 0.07202111111111108
53 1 5 13 0.10352111111111109
54 1 5 14 0.040915555555555545
55 1 5 15 0.05504888888888887
56 1 5 16 0.08883222222222222
57 1 5 17 0.1347944444444444
58 1 5 18 0.08454333333333332
59 1 6 7 -0.08260555555555556
60 1 6 8 -0.18067444444444444
61 1 6 9 0.027744444444444443
62 1 6 10 -0.18964999999999996
63 1 6 11 -0.01592888888888889
64 1 6 12 -0.06468888888888889
65 1 6 13 0.01774999999999999
66 1 6 14 -0.0038666666666666598
67 1 6 15 -0.056749999999999995
68 1 6 16 0.03264333333333333
69 1 6 17 -0.006972222222222218
70 1 6 18 0.030849999999999992
71 1 7 8 0.003258888888888873
72 1 7 9 0.15118555555555555
73 1 7 10 0.0016727777777777776
74 1 7 11 -0.0010655555555555603
75 1 7 12 0.06993388888888886
76 1 7 13 0.1037511111111111
77 1 7 14 0.026632222222222227
78 1 7 15 -0.015440555555555555
79 1 7 16 0.09004833333333333
80 1 7 17 0.13054444444444444
81 1 7 18 0.1710333333333333
82 1 8 9 0.19503444444444443
83 1 8 10 0.0637388888888889
84 1 8 11 0.10046833333333334
85 1 8 12 0.0016688888888888801
86 1 8 13 0.13663666666666666
87 1 8 14 0.09386444444444444
88 1 8 15 0.11484777777777777
89 1 8 16 0.13031888888888887
90 1 8 17 0.17060555555555554
91 1 8 18 0.16171733333333332
92 1 9 10 -0.0537011111111111
93 1 9 11 -0.13994444444444445
94 1 9 12 0.030494444444444428
95 1 9 13 -0.013535944444444455
96 1 9 14 -0.023286666666666664
97 1 9 15 -0.10032388888888889
98 1 9 16 -0.042899
99 1 9 17 -0.05027666666666666
100 1 9 18 -0.028110555555555562
101 1 10 11 0.0029377777777777735
102 1 10 12 0.0833611111111111
103 1 10 13 0.07185833333333333
104 1 10 14 0.07004049999999999
105 1 10 15 0.0023777777777777747
106 1 10 16 0.06376455555555555
107 1 10 17 0.1133988888888889
108 1 10 18 0.10605783333333332
109 1 11 12 -0.03828333333333334
110 1 11 13 0.01882555555555555
111 1 11 14 0.05152611111111112
112 1 11 15 -0.008010555555555554
113 1 11 16 0.07068944444444444
114 1 11 17 0.020292777777777785
115 1 11 18 0.11567166666666666
116 1 12 13 0.048531666666666674
117 1 12 14 -0.032967777777777756
118 1 12 15 0.05972777777777778
119 1 12 16 -0.019297777777777757
120 1 12 17 -0.02431555555555553
121 1 12 18 0.1480888888888889
122 1 13 14 0.05602222222222222
123 1 13 15 -0.10077166666666663
124 1 13 16 -0.06395944444444443
125 1 13 17 0.023580000000000014
126 1 13 18 -0.027151111111111105
127 1 14 15 -0.040698333333333336
128 1 14 16 -0.03722277777777778
129 1 14 17 0.006852222222222222
130 1 14 18 0.0285361111111111
131 1 15 16 0.03644222222222222
132 1 15 17 0.07677
133 1 15 18 0.10820055555555555
134 1 16 17 0.03179277777777778
135 1 16 18 0.05458999999999999
136 1 17 18 0.08981666666666664
137 2 3 4 0.05328666666666666
138 2 3 5 0.04968444444444444
139 2 3 6 -0.0065227777777777775
140 2 3 7 -0.11291166666666663
141 2 3 8 0.045904999999999994
142 2 3 9 -0.026909444444444437
143 2 3 10 0.023978333333333334
144 2 3 11 -0.02377388888888889
145 2 3 12 -0.024542777777777774
146 2 3 13 0.10241888888888888
147 2 3 14 0.049645555555555554
148 2 3 15 0.025612777777777776
149 2 3 16 0.07489888888888889
150 2 3 17 -0.019225555555555558
151 2 3 18 0.08235444444444442
152 2 4 5 -0.0944861111111111
153 2 4 6 -0.09449999999999999
154 2 4 7 -0.08571111111111111
155 2 4 8 0.022906111111111106
156 2 4 9 -0.11850555555555554
157 2 4 10 -0.04612499999999999
158 2 4 11 -0.07144222222222221
159 2 4 12 -0.10607944444444442
160 2 4 13 -0.024505555555555555
161 2 4 14 -0.15966166666666665
162 2 4 15 -0.06906222222222222
163 2 4 16 -0.04086000000000001
164 2 4 17 -0.07399888888888889
165 2 4 18 -0.05877222222222222
166 2 5 6 -0.09251944444444443
167 2 5 7 -0.0634972222222222
168 2 5 8 0.03851555555555555
169 2 5 9 -0.08938444444444443
170 2 5 10 -0.004943888888888895
171 2 5 11 -0.028382777777777774
172 2 5 12 -0.047165
173 2 5 13 0.004781111111111112
174 2 5 14 -0.05165277777777778
175 2 5 15 -0.029797777777777777
176 2 5 16 0.010865555555555547
177 2 5 17 -0.05986055555555555
178 2 5 18 -0.01696333333333333
179 2 6 7 -0.03665555555555555
180 2 6 8 0.036286111111111116
181 2 6 9 -0.05033888888888888
182 2 6 10 -0.03732111111111111
183 2 6 11 0.057822222222222226
184 2 6 12 -0.01973666666666667
185 2 6 13 0.08314833333333334
186 2 6 14 0.06770333333333334
187 2 6 15 0.022541666666666668
188 2 6 16 0.11881499999999998
189 2 6 17 -0.03748888888888889
190 2 6 18 0.09348166666666664
191 2 7 8 0.17426944444444445
192 2 7 9 0.027152222222222216
193 2 7 10 0.10805166666666667
194 2 7 11 0.026735555555555544
195 2 7 12 0.0689361111111111
196 2 7 13 0.12319944444444443
197 2 7 14 0.052252222222222214
198 2 7 15 0.017901111111111104
199 2 7 16 0.13026999999999997
200 2 7 17 0.054077777777777766
201 2 7 18 0.187715
202 2 8 9 -0.10000944444444443
203 2 8 10 -0.0008927777777777777
204 2 8 11 -0.0427411111111111
205 2 8 12 -0.17033944444444443
206 2 8 13 -0.014925555555555555
207 2 8 14 -0.05152611111111111
208 2 8 15 -0.022821111111111108
209 2 8 16 -0.00047000000000000123
210 2 8 17 -0.07687166666666667
211 2 8 18 0.0073884444444444405
212 2 9 10 0.17671111111111107
213 2 9 11 0.011890000000000005
214 2 9 12 0.15353
215 2 9 13 0.12994572222222223
216 2 9 14 0.12636666666666668
217 2 9 15 0.05705111111111111
218 2 9 16 0.12135599999999999
219 2 9 17 -0.0027100000000000054
220 2 9 18 0.11260444444444442
221 2 10 11 -0.07563999999999999
222 2 10 12 -0.024015555555555554
223 2 10 13 -0.015072222222222223
224 2 10 14 -0.010718388888888887
225 2 10 15 -0.07065944444444444
226 2 10 16 -0.0023926666666666675
227 2 10 17 -0.06944666666666664
228 2 10 18 0.016360611111111107
229 2 11 12 -0.06708222222222222
230 2 11 13 0.010472777777777775
231 2 11 14 0.04934499999999999
232 2 11 15 -0.00247
233 2 11 16 0.08310999999999999
234 2 11 17 -0.083975
235 2 11 18 0.10455222222222221
236 2 12 13 0.06897777777777778
237 2 12 14 -0.006349999999999997
238 2 12 15 0.09406722222222222
239 2 12 16 0.021921666666666662
240 2 12 17 -0.09978444444444444
241 2 12 18 0.16576833333333332
242 2 13 14 0.062193888888888875
243 2 13 15 -0.08687833333333332
244 2 13 16 -0.04318611111111111
245 2 13 17 -0.07233500000000001
246 2 13 18 -0.029917777777777772
247 2 14 15 -0.03297666666666667
248 2 14 16 -0.02262111111111111
249 2 14 17 -0.09523444444444444
250 2 14 18 0.019597777777777776
251 2 15 16 0.04332222222222222
252 2 15 17 -0.033038333333333336
253 2 15 18 0.09154055555555554
254 2 16 17 -0.08489555555555556
255 2 16 18 0.031049999999999994
256 2 17 18 0.182965
257 3 4 5 -0.09088388888888889
258 3 4 6 -0.03469055555555555
259 3 4 7 0.08048722222222221
260 3 4 8 0.030287777777777775
261 3 4 9 -0.038309444444444445
262 3 4 10 -0.016816666666666664
263 3 4 11 0.005618333333333329
264 3 4 12 -0.028249999999999997
265 3 4 13 -0.07363777777777777
266 3 4 14 -0.15602055555555552
267 3 4 15 -0.041388333333333326
268 3 4 16 -0.06247222222222222
269 3 4 17 -0.0014866666666666654
270 3 4 18 -0.08784
271 3 5 6 -0.03631222222222222
272 3 5 7 0.09909888888888886
273 3 5 8 0.042295
274 3 5 9 -0.01279055555555555
275 3 5 10 0.02076222222222221
276 3 5 11 0.045075555555555556
277 3 5 12 0.027062222222222217
278 3 5 13 -0.04795333333333332
279 3 5 14 -0.05161388888888889
280 3 5 15 -0.005726111111111111
281 3 5 16 -0.01434888888888889
282 3 5 17 0.009049444444444448
283 3 5 18 -0.04963333333333333
284 3 6 7 0.0697333333333333
285 3 6 8 -0.01614166666666667
286 3 6 9 -0.029952222222222217
287 3 6 10 -0.0678222222222222
288 3 6 11 0.07507333333333334
289 3 6 12 -0.001716666666666675
290 3 6 13 -0.025793333333333328
291 3 6 14 0.011534999999999997
292 3 6 15 -0.009593888888888888
293 3 6 16 0.037393333333333334
294 3 6 17 -0.024786111111111113
295 3 6 18 0.0046044444444444475
296 3 7 8 0.015452777777777775
297 3 7 9 -0.058849999999999986
298 3 7 10 -0.028838333333333327
299 3 7 11 -0.06240222222222222
300 3 7 12 -0.01943277777777777
301 3 7 13 -0.09213111111111111
302 3 7 14 -0.11030499999999997
303 3 7 15 -0.1206233333333333
304 3 7 16 -0.05754055555555555
305 3 7 17 -0.03960833333333333
306 3 7 18 -0.0075511111111111
307 3 8 9 -0.027195000000000004
308 3 8 10 0.021033888888888887
309 3 8 11 0.026937777777777776
310 3 8 12 -0.09989166666666666
311 3 8 13 -0.07143944444444444
312 3 8 14 -0.055266666666666665
313 3 8 15 -0.002528888888888889
314 3 8 16 -0.02946388888888889
315 3 8 17 -0.011741111111111108
316 3 8 18 -0.029060999999999997
317 3 9 10 0.12582333333333334
318 3 9 11 0.008754444444444447
319 3 9 12 0.15116333333333334
320 3 9 13 0.0006173888888888898
321 3 9 14 0.049811666666666664
322 3 9 15 0.004528888888888884
323 3 9 16 0.019547666666666665
324 3 9 17 -0.010393888888888887
325 3 9 18 0.003340555555555556
326 3 10 11 -0.027887777777777775
327 3 10 12 0.02450555555555555
328 3 10 13 -0.09351277777777778
329 3 10 14 -0.036385611111111105
330 3 10 15 -0.07229388888888888
331 3 10 16 -0.05331322222222223
332 3 10 17 -0.026242777777777778
333 3 10 18 -0.0420155
334 3 11 12 -0.06631333333333334
335 3 11 13 -0.11571999999999998
336 3 11 14 -0.024074444444444447
337 3 11 15 -0.05185666666666667
338 3 11 16 -0.015562777777777774
339 3 11 17 -0.08852333333333333
340 3 11 18 -0.0015761111111111115
341 3 12 13 -0.057983888888888876
342 3 12 14 -0.08053833333333331
343 3 12 15 0.04391166666666667
344 3 12 16 -0.07751999999999999
345 3 12 17 -0.10510166666666665
346 3 12 18 0.05887111111111112
347 3 13 14 0.11496722222222222
348 3 13 15 -0.010072222222222215
349 3 13 16 -0.015666111111111113
350 3 13 17 0.04930944444444444
351 3 13 18 -0.00985333333333333
352 3 14 15 -0.008943888888888888
353 3 14 16 -0.04787444444444444
354 3 14 17 -0.02636333333333333
355 3 14 18 -0.013111111111111112
356 3 15 16 -0.005963888888888888
357 3 15 17 0.0118
358 3 15 18 0.03479888888888888
359 3 16 17 0.009228888888888887
360 3 16 18 0.023594444444444442
361 3 17 18 0.08138499999999999
362 4 5 6 -0.09250555555555555
363 4 5 7 -0.07227222222222221
364 4 5 8 -0.07887666666666665
365 4 5 9 -0.06536499999999999
366 4 5 10 -0.053305000000000005
367 4 5 11 -0.05142666666666666
368 4 5 12 -0.03557166666666667
369 4 5 13 -0.06519944444444443
370 4 5 14 0.013522777777777746
371 4 5 15 -0.05522166666666667
372 4 5 16 -0.042760555555555545
373 4 5 17 -0.08034777777777777
374 4 5 18 -0.05267722222222221
375 4 6 7 -0.04544444444444445
376 4 6 8 -0.08112
377 4 6 9 -0.02633333333333333
378 4 6 10 -0.0856961111111111
379 4 6 11 0.034764444444444445
380 4 6 12 -0.008157222222222222
381 4 6 13 0.013153888888888896
382 4 6 14 0.13286499999999996
383 4 6 15 -0.0028961111111111115
384 4 6 16 0.06517500000000001
385 4 6 17 -0.05798999999999999
386 4 6 18 0.057753888888888875
387 4 7 8 0.06565222222222221
388 4 7 9 0.05994666666666666
389 4 7 10 0.06846555555555554
390 4 7 11 0.012466666666666668
391 4 7 12 0.08930444444444444
392 4 7 13 0.06199388888888888
393 4 7 14 0.12620277777777777
394 4 7 15 0.0012522222222222223
395 4 7 16 0.08541888888888889
396 4 7 17 0.04236555555555555
397 4 7 18 0.16077611111111112
398 4 8 9 0.041402222222222215
399 4 8 10 0.06813833333333331
400 4 8 11 0.05160722222222222
401 4 8 12 -0.04135388888888889
402 4 8 13 0.03248611111111111
403 4 8 14 0.13104166666666664
404 4 8 15 0.06914722222222221
405 4 8 16 0.06329611111111111
406 4 8 17 0.02003333333333333
407 4 8 18 0.08906677777777777
408 4 9 10 0.10433055555555554
409 4 9 11 -0.03517333333333333
410 4 9 12 0.14110388888888886
411 4 9 13 0.035945722222222226
412 4 9 14 0.16752277777777777
413 4 9 15 0.007607777777777774
414 4 9 16 0.043710444444444455
415 4 9 17 -0.04721666666666666
416 4 9 18 0.05287111111111111
417 4 10 11 -0.050322777777777765
418 4 10 12 0.03593888888888889
419 4 10 13 -0.03669166666666666
420 4 10 14 0.10281827777777776
421 4 10 15 -0.047722222222222214
422 4 10 16 -0.0076576666666666555
423 4 10 17 -0.04157277777777777
424 4 10 18 0.029007833333333337
425 4 11 12 -0.032445
426 4 11 13 -0.036463888888888886
427 4 11 14 0.1375644444444444
428 4 11 15 -0.004850000000000005
429 4 11 16 0.05252777777777777
430 4 11 17 -0.08141833333333331
431 4 11 18 0.09188222222222221
432 4 12 13 -0.012596111111111107
433 4 12 14 0.04723222222222222
434 4 12 15 0.05704999999999999
435 4 12 16 -0.04329777777777777
436 4 12 17 -0.13186499999999998
437 4 12 18 0.11846111111111109
438 4 13 14 0.19734999999999994
439 4 13 15 -0.04232166666666667
440 4 13 16 -0.026831666666666663
441 4 13 17 -0.022841666666666663
442 4 13 18 0.004348888888888889
443 4 14 15 -0.1235761111111111
444 4 14 16 -0.14142277777777776
445 4 14 17 -0.18089722222222218
446 4 14 18 -0.08129166666666665
447 4 15 16 0.015120000000000008
448 4 15 17 -0.028101666666666657
449 4 15 18 0.08125055555555555
450 4 16 17 -0.051756666666666666
451 4 16 18 0.04896222222222221
452 4 17 18 0.16773833333333332
453 5 6 7 -0.06567777777777777
454 5 6 8 -0.09474888888888888
455 5 6 9 -0.05347388888888889
456 5 6 10 -0.12489666666666664
457 5 6 11 -0.006314444444444443
458 5 6 12 -0.06509111111111111
459 5 6 13 -0.014152222222222219
460 5 6 14 0.02683666666666668
461 5 6 15 -0.04017999999999999
462 5 6 16 0.015430000000000004
463 5 6 17 -0.07014777777777777
464 5 6 18 0.017925555555555552
465 5 7 8 0.07225666666666665
466 5 7 9 0.05303944444444443
467 5 7 10 0.04949833333333333
468 5 7 11 -0.00837888888888889
469 5 7 12 0.05260388888888888
470 5 7 13 0.0549211111111111
471 5 7 14 0.04040777777777778
472 5 7 15 -0.015798333333333327
473 5 7 16 0.055907222222222226
474 5 7 17 0.0504411111111111
475 5 7 18 0.14118111111111112
476 5 8 9 0.02789055555555555
477 5 8 10 0.04256666666666667
478 5 8 11 0.024157222222222222
479 5 8 12 -0.08465888888888888
480 5 8 13 0.018808888888888885
481 5 8 14 0.038642222222222224
482 5 8 15 0.045492222222222226
483 5 8 16 0.02718
484 5 8 17 0.02150444444444444
485 5 8 18 0.06286733333333333
486 5 9 10 0.09227055555555555
487 5 9 11 -0.04911166666666666
488 5 9 12 0.11131055555555554
489 5 9 13 0.03578016666666666
490 5 9 14 0.088635
491 5 9 15 -0.00253555555555555
492 5 9 16 0.021106000000000003
493 5 9 17 -0.03223388888888888
494 5 9 18 0.040183333333333335
495 5 10 11 -0.052201111111111115
496 5 10 12 0.018205555555555548
497 5 10 13 -0.024797222222222227
498 5 10 14 0.0359905
499 5 10 15 -0.04580555555555555
500 5 10 16 -0.01820211111111111
501 5 10 17 -0.014530000000000012
502 5 10 18 0.02838005555555554
503 5 11 12 -0.0483
504 5 11 13 -0.02269111111111111
505 5 11 14 0.072615
506 5 11 15 -0.001054999999999994
507 5 11 16 0.04386166666666666
508 5 11 17 -0.052497222222222216
509 5 11 18 0.09313277777777777
510 5 12 13 0.017031666666666664
511 5 12 14 -0.0018622222222222093
512 5 12 15 0.07669999999999999
513 5 12 16 -0.03610888888888888
514 5 12 17 -0.0870888888888889
515 5 12 18 0.13556666666666664
516 5 13 14 0.11862777777777778
517 5 13 15 -0.05229944444444443
518 5 13 16 -0.04927055555555555
519 5 13 17 -0.007693333333333329
520 5 13 18 -0.008173333333333335
521 5 14 15 -0.05483166666666667
522 5 14 16 -0.08513944444444445
523 5 14 17 -0.08702666666666667
524 5 14 18 -0.01509166666666668
525 5 15 16 0.002658888888888889
526 5 15 17 -0.0029755555555555585
527 5 15 18 0.07870611111111109
528 5 16 17 -0.014169444444444448
529 5 16 18 0.05887888888888887
530 5 17 18 0.14006777777777776
531 6 7 8 0.10132777777777775
532 6 7 9 0.04083555555555554
533 6 7 10 0.10871722222222222
534 6 7 11 -0.0677422222222222
535 6 7 12 0.052017222222222215
536 6 7 13 0.0033955555555555466
537 6 7 14 -0.05210666666666666
538 6 7 15 -0.04129611111111111
539 6 7 16 -0.025200555555555556
540 6 7 17 0.054911111111111105
541 6 7 18 0.05757777777777777
542 6 8 9 -0.013384444444444445
543 6 8 10 0.07271444444444443
544 6 8 11 -0.06427722222222221
545 6 8 12 -0.11431666666666666
546 6 8 13 -0.06178777777777778
547 6 8 14 -0.08294333333333333
548 6 8 15 -0.009076666666666667
549 6 8 16 -0.08299888888888889
550 6 8 17 -0.0030966666666666673
551 6 8 18 -0.04980711111111111
552 6 9 10 0.16369333333333333
553 6 9 11 -0.0962711111111111
554 6 9 12 0.12292777777777776
555 6 9 13 -0.003541500000000001
556 6 9 14 0.008324444444444442
557 6 9 15 -0.015829444444444445
558 6 9 16 -0.04779788888888888
559 6 9 17 -0.015559999999999994
560 6 9 18 -0.031216111111111108
561 6 10 11 -0.17078333333333334
562 6 10 12 -0.04159999999999999
563 6 10 13 -0.13554166666666664
564 6 10 14 -0.11574283333333332
565 6 10 15 -0.1305222222222222
566 6 10 16 -0.15852877777777777
567 6 10 17 -0.06927888888888888
568 6 10 18 -0.11444216666666665
569 6 11 12 0.010476666666666664
570 6 11 13 -0.014853333333333335
571 6 11 14 0.03946388888888888
572 6 11 15 0.03281055555555555
573 6 11 16 0.022117222222222215
574 6 11 17 0.01133611111111111
575 6 11 18 0.06889277777777778
576 6 12 13 -0.03390722222222222
577 6 12 14 -0.09379
578 6 12 15 0.051788888888888884
579 6 12 16 -0.11663
580 6 12 17 -0.08203222222222221
581 6 12 18 0.05254999999999999
582 6 13 14 0.07763888888888888
583 6 13 15 -0.026271666666666662
584 6 13 16 -0.07885277777777777
585 6 13 17 0.048302222222222226
586 6 13 18 -0.040251111111111106
587 6 14 15 0.012185000000000001
588 6 14 16 -0.07373277777777777
589 6 14 17 0.00995777777777778
590 6 14 18 -0.006180555555555553
591 6 15 16 -0.0529511111111111
592 6 15 17 0.026992222222222223
593 6 15 18 0.020600555555555553
594 6 16 17 0.07140833333333332
595 6 16 18 0.05638333333333332
596 6 17 18 0.05199444444444443
597 7 8 9 0.04710777777777777
598 7 8 10 0.065325
599 7 8 11 0.10479277777777776
600 7 8 12 -0.06500611111111113
601 7 8 13 0.03614444444444444
602 7 8 14 0.0704911111111111
603 7 8 15 0.13354722222222218
604 7 8 16 0.04352944444444443
605 7 8 17 0.04331999999999999
606 7 8 18 -0.006057111111111121
607 7 9 10 0.09581166666666666
608 7 9 11 0.012306666666666662
609 7 9 12 0.11174611111111109
610 7 9 13 0.033898500000000005
611 7 9 14 0.10126666666666666
612 7 9 15 0.0663022222222222
613 7 9 16 0.01823822222222222
614 7 9 17 -0.02963555555555555
615 7 9 18 -0.04795833333333333
616 7 10 11 0.005676111111111109
617 7 10 12 0.015099999999999995
618 7 10 13 -0.030219999999999997
619 7 10 14 0.04508105555555555
620 7 10 15 0.019491111111111112
621 7 10 16 -0.024610999999999997
622 7 10 17 -0.015472777777777773
623 7 10 18 -0.06330272222222222
624 7 11 12 -0.10928277777777778
625 7 11 13 -0.0859911111111111
626 7 11 14 0.023828333333333326
627 7 11 15 0.00636444444444444
628 7 11 16 -0.020424444444444443
629 7 11 17 -0.1113172222222222
630 7 11 18 -0.05642722222222223
631 7 12 13 0.014714444444444445
632 7 12 14 0.010333888888888889
633 7 12 15 0.14510222222222222
634 7 12 16 -0.03941222222222222
635 7 12 17 -0.0849261111111111
636 7 12 18 0.04698944444444444
637 7 13 14 0.1331411111111111
638 7 13 15 0.018419999999999995
639 7 13 16 -0.05025666666666667
640 7 13 17 -0.0032133333333333332
641 7 13 18 -0.09443333333333333
642 7 14 15 0.001374444444444445
643 7 14 16 -0.10063888888888887
644 7 14 17 -0.09706
645 7 14 18 -0.11586500000000001
646 7 15 16 -0.06904666666666666
647 7 15 17 -0.069215
648 7 15 18 -0.07827333333333332
649 7 16 17 -0.008703333333333334
650 7 16 18 -0.026395000000000005
651 7 17 18 0.04932777777777777
652 8 9 10 0.07759444444444444
653 8 9 11 -0.045378333333333326
654 8 9 12 0.22386
655 8 9 13 0.04486183333333334
656 8 9 14 0.07788333333333333
657 8 9 15 -0.020137222222222223
658 8 9 16 0.021816555555555554
659 8 9 17 -0.02584777777777777
660 8 9 18 0.005206555555555554
661 8 10 11 -0.03379166666666667
662 8 10 12 0.1454311111111111
663 8 10 13 -0.0010394444444444446
664 8 10 14 0.03991494444444444
665 8 10 15 -0.04873111111111111
666 8 10 16 -0.0028154444444444446
667 8 10 17 0.006532222222222222
668 8 10 18 0.008079388888888888
669 8 11 12 0.06051611111111111
670 8 11 13 -0.017342777777777773
671 8 11 14 0.058129999999999994
672 8 11 15 -0.022389999999999997
673 8 11 16 0.04083888888888888
674 8 11 17 -0.04984444444444444
675 8 11 18 0.05442266666666666
676 8 12 13 -0.0864361111111111
677 8 12 14 -0.12516333333333332
678 8 12 15 -0.05345111111111112
679 8 12 16 -0.1479477777777778
680 8 12 17 -0.1932522222222222
681 8 12 18 -0.011959555555555562
682 8 13 14 0.09879444444444443
683 8 13 15 -0.07898277777777776
684 8 13 16 -0.05764166666666666
685 8 13 17 -0.010388888888888885
686 8 13 18 -0.05223177777777777
687 8 14 15 -0.06168166666666667
688 8 14 16 -0.07367722222222221
689 8 14 17 -0.06988888888888888
690 8 14 18 -0.03931677777777778
691 8 15 16 0.02097111111111111
692 8 15 17 0.021012222222222224
693 8 15 18 0.061331
694 8 16 17 -0.008493888888888886
695 8 16 18 0.023191555555555552
696 8 17 18 0.09870488888888888
697 9 10 11 0.08918111111111109
698 9 10 12 -0.0008344444444444462
699 9 10 13 0.03169316666666667
700 9 10 14 0.03962605555555555
701 9 10 15 0.04900055555555555
702 9 10 16 0.052962444444444444
703 9 10 17 0.10997444444444443
704 9 10 18 0.08046727777777778
705 9 11 12 -0.2087222222222222
706 9 11 13 -0.10758294444444444
707 9 11 14 -0.06513166666666666
708 9 11 15 -0.047631111111111096
709 9 11 16 -0.026355999999999994
710 9 11 17 -0.06937499999999999
711 9 11 18 0.0038377777777777794
712 9 12 13 0.09256205555555555
713 9 12 14 0.020813333333333336
714 9 12 15 0.19054611111111108
715 9 12 16 0.054095666666666674
716 9 12 17 0.05645555555555555
717 9 12 18 0.20669388888888887
718 9 13 14 0.06577294444444444
719 9 13 15 -0.013983722222222215
720 9 13 16 -0.03459638888888889
721 9 13 17 0.06032072222222222
722 9 13 18 -0.012576499999999996
723 9 14 15 0.036338888888888886
724 9 14 16 -0.017610444444444442
725 9 14 17 0.03384222222222222
726 9 14 18 0.03336
727 9 15 16 -0.020982666666666667
728 9 15 17 0.026722777777777776
729 9 15 18 0.03598722222222221
730 9 16 17 0.039170444444444445
731 9 16 18 0.039801555555555555
732 9 17 18 0.06765055555555556
733 10 11 12 -0.11870666666666664
734 10 11 13 -0.050094999999999994
735 10 11 14 -0.015576611111111112
736 10 11 15 -0.007450555555555556
737 10 11 16 0.00986266666666666
738 10 11 17 -0.09016833333333332
739 10 11 18 0.012551611111111109
740 10 12 13 0.06003444444444443
741 10 12 14 -0.019647166666666663
742 10 12 15 0.1407111111111111
743 10 12 16 0.00029877777777777433
744 10 12 17 -0.05435333333333333
745 10 12 18 0.12539216666666664
746 10 13 14 0.05784005555555555
747 10 13 15 -0.03129111111111111
748 10 13 16 -0.05586566666666666
749 10 13 17 -0.017960555555555553
750 10 13 18 -0.061350611111111106
751 10 14 15 0.026964388888888885
752 10 14 16 -0.03094683333333333
753 10 14 17 -0.03650616666666666
754 10 14 18 -0.007481222222222222
755 10 15 16 -0.024944555555555557
756 10 15 17 -0.0342511111111111
757 10 15 18 0.0045205
758 10 16 17 -0.017841555555555555
759 10 16 18 0.012296722222222221
760 10 17 18 0.09715772222222221
761 11 12 13 -0.008577222222222226
762 11 12 14 -0.12277722222222223
763 11 12 15 0.029454999999999995
764 11 12 16 -0.12827055555555555
765 11 12 17 -0.08289166666666667
766 11 12 18 -0.0058661111111111145
767 11 13 14 0.023321666666666664
768 11 13 15 -0.07393555555555556
769 11 13 16 -0.11582333333333333
770 11 13 17 0.02211277777777778
771 11 13 18 -0.1239972222222222
772 11 14 15 0.018838333333333332
773 11 14 16 -0.0563861111111111
774 11 14 17 0.03808555555555555
775 11 14 18 -0.035609444444444444
776 11 15 16 -0.042257777777777776
777 11 15 17 0.048466666666666665
778 11 15 18 -0.01548166666666667
779 11 16 17 0.08218944444444443
780 11 16 18 0.009607777777777772
781 11 17 18 -0.00556222222222222
782 12 13 14 0.13752166666666665
783 12 13 15 -0.11196777777777776
784 12 13 16 0.0038699999999999963
785 12 13 17 0.09642722222222222
786 12 13 18 -0.1267083333333333
787 12 14 15 -0.13339388888888884
788 12 14 16 -0.05089277777777777
789 12 14 17 -0.0017999999999999989
790 12 14 18 -0.15252055555555555
791 12 15 16 0.11546777777777775
792 12 15 17 0.1608133333333333
793 12 15 18 0.019839444444444437
794 12 16 17 0.036810555555555555
795 12 16 18 -0.11279666666666667
796 12 17 18 -0.08258777777777777
797 13 14 15 0.11609555555555555
798 13 14 16 0.08275888888888888
799 13 14 17 0.03929444444444444
800 13 14 18 0.11170944444444443
801 13 15 16 -0.00036999999999999376
802 13 15 17 -0.04758166666666666
803 13 15 18 0.03458
804 13 16 17 -0.055746666666666674
805 13 16 18 0.01778166666666666
806 13 17 18 0.14054777777777777
807 14 15 16 0.032966666666666665
808 14 15 17 0.029219444444444444
809 14 15 18 0.038966111111111104
810 14 16 17 -0.012282222222222219
811 14 16 18 -0.011168888888888888
812 14 17 18 0.06813277777777776
813 15 16 17 -0.008535000000000003
814 15 16 18 -0.017168333333333327
815 15 17 18 0.05838611111111111
816 16 17 18 0.06701944444444444
