l i j f[l]=f_ij g[l]=g_ij s[l]=s_ij h[l]=h_ij
1 1 2 -2.4417 -1.8171369999999998 -0.6245630000000002 0.0
2 1 3 0.074683 -0.23461419999999977 0.30929720000000005 -2.7755575615628914e-16
3 2 3 1.8813 1.5825228 0.2987772000000001 0.0
4 1 4 -2.2164 -1.8611996499999999 -0.35520035000000016 -2.220446049250313e-16
5 2 4 -0.40782 -0.044062650000000037 -0.36375735 0.0
6 3 4 -1.1344 -1.62658545 0.49218545 0.0
7 1 5 -1.8519 -1.7251735149999998 -0.12672648500000008 -2.220446049250313e-16
8 2 5 0.90808 0.09196348499999993 0.8161165150000002 -8.326672684688674e-17
9 3 5 -1.4483 -1.490559315 0.042259315000000075 0.0
10 4 5 -0.186 0.13602613499999996 -0.32202613500000005 8.326672684688674e-17
11 1 6 -2.1384 -1.4789731499999998 -0.65942685 0.0
12 2 6 0.96336 0.33816384999999993 0.6251961500000002 -1.1102230246251565e-16
13 3 6 -0.95067 -1.24435895 0.2936889500000001 0.0
14 4 6 0.56682 0.38222649999999997 0.18459350000000002 0.0
15 5 6 0.042341 0.246200365 -0.20385936500000007 5.551115123125783e-17
16 1 7 -1.0553 -1.0948957999999998 0.03959580000000009 -2.220446049250313e-16
17 2 7 1.4819 0.7222412 0.7596588000000002 -2.220446049250313e-16
18 3 7 -1.6028 -0.8602816000000001 -0.7425184000000002 3.3306690738754696e-16
19 4 7 1.0618 0.76630385 0.2954961500000001 -1.1102230246251565e-16
20 5 7 1.3285 0.6302777150000001 0.6982222850000004 -4.440892098500626e-16
21 6 7 0.68882 0.38407735000000004 0.3047426500000001 -1.6653345369377348e-16
22 1 8 -2.6152 -2.1574533999999996 -0.4577466000000002 -4.440892098500626e-16
23 2 8 -0.066237 -0.3403163999999999 0.27407940000000003 -1.1102230246251565e-16
24 3 8 -2.2612 -1.9228391999999999 -0.3383608000000002 0.0
25 4 8 -1.0217 -0.29625374999999987 -0.7254462500000003 1.1102230246251565e-16
26 5 8 -0.2635 -0.4322798849999998 0.16877988500000007 -2.7755575615628914e-16
27 6 8 -1.156 -0.6784802499999999 -0.4775197499999999 -1.1102230246251565e-16
28 7 8 -1.1187 -1.0625575999999999 -0.05614239999999998 -2.220446049250313e-16
29 1 9 0.9152 -0.5706654849999999 1.4858654850000004 -4.440892098500626e-16
30 2 9 1.7814 1.2464715149999999 0.5349284850000001 2.220446049250313e-16
31 3 9 0.20357 -0.33605128500000014 0.5396212850000002 0.0
32 4 9 -0.064892 1.290534165 -1.3554261650000003 4.440892098500626e-16
33 5 9 -0.0018007 1.15450803 -1.1563087300000003 4.440892098500626e-16
34 6 9 0.36923 0.9083076649999999 -0.5390776650000001 2.220446049250313e-16
35 7 9 -0.3644 0.524230315 -0.8886303150000002 3.3306690738754696e-16
36 8 9 1.1774 1.586787915 -0.40938791500000005 0.0
37 1 10 -1.379 -1.8351389999999999 0.4561390000000002 -4.440892098500626e-16
38 2 10 -0.71574 -0.018001999999999962 -0.6977380000000004 3.3306690738754696e-16
39 3 10 -1.4145 -1.6005248 0.1860248 0.0
40 4 10 0.14828 0.026060650000000074 0.12221935000000003 -1.1102230246251565e-16
41 5 10 -0.29365 -0.10996548499999989 -0.1836845150000001 -2.7755575615628914e-17
42 6 10 0.32408 -0.3561658499999999 0.6802458500000002 -2.7755575615628914e-16
43 7 10 -0.10074 -0.7402431999999999 0.6395032000000003 -4.440892098500626e-16
44 8 10 -0.071656 0.32231439999999995 -0.39397040000000005 1.1102230246251565e-16
45 9 10 -0.28351 -1.264473515 0.9809635150000001 -2.220446049250313e-16
46 1 11 -0.54387 -1.25350085 0.70963085 0.0
47 2 11 -0.49751 0.56363615 -1.0611461500000003 3.3306690738754696e-16
48 3 11 -0.62303 -1.0188866500000002 0.39585665000000003 2.220446049250313e-16
49 4 11 0.84598 0.6076988 0.23828119999999992 1.1102230246251565e-16
50 5 11 1.4233 0.47167266500000005 0.9516273350000004 -4.440892098500626e-16
51 6 11 1.0941 0.22547230000000001 0.8686277000000001 -5.551115123125783e-17
52 7 11 0.026387 -0.15860505000000003 0.18499205000000007 -5.551115123125783e-17
53 8 11 0.48884 0.9039525499999999 -0.41511255000000014 2.220446049250313e-16
54 9 11 -1.3854 -0.682835365 -0.7025646350000001 1.1102230246251565e-16
55 10 11 -0.71291 0.5816381499999999 -1.2945481500000002 3.3306690738754696e-16
56 1 12 -2.3078 -1.8879492 -0.4198508 2.220446049250313e-16
57 2 12 -0.17588 -0.07081220000000005 -0.10506779999999995 -1.3877787807814457e-17
58 3 12 -2.2125 -1.6533350000000002 -0.5591650000000001 4.440892098500626e-16
59 4 12 0.55541 -0.02674955000000001 0.5821595500000002 -2.220446049250313e-16
60 5 12 0.064333 -0.16277568499999998 0.22710868500000006 -8.326672684688674e-17
61 6 12 -1.3142 -0.40897605 -0.9052239500000004 3.885780586188048e-16
62 7 12 0.45845 -0.7930534 1.2515034000000005 -4.440892098500626e-16
63 8 12 0.1913 0.26950419999999986 -0.07820420000000007 2.220446049250313e-16
64 9 12 -0.74963 -1.3172837149999999 0.5676537150000002 -4.440892098500626e-16
65 10 12 -1.069 -0.052810200000000085 -1.0161898000000003 3.885780586188048e-16
66 11 12 -0.33473 -0.63444835 0.2997183500000001 -1.1102230246251565e-16
67 1 13 -1.1124 -1.4780350999999998 0.3656351000000001 -2.220446049250313e-16
68 2 13 0.75673 0.33910189999999996 0.41762810000000017 -1.1102230246251565e-16
69 3 13 -0.97042 -1.2434209 0.2730009000000002 -2.220446049250313e-16
70 4 13 -0.025612 0.38316455 -0.4087765500000001 1.1102230246251565e-16
71 5 13 1.441 0.24713841500000003 1.193861585 -2.7755575615628914e-17
72 6 13 0.48903 0.0009380500000000166 0.4880919500000002 -2.1510571102112408e-16
73 7 13 -1.0231 -0.3831393 -0.6399607 1.6653345369377348e-16
74 8 13 0.37944 0.6794182999999998 -0.2999783000000002 4.440892098500626e-16
75 9 13 -1.5833 -0.9073696149999999 -0.675930385 0.0
76 10 13 0.88361 0.3571038999999999 0.5265061000000002 -1.1102230246251565e-16
77 11 13 -0.068893 -0.22453425 0.15564125 0.0
78 12 13 0.91497 0.4099141 0.5050559 -5.551115123125783e-17
79 1 14 -3.7221 -2.3156369 -1.4064631000000005 4.440892098500626e-16
80 2 14 -1.3724 -0.49849989999999994 -0.8739001000000002 5.551115123125783e-17
81 3 14 -1.9327 -2.0810227 0.1483227 0.0
82 4 14 -0.24222 -0.4544372499999999 0.21221725000000005 -1.1102230246251565e-16
83 5 14 -1.6603 -0.5904633849999998 -1.0698366150000003 0.0
84 6 14 0.063237 -0.8366637499999999 0.8999007500000002 -3.3306690738754696e-16
85 7 14 -0.33734 -1.2207411 0.8834011000000005 -6.661338147750939e-16
86 8 14 0.10058 -0.15818350000000003 0.25876350000000004 0.0
87 9 14 -1.4014 -1.7449714149999997 0.34357141500000005 -2.220446049250313e-16
88 10 14 0.32838 -0.4804979 0.8088779000000003 -2.7755575615628914e-16
89 11 14 -0.86467 -1.0621360499999999 0.19746604999999995 0.0
90 12 14 -0.43251 -0.4276876999999999 -0.004822299999999977 -1.1102230246251565e-16
91 13 14 -1.6134 -0.8376017999999998 -0.7757982000000001 0.0
92 1 15 -2.2001 -1.97616435 -0.22393565 0.0
93 2 15 -0.18219 -0.15902734999999996 -0.023162650000000007 -2.7755575615628914e-17
94 3 15 -2.0878 -1.7415501500000001 -0.3462498500000002 2.220446049250313e-16
95 4 15 -0.18196 -0.11496469999999992 -0.06699530000000005 -4.163336342344337e-17
96 5 15 -0.10084 -0.25099083499999986 0.1501508350000001 -2.220446049250313e-16
97 6 15 -0.82069 -0.4971911999999999 -0.32349880000000014 0.0
98 7 15 -1.0788 -0.8812685499999999 -0.19753145 0.0
99 8 15 0.11749 0.18128904999999995 -0.06379905000000005 1.1102230246251565e-16
100 9 15 -2.6864 -1.4054988649999998 -1.2809011350000004 2.220446049250313e-16
101 10 15 0.74075 -0.14102535 0.8817753500000004 -3.885780586188048e-16
102 11 15 -0.54623 -0.7226634999999999 0.1764335 -1.1102230246251565e-16
103 12 15 -1.3219 -0.08821514999999991 -1.2336848500000004 2.220446049250313e-16
104 13 15 -0.3249 -0.4981292499999999 0.17322925000000014 -2.7755575615628914e-16
105 14 15 0.48558 0.33947255 0.1461074500000001 -1.1102230246251565e-16
106 1 16 -0.64073 -1.5977263499999999 0.9569963500000003 -4.440892098500626e-16
107 2 16 -0.39423 0.21941064999999998 -0.6136406500000001 1.1102230246251565e-16
108 3 16 -2.5372 -1.36311215 -1.1740878500000003 4.440892098500626e-16
109 4 16 0.21481 0.2634733 -0.048663300000000055 5.551115123125783e-17
110 5 16 0.40121 0.12744716500000008 0.2737628350000002 -2.7755575615628914e-16
111 6 16 0.2774 -0.11875319999999995 0.3961532000000001 -1.6653345369377348e-16
112 7 16 0.15153 -0.50283055 0.6543605500000002 -1.1102230246251565e-16
113 8 16 -0.2803 0.5597270499999999 -0.8400270500000002 3.3306690738754696e-16
114 9 16 -1.9441 -1.027060865 -0.9170391350000002 2.220446049250313e-16
115 10 16 -0.11215 0.23741264999999995 -0.3495626500000001 1.3877787807814457e-16
116 11 16 -0.12644 -0.34422549999999996 0.21778550000000008 -1.1102230246251565e-16
117 12 16 1.1307 0.29022285000000003 0.8404771500000002 -2.220446049250313e-16
118 13 16 0.68724 -0.11969124999999996 0.8069312500000001 -1.8041124150158794e-16
119 14 16 0.95586 0.7179105499999999 0.2379494500000001 0.0
120 15 16 -0.56497 0.37843799999999994 -0.9434080000000004 4.440892098500626e-16
121 1 17 -1.6768 -1.928278 0.2514780000000001 -2.220446049250313e-16
122 2 17 -1.1808 -0.11114100000000005 -1.0696590000000001 1.1102230246251565e-16
123 3 17 -0.67133 -1.6936638000000002 1.0223338000000002 0.0
124 4 17 0.41676 -0.06707835000000001 0.4838383500000002 -1.6653345369377348e-16
125 5 17 -0.76933 -0.20310448499999997 -0.5662255150000002 1.942890293094024e-16
126 6 17 -1.3988 -0.44930485 -0.9494951500000004 3.3306690738754696e-16
127 7 17 -0.4711 -0.8333822 0.3622822000000001 -2.220446049250313e-16
128 8 17 0.63979 0.22917539999999986 0.41061460000000016 -5.551115123125783e-17
129 9 17 -1.0018 -1.357612515 0.3558125150000001 0.0
130 10 17 0.31514 -0.09313900000000008 0.40827899999999995 1.1102230246251565e-16
131 11 17 -0.56792 -0.6747771499999999 0.10685715000000007 -1.1102230246251565e-16
132 12 17 -0.50867 -0.0403288 -0.46834120000000007 1.1102230246251565e-16
133 13 17 -0.62046 -0.4502429 -0.17021710000000004 0.0
134 14 17 0.046907 0.3873588999999999 -0.3404519000000001 1.6653345369377348e-16
135 15 17 -0.66156 0.04788634999999991 -0.7094463500000002 2.7755575615628914e-16
136 16 17 -0.21044 -0.33055165000000003 0.12011165000000007 -5.551115123125783e-17
137 1 18 -1.5662 -1.9475818 0.3813818000000001 0.0
138 2 18 0.55429 -0.13044480000000008 0.6847348000000001 -5.551115123125783e-17
139 3 18 -1.5637 -1.7129676000000003 0.14926759999999997 2.220446049250313e-16
140 4 18 -0.2014 -0.08638215000000005 -0.11501785000000002 6.938893903907228e-17
141 5 18 0.2201 -0.222408285 0.44250828500000017 -1.6653345369377348e-16
142 6 18 -1.0903 -0.46860865 -0.6216913500000002 1.6653345369377348e-16
143 7 18 -2.096 -0.852686 -1.2433140000000007 6.661338147750939e-16
144 8 18 1.0979 0.20987159999999982 0.8880284000000004 -1.1102230246251565e-16
145 9 18 -2.1981 -1.376916315 -0.8211836850000005 2.220446049250313e-16
146 10 18 1.4712 -0.11244280000000012 1.5836428000000007 -4.996003610813204e-16
147 11 18 -0.66616 -0.69408095 0.027920950000000007 0.0
148 12 18 0.77079 -0.059632600000000036 0.8304226000000001 -1.1102230246251565e-16
149 13 18 0.1869 -0.46954670000000004 0.6564467000000003 -2.220446049250313e-16
150 14 18 -0.052329 0.36805509999999986 -0.42038410000000015 2.7755575615628914e-16
151 15 18 -1.8553 0.028582549999999873 -1.88388255 2.220446049250313e-16
152 16 18 -0.60956 -0.34985545000000007 -0.25970455000000003 1.1102230246251565e-16
153 17 18 0.18953 -0.019303800000000038 0.20883380000000007 -2.7755575615628914e-17
154 1 19 -1.2329 -1.27878725 0.04588724999999992 0.0
155 2 19 0.8396 0.5383497499999998 0.30125025000000005 1.1102230246251565e-16
156 3 19 -1.9051 -1.0441730500000002 -0.8609269500000002 2.220446049250313e-16
157 4 19 0.85735 0.5824123999999999 0.2749376 0.0
158 5 19 0.28497 0.446386265 -0.16141626500000003 0.0
159 6 19 0.3113 0.20018589999999997 0.11111410000000008 -2.7755575615628914e-17
160 7 19 -0.050858 -0.18389145000000007 0.13303345000000005 0.0
161 8 19 1.1026 0.8786661499999998 0.22393385000000002 2.220446049250313e-16
162 9 19 -0.95037 -0.708121765 -0.242248235 0.0
163 10 19 0.56849 0.5563517499999999 0.012138250000000007 1.1102230246251565e-16
164 11 19 -0.76217 -0.025286400000000042 -0.7368836000000002 2.220446049250313e-16
165 12 19 0.22442 0.60916195 -0.3847419500000001 1.1102230246251565e-16
166 13 19 1.0455 0.19924784999999995 0.8462521500000002 -5.551115123125783e-17
167 14 19 0.70268 1.0368496499999997 -0.3341696500000002 4.440892098500626e-16
168 15 19 1.7412 0.6973770999999999 1.0438229000000003 -1.1102230246251565e-16
169 16 19 0.50024 0.3189390999999999 0.1813009000000001 0.0
170 17 19 0.23983 0.64949075 -0.4096607500000002 2.220446049250313e-16
171 18 19 0.74562 0.66879455 0.07682545 0.0
172 1 20 -2.8075 -2.0795059999999994 -0.7279940000000003 -4.440892098500626e-16
173 2 20 -0.79123 -0.2623689999999998 -0.5288610000000001 -5.551115123125783e-17
174 3 20 -0.75807 -1.8448917999999999 1.0868218000000005 -6.661338147750939e-16
175 4 20 0.20353 -0.21830634999999976 0.42183635000000014 -3.885780586188048e-16
176 5 20 -0.7094 -0.3543324849999997 -0.35506751500000017 -1.6653345369377348e-16
177 6 20 -0.29271 -0.6005328499999998 0.3078228500000001 -3.3306690738754696e-16
178 7 20 -0.71291 -0.9846101999999998 0.27170020000000006 -3.3306690738754696e-16
179 8 20 -0.81527 0.07794740000000011 -0.8932174000000003 1.1102230246251565e-16
180 9 20 -0.90539 -1.5088405149999997 0.6034505150000001 -4.440892098500626e-16
181 10 20 -0.015583 -0.24436699999999983 0.2287840000000001 -2.7755575615628914e-16
182 11 20 -1.3953 -0.8260051499999997 -0.56929485 -2.220446049250313e-16
183 12 20 -0.43148 -0.19155679999999975 -0.23992320000000003 -1.942890293094024e-16
184 13 20 -0.23754 -0.6014708999999998 0.3639309000000001 -3.3306690738754696e-16
185 14 20 0.56878 0.23613090000000014 0.33264910000000003 -2.220446049250313e-16
186 15 20 0.15751 -0.10334164999999984 0.2608516500000001 -2.498001805406602e-16
187 16 20 -1.0255 -0.4817796499999998 -0.54372035 -3.3306690738754696e-16
188 17 20 -0.70263 -0.15122799999999975 -0.5514020000000001 -1.6653345369377348e-16
189 18 20 0.27926 -0.13192419999999971 0.4111842000000003 -5.551115123125783e-16
190 19 20 -0.68027 -0.8007187499999997 0.12044875000000001 -3.3306690738754696e-16
