1 3.649671241378628 11 100.0
2 3.2475424827584414 14 81.0
3 2.5438567586202847 16 77.0
4 0.0 20 75.0
5 4.819548482756972 8 70.0
6 3.29948103448179 12 63.0
7 3.203747379309181 15 54.0
8 7.391842482758051 2 49.0
9 4.4603994482762355 10 47.0
10 3.2858953103439683 13 44.0
11 1.7930575172446472 17 44.0
12 0.4314575172401387 18 44.0
13 8.07500248275824 1 42.0
14 0.40572875861909585 19 41.0
15 6.882485310344535 3 40.0
16 5.21545944827529 6 37.0
17 5.278157517240139 5 36.0
18 5.681545310343969 4 33.0
19 5.204395310346367 7 33.0
20 4.466285310343807 9 31.0
