1 9.195479333334116 2 100.0
2 3.616772666661319 12 81.0
3 6.950899666676776 4 77.0
4 7.310446333346807 3 75.0
5 0.0 20 70.0
6 1.7630999999963906 19 63.0
7 1.9748200000094802 18 54.0
8 4.156279333332542 11 49.0
9 3.081579333326679 16 47.0
10 3.0837463333302773 15 44.0
11 6.185651999991775 9 44.0
12 3.2894556666752512 14 44.0
13 6.948748000023606 5 42.0
14 6.734892333341694 6 41.0
15 4.350719999956148 10 40.0
16 13.484142000005875 1 37.0
17 6.719186000010483 7 36.0
18 3.6124420000058786 13 33.0
19 6.488341999963806 8 33.0
20 2.8196999999999983 17 31.0
