1 11.82566691072089 1 100.0
2 7.270448253559014 9 81.0
3 10.23544166763909 2 77.0
4 8.638460033076598 4 75.0
5 7.218049602239211 10 70.0
6 9.526076284406445 3 63.0
7 7.527588837653335 7 54.0
8 5.623273591439141 17 49.0
9 6.802760066153138 13 47.0
10 0.0 20 44.0
11 5.8291616209221075 15 44.0
12 6.938502809557868 12 44.0
13 5.896500000000028 14 42.0
14 7.462902918519176 8 41.0
15 7.674338837653358 6 40.0
16 8.278058837653358 5 37.0
17 7.169114265788818 11 36.0
18 5.7486691847615425 16 33.0
19 5.4133266132390965 18 33.0
20 2.502102918519208 19 31.0
