1 6.155327950564028 2 100.0
2 2.6165000000010576 8 81.0
3 5.371872293069887 3 77.0
4 2.4587015437039907 9 75.0
5 3.3447169119202274 6 70.0
6 4.3972002837248985 4 63.0
7 0.3124930713520775 16 54.0
8 2.04640707747998 10 49.0
9 0.9883276742212914 14 47.0
10 2.8284400160575496 7 44.0
11 0.9332843495095562 15 44.0
12 1.2024705297868639 13 44.0
13 0.2525005674489109 18 42.0
14 0.27970154370352995 17 41.0
15 1.3796853713363586 12 40.0
16 1.841912465023623 11 37.0
17 7.857384349509813 1 36.0
18 3.392534154959569 5 33.0
19 0.2153076742201625 19 33.0
20 0.0 20 31.0
