1 4.982218499999998 1 100.0
2 1.4934729999999994 7 81.0
3 3.0555544999999986 4 77.0
4 4.057514999999999 2 75.0
5 3.040500499999999 5 70.0
6 3.4381724999999985 3 63.0
7 0.0 20 54.0
8 0.4070484999999997 18 49.0
9 1.0554774999999994 12 47.0
10 1.3500949999999996 8 44.0
11 1.1644374999999993 10 44.0
12 0.7202469999999997 15 44.0
13 0.7081319999999992 16 42.0
14 1.7135319999999992 6 41.0
15 0.8374416499999995 14 40.0
16 1.0838289999999988 11 37.0
17 1.1887489999999994 9 36.0
18 0.4509744999999994 17 33.0
19 0.25432549999999954 19 33.0
20 0.8749468499999994 13 31.0
