1 6.823083549999998 1 100.0
2 2.948247949999999 7 81.0
3 5.023091549999998 4 77.0
4 5.031725049999999 3 75.0
5 3.4453820499999983 6 70.0
6 5.190835549999997 2 63.0
7 1.196785599999999 12 54.0
8 1.999214049999999 8 49.0
9 1.8803325499999992 9 47.0
10 0.09092254999999971 19 44.0
11 0.3818010499999993 18 44.0
12 1.4040225499999988 11 44.0
13 0.8269061500000001 15 42.0
14 1.808515699999999 10 41.0
15 1.0938940499999996 13 40.0
16 0.9722240499999988 14 37.0
17 3.630364049999999 5 36.0
18 0.5358620499999995 17 33.0
19 0.7770608999999995 16 33.0
20 0.0 20 31.0
