1 2.6094859 1 100.0
2 2.4355832 2 81.0
3 2.2064371999999994 4 77.0
4 2.3970716999999997 3 75.0
5 2.1389682 5 70.0
6 1.9522661999999997 6 63.0
7 1.2624431999999999 10 54.0
8 0.18204940000000014 18 49.0
9 0.3434927000000002 16 47.0
10 1.0538721999999998 12 44.0
11 1.3955562 7 44.0
12 0.6748597000000001 15 44.0
13 0.8878742 13 42.0
14 1.3094422 9 41.0
15 0.0 20 40.0
16 1.3184462 8 37.0
17 0.008018700000000267 19 36.0
18 0.8817256999999998 14 33.0
19 1.1735064999999998 11 33.0
20 0.24486470000000005 17 31.0
