1 2.5874350000000006 7 93.0
2 0.5831404999999996 18 80.0
3 2.6653245000000005 5 78.0
4 3.220841500000001 2 77.0
5 0.3974339999999996 19 58.0
6 1.7530185000000003 10 55.0
7 2.5203205000000004 8 55.0
8 3.8688875000000014 1 54.0
9 0.0 20 52.0
10 0.6047259599999997 17 51.0
11 2.893872890000001 3 48.0
12 1.724058 11 47.0
13 2.0192485000000002 9 45.0
14 1.4904725 13 41.0
15 2.6854660000000004 4 38.0
16 2.6430095000000007 6 38.0
17 0.8773596500000003 15 38.0
18 1.0129139999999999 14 37.0
19 1.6531740000000001 12 33.0
20 0.6936169999999999 16 26.0
