1 4.260350398998664 3 93.0
2 1.2768445465743503 18 80.0
3 1.6699562832718504 14 78.0
4 3.0355503989986636 7 77.0
5 3.5405776942027436 6 58.0
6 6.652661458824415 1 55.0
7 2.6441343741428573 9 55.0
8 1.8597703287073544 13 54.0
9 0.22512294655696508 19 52.0
10 3.560299999999997 5 51.0
11 2.6436467288508756 10 48.0
12 1.38433859883461 17 47.0
13 2.5015935557267377 11 45.0
14 5.681259891802609 2 41.0
15 2.2452144586292935 12 38.0
16 2.6747229465569604 8 38.0
17 3.948159891802612 4 38.0
18 1.6382036121373407 15 37.0
19 1.5778655937400858 16 33.0
20 0.0 20 26.0
