1 2.9936330965508873 4 84.0
2 1.5474384263258023 13 63.0
3 2.8770733794559957 5 55.0
4 3.9589391387377244 2 54.0
5 3.796262204647018 3 54.0
6 4.726919148392138 1 53.0
7 0.0 18 51.0
8 0.8948355990561374 16 49.0
9 0.4690718730957233 17 47.0
10 1.5609191483921387 12 43.0
11 2.0202031178818225 11 42.0
12 2.697547135003896 7 41.0
13 1.3903285129807017 14 39.0
14 2.4500684263258035 10 36.0
15 2.6348605479645553 9 36.0
16 2.635414388039888 8 33.0
17 2.7159546287286673 6 31.0
18 1.3417081569736609 15 22.0
