1 4.830518333333334 1 84.0
2 0.23722222222222222 17 63.0
3 1.258572777777778 8 55.0
4 2.164269444444445 5 54.0
5 2.8434900000000005 2 54.0
6 2.6502944444444445 3 53.0
7 0.0 18 51.0
8 1.023432388888889 10 49.0
9 1.5685626666666668 6 47.0
10 0.4949783333333335 15 43.0
11 1.427376666666667 7 42.0
12 0.7150255555555555 13 41.0
13 0.6526455555555556 14 39.0
14 0.2958944444444447 16 36.0
15 0.8494526111111114 12 36.0
16 1.1380072222222224 9 33.0
17 2.3471772222222227 4 31.0
18 0.8887901111111113 11 22.0
