1 6.73606561728652 1 84.0
2 0.7745540123487247 15 63.0
3 3.6382745061753052 6 55.0
4 6.223380802469771 2 54.0
5 3.8477808024829576 5 54.0
6 2.4413808024697676 9 53.0
7 0.5498499999999997 17 51.0
8 1.9753810493851995 11 49.0
9 1.3168191975348802 14 47.0
10 2.1985075925949555 10 43.0
11 2.8197052469161727 7 42.0
12 4.30632919753339 4 41.0
13 0.5578656172860428 16 39.0
14 1.8000291975330711 12 36.0
15 2.6270448765456784 8 36.0
16 1.5561808024697672 13 33.0
17 4.351642407407564 3 31.0
18 0.0 18 22.0
