1 4.515572626003941 2 95.0
2 3.4214517901308943 5 91.0
3 0.3847517901308959 19 77.0
4 5.138673719880883 1 72.0
5 2.7946847613863537 12 72.0
6 3.405566682280223 6 64.0
7 3.360458340654857 7 60.0
8 4.515069639791396 3 57.0
9 2.783307173821317 13 54.0
10 2.2644971703274286 16 54.0
11 2.801392422053785 11 43.0
12 3.539212822906906 4 41.0
13 2.951128524117173 10 40.0
14 2.9523998999126286 9 40.0
15 1.2131415056656087 18 39.0
16 2.7170203048121477 14 39.0
17 1.6453747857538186 17 38.0
18 2.4446098999126287 15 35.0
19 3.1824408496034016 8 25.0
20 0.0 20 21.0
