1 3.6900524999999993 7 95.0
2 7.492312 1 91.0
3 4.526289074999999 2 77.0
4 3.750177999999999 6 72.0
5 3.1170499999999994 8 72.0
6 4.370120275 3 64.0
7 3.7976044999999994 5 60.0
8 2.6695009999999995 9 57.0
9 3.841665999999999 4 54.0
10 2.1773889999999994 10 54.0
11 1.4280314099999998 13 43.0
12 1.9449669999999992 11 41.0
13 0.8550429999999998 16 40.0
14 1.1940167749999997 14 40.0
15 1.7758907249999996 12 39.0
16 1.0186615449999998 15 39.0
17 0.24153119499999942 19 38.0
18 0.6912259999999999 17 35.0
19 0.0 20 25.0
20 0.4653299999999996 18 21.0
