1 5.7309252988725135 2 93.0
2 2.1850087163884964 15 79.0
3 6.017620936001496 1 76.0
4 3.971994569963158 9 73.0
5 2.332672525141417 14 61.0
6 3.170984266737142 13 60.0
7 5.416932024614464 5 58.0
8 3.8839087163882238 10 55.0
9 5.714902205861987 3 51.0
10 0.0 20 51.0
11 5.680462681014349 4 49.0
12 2.0506804611251988 16 49.0
13 4.463577388449239 8 49.0
14 0.34817252514137964 19 47.0
15 4.785027474858595 7 46.0
16 3.6046679127094716 11 43.0
17 3.48126998584367 12 43.0
18 1.0719604198451704 17 29.0
19 5.177017302039835 6 22.0
20 0.8095244676569795 18 20.0
