1 1.475710804087603 14 93.0
2 0.4961216281838967 19 79.0
3 3.9660921034880987 5 76.0
4 5.652364628920886 1 73.0
5 0.6476354406969689 18 61.0
6 2.213846129289253 8 60.0
7 0.6830449562697458 17 58.0
8 1.5071431285523813 13 55.0
9 5.318947772634473 2 51.0
10 3.0507938350063895 6 51.0
11 4.363059003561045 4 49.0
12 1.642791453787875 11 49.0
13 4.644791453787866 3 49.0
14 1.6036494159795525 12 47.0
15 1.9775791150150737 10 46.0
16 2.7360418434599927 7 43.0
17 0.0 20 43.0
18 1.9827225664252235 9 29.0
19 1.0269083718161163 15 22.0
20 0.9844115407232501 16 20.0
