t i j k u[t]=u_ijk
1 1 2 3 -0.02853890000000001
2 1 2 4 0.0033485
3 1 2 5 0.004996099999999999
4 1 2 6 -0.026534500000000016
5 1 2 7 -0.03077150000000001
6 1 2 8 -0.010184500000000004
7 1 2 9 0.020578500000000007
8 1 2 10 0.020493500000000005
9 1 2 11 0.006922500000000003
10 1 2 12 0.068075835
11 1 2 13 0.02998100000000001
12 1 2 14 0.035380000000000016
13 1 2 15 0.006938999999999997
14 1 2 16 -0.023050500000000015
15 1 2 17 0.026027400000000003
16 1 2 18 0.008401500000000003
17 1 2 19 0.036762500000000004
18 1 2 20 0.045390000000000014
19 1 3 4 -0.0011971000000000013
20 1 3 5 0.023796900000000006
21 1 3 6 -0.017922100000000007
22 1 3 7 0.015429900000000007
23 1 3 8 0.016299400000000002
24 1 3 9 0.04321190000000001
25 1 3 10 0.021764900000000004
26 1 3 11 -0.013560100000000002
27 1 3 12 0.04171490000000001
28 1 3 13 0.04123890000000001
29 1 3 14 0.047497400000000016
30 1 3 15 0.028864900000000002
31 1 3 16 0.07111040000000002
32 1 3 17 0.0360199
33 1 3 18 0.04429790000000001
34 1 3 19 0.0352999
35 1 3 20 0.026609900000000016
36 1 4 5 0.0008875000000000024
37 1 4 6 -0.022585550000000006
38 1 4 7 -0.001738499999999999
39 1 4 8 -0.010558500000000002
40 1 4 9 0.04066700000000001
41 1 4 10 0.024635500000000008
42 1 4 11 -0.00202
43 1 4 12 0.07301400000000004
44 1 4 13 0.060299250000000026
45 1 4 14 0.06551850000000002
46 1 4 15 0.03468050000000001
47 1 4 16 0.024810000000000006
48 1 4 17 0.032277000000000014
49 1 4 18 0.008495000000000011
50 1 4 19 0.04743500000000002
51 1 4 20 0.08107400000000003
52 1 5 6 -0.013075000000000002
53 1 5 7 -0.027409500000000007
54 1 5 8 -0.05128950000000002
55 1 5 9 0.03698300000000001
56 1 5 10 0.010373000000000002
57 1 5 11 0.001290500000000003
58 1 5 12 0.037683
59 1 5 13 -0.024550500000000006
60 1 5 14 0.025882445000000007
61 1 5 15 0.009772
62 1 5 16 -0.023330500000000004
63 1 5 17 -0.004615500000000004
64 1 5 18 0.034405100000000015
65 1 5 19 0.05507950000000002
66 1 5 20 0.05654400000000002
67 1 6 7 0.026081500000000014
68 1 6 8 0.036215000000000004
69 1 6 9 0.06119500000000001
70 1 6 10 0.009556000000000002
71 1 6 11 0.04575900000000002
72 1 6 12 0.06481350000000001
73 1 6 13 0.024861000000000005
74 1 6 14 0.06534350000000001
75 1 6 15 0.060821000000000014
76 1 6 16 0.07077550000000002
77 1 6 17 0.019043000000000004
78 1 6 18 0.017116000000000013
79 1 6 19 0.049201000000000016
80 1 6 20 0.08029950000000004
81 1 7 8 0.025835500000000008
82 1 7 9 0.06608350000000002
83 1 7 10 0.03920505000000001
84 1 7 11 0.04050550000000002
85 1 7 12 0.05610260000000001
86 1 7 13 0.033664250000000014
87 1 7 14 0.04025250000000002
88 1 7 15 0.06882300000000001
89 1 7 16 0.03824050000000001
90 1 7 17 0.036653000000000005
91 1 7 18 0.002424500000000005
92 1 7 19 0.08539650000000003
93 1 7 20 0.03807850000000002
94 1 8 9 0.022174000000000006
95 1 8 10 0.047077000000000015
96 1 8 11 0.04564350000000002
97 1 8 12 0.05808048500000002
98 1 8 13 0.05571350000000002
99 1 8 14 0.034879000000000014
100 1 8 15 0.018378500000000002
101 1 8 16 0.06178550000000003
102 1 8 17 0.025129500000000006
103 1 8 18 0.0016845000000000059
104 1 8 19 0.07507000000000003
105 1 8 20 0.06626080000000004
106 1 9 10 -0.030844500000000014
107 1 9 11 -0.008099499999999999
108 1 9 12 0.03968000000000001
109 1 9 13 -0.0006764999999999982
110 1 9 14 -0.02707350000000001
111 1 9 15 0.0029544999999999997
112 1 9 16 0.020008
113 1 9 17 -0.02138050000000001
114 1 9 18 -0.032045000000000004
115 1 9 19 0.023748000000000012
116 1 9 20 0.018407500000000018
117 1 10 11 -0.003714999999999997
118 1 10 12 0.029852500000000004
119 1 10 13 0.01766950000000001
120 1 10 14 -0.05459300000000002
121 1 10 15 -0.015717000000000005
122 1 10 16 -0.007692500000000004
123 1 10 17 -0.007774000000000003
124 1 10 18 0.001795500000000006
125 1 10 19 0.022778500000000007
126 1 10 20 0.0020780000000000082
127 1 11 12 0.034576
128 1 11 13 -0.00030700000000000177
129 1 11 14 -0.006470000000000005
130 1 11 15 0.020151050000000004
131 1 11 16 0.045533500000000005
132 1 11 17 0.008581499999999995
133 1 11 18 -0.011988000000000004
134 1 11 19 0.05109612000000002
135 1 11 20 0.04371550000000002
136 1 12 13 -0.030641500000000006
137 1 12 14 -0.0203665
138 1 12 15 -0.03512850000000001
139 1 12 16 0.02193900000000001
140 1 12 17 -0.06313000000000002
141 1 12 18 -0.024782999999999996
142 1 12 19 0.01488800000000001
143 1 12 20 -0.02625999999999999
144 1 13 14 0.011646500000000002
145 1 13 15 -0.016890500000000006
146 1 13 16 0.021053200000000005
147 1 13 17 -0.0007185000000000028
148 1 13 18 -0.0160895
149 1 13 19 0.04123300000000001
150 1 13 20 0.04114487500000002
151 1 14 15 0.023436500000000006
152 1 14 16 0.024258900000000007
153 1 14 17 -0.02286200000000001
154 1 14 18 -0.020119000000000005
155 1 14 19 0.027070000000000007
156 1 14 20 0.017288500000000012
157 1 15 16 0.04045250000000001
158 1 15 17 0.0034999999999999988
159 1 15 18 0.009038500000000008
160 1 15 19 0.03375350000000001
161 1 15 20 0.04028750000000002
162 1 16 17 -0.03553609000000001
163 1 16 18 -0.05357050000000001
164 1 16 19 -0.04586500000000002
165 1 16 20 0.010555500000000015
166 1 17 18 -0.032240500000000005
167 1 17 19 0.008149000000000003
168 1 17 20 0.010960000000000011
169 1 18 19 0.07163800000000002
170 1 18 20 0.047457750000000014
171 1 19 20 0.020917000000000012
172 2 3 4 -0.03308450000000001
173 2 3 5 -0.009738100000000005
174 2 3 6 -0.019926500000000003
175 2 3 7 0.017662500000000008
176 2 3 8 -0.0020550000000000017
177 2 3 9 -0.0059055000000000045
178 2 3 10 -0.02726750000000001
179 2 3 11 -0.04902150000000002
180 2 3 12 -0.054899835000000015
181 2 3 13 -0.017281000000000008
182 2 3 14 -0.016421500000000006
183 2 3 15 -0.006613000000000004
184 2 3 16 0.06562200000000001
185 2 3 17 -0.018546400000000008
186 2 3 18 0.007357500000000003
187 2 3 19 -0.030001500000000014
188 2 3 20 -0.04731900000000002
189 2 4 5 -0.0007600999999999971
190 2 4 6 0.007297450000000005
191 2 4 7 0.032381500000000014
192 2 4 8 0.002974500000000003
193 2 4 9 0.023437000000000003
194 2 4 10 0.007490500000000002
195 2 4 11 -0.005594000000000001
196 2 4 12 0.008286665000000007
197 2 4 13 0.03366675000000001
198 2 4 14 0.03348700000000001
199 2 4 15 0.03109000000000001
200 2 4 16 0.05120900000000001
201 2 4 17 0.009598100000000004
202 2 4 18 0.0034420000000000015
203 2 4 19 0.014021000000000011
204 2 4 20 0.03903250000000002
205 2 5 6 0.018455600000000006
206 2 5 7 0.008358100000000004
207 2 5 8 -0.03610890000000002
208 2 5 9 0.021400600000000006
209 2 5 10 -0.005124400000000003
210 2 5 11 -0.0006359000000000005
211 2 5 12 -0.025396735000000007
212 2 5 13 -0.04953540000000001
213 2 5 14 -0.004501455000000001
214 2 5 15 0.007829100000000002
215 2 5 16 0.004716100000000003
216 2 5 17 -0.02564680000000001
217 2 5 18 0.030999700000000012
218 2 5 19 0.023313100000000007
219 2 5 20 0.016150100000000004
220 2 6 7 0.03031850000000001
221 2 6 8 0.019865
222 2 6 9 0.014081999999999999
223 2 6 10 -0.03747200000000002
224 2 6 11 0.012302000000000002
225 2 6 12 -0.029796835000000008
226 2 6 13 -0.03165450000000001
227 2 6 14 0.003429
228 2 6 15 0.027347500000000004
229 2 6 16 0.06729150000000002
230 2 6 17 -0.033518900000000004
231 2 6 18 -0.01782
232 2 6 19 -0.014096000000000013
233 2 6 20 0.008374999999999995
234 2 7 8 0.005248500000000002
235 2 7 9 0.014733500000000004
236 2 7 10 -0.012059950000000005
237 2 7 11 0.002811500000000004
238 2 7 12 -0.04274473500000001
239 2 7 13 -0.02708825000000001
240 2 7 14 -0.025899000000000012
241 2 7 15 0.031112500000000008
242 2 7 16 0.030519500000000012
243 2 7 17 -0.020145900000000005
244 2 7 18 -0.0367485
245 2 7 19 0.017862500000000007
246 2 7 20 -0.03808300000000001
247 2 8 9 -0.008589000000000005
248 2 8 10 0.016399000000000004
249 2 8 11 0.028536500000000006
250 2 8 12 -0.020179850000000006
251 2 8 13 0.015548000000000008
252 2 8 14 -0.010685500000000004
253 2 8 15 0.0012550000000000011
254 2 8 16 0.07465150000000004
255 2 8 17 -0.011082400000000001
256 2 8 18 -0.016901500000000003
257 2 8 19 0.02812300000000001
258 2 8 20 0.010686300000000004
259 2 9 10 -0.03075950000000001
260 2 9 11 0.005556500000000004
261 2 9 12 -0.007817334999999996
262 2 9 13 -0.010079000000000001
263 2 9 14 -0.041875000000000016
264 2 9 15 0.016594000000000008
265 2 9 16 0.06363700000000003
266 2 9 17 -0.026829400000000007
267 2 9 18 -0.019868000000000004
268 2 9 19 0.007564000000000006
269 2 9 20 -0.006404000000000001
270 2 10 11 0.009856000000000004
271 2 10 12 -0.017729835000000003
272 2 10 13 0.008182000000000007
273 2 10 14 -0.06947950000000003
274 2 10 15 -0.0021624999999999986
275 2 10 16 0.035851500000000015
276 2 10 17 -0.013307900000000001
277 2 10 18 0.013887500000000007
278 2 10 19 0.006509500000000004
279 2 10 20 -0.02281850000000001
280 2 11 12 -0.02657733500000001
281 2 11 13 -0.023365500000000004
282 2 11 14 -0.034927500000000014
283 2 11 15 0.020134550000000008
284 2 11 16 0.07550650000000002
285 2 11 17 -0.010523400000000004
286 2 11 18 -0.013467000000000002
287 2 11 19 0.021256120000000007
288 2 11 20 0.005247999999999998
289 2 12 13 0.007453335000000003
290 2 12 14 0.012329335000000004
291 2 12 15 0.026008335000000007
292 2 12 16 0.11306533500000003
293 2 12 17 -0.02108156500000001
294 2 12 18 0.03489133500000001
295 2 12 19 0.04620133500000002
296 2 12 20 -0.003574165000000003
297 2 13 14 0.006247500000000002
298 2 13 15 0.006151500000000006
299 2 13 16 0.07408470000000002
300 2 13 17 0.003235100000000003
301 2 13 18 0.0054900000000000036
302 2 13 19 0.03445150000000002
303 2 13 20 0.025735875000000012
304 2 14 15 0.051877500000000014
305 2 14 16 0.08268940000000001
306 2 14 17 -0.013509400000000003
307 2 14 18 0.006859500000000001
308 2 14 19 0.02568750000000001
309 2 14 20 0.007278500000000001
310 2 15 16 0.07044200000000002
311 2 15 17 -0.015588400000000007
312 2 15 18 0.007576000000000002
313 2 15 19 0.003930000000000001
314 2 15 20 0.0018364999999999983
315 2 16 17 -0.08461399000000001
316 2 16 18 -0.08502250000000003
317 2 16 19 -0.10567800000000004
318 2 16 20 -0.05788500000000001
319 2 17 18 -0.014614600000000005
320 2 17 19 -0.0025861000000000035
321 2 17 20 -0.008402600000000007
322 2 18 19 0.04327700000000002
323 2 18 20 0.01046925
324 2 19 20 0.012289500000000002
325 3 4 5 -0.024106500000000003
326 3 4 6 -0.005860550000000002
327 3 4 7 -0.01836550000000001
328 3 4 8 -0.028055000000000007
329 3 4 9 -0.0037420000000000023
330 3 4 10 0.001673500000000006
331 3 4 11 0.010343000000000007
332 3 4 12 0.03010200000000001
333 3 4 13 0.017863250000000004
334 3 4 14 0.016824000000000006
335 3 4 15 0.0046185000000000045
336 3 4 16 -0.04749750000000001
337 3 4 17 -0.004940000000000002
338 3 4 18 -0.03700000000000001
339 3 4 19 0.010938000000000007
340 3 4 20 0.05326700000000003
341 3 5 6 0.02864400000000001
342 3 5 7 -0.019042500000000004
343 3 5 8 -0.04379200000000002
344 3 5 9 0.017568000000000004
345 3 5 10 0.012405000000000003
346 3 5 11 0.038647500000000015
347 3 5 12 0.019765
348 3 5 13 -0.04199250000000001
349 3 5 14 0.002181945000000001
350 3 5 15 0.004704000000000004
351 3 5 16 -0.07064400000000003
352 3 5 17 -0.016838500000000006
353 3 5 18 0.013904100000000006
354 3 5 19 0.043576500000000025
355 3 5 20 0.053731000000000015
356 3 6 7 -0.007270500000000002
357 3 6 8 0.0019935000000000013
358 3 6 9 6.0999999999999965e-5
359 3 6 10 -0.030131000000000005
360 3 6 11 0.04139700000000002
361 3 6 12 0.005176500000000002
362 3 6 13 -0.03430000000000001
363 3 6 14 -7.599999999999831e-5
364 3 6 15 0.014034000000000012
365 3 6 16 -0.018257000000000006
366 3 6 17 -0.034899000000000006
367 3 6 18 -0.045104
368 3 6 19 -0.004020999999999998
369 3 6 20 0.035767500000000015
370 3 7 8 0.024966000000000012
371 3 7 9 0.038301500000000016
372 3 7 10 0.03287005000000001
373 3 7 11 0.06949550000000003
374 3 7 12 0.02981760000000001
375 3 7 13 0.007855250000000005
376 3 7 14 0.008185000000000005
377 3 7 15 0.05538800000000003
378 3 7 16 -0.01744
379 3 7 17 0.016063000000000008
380 3 7 18 -0.02644350000000001
381 3 7 19 0.06552650000000003
382 3 7 20 0.026898500000000013
383 3 8 9 -0.004738500000000003
384 3 8 10 0.041611500000000017
385 3 8 11 0.07550300000000001
386 3 8 12 0.032664985
387 3 8 13 0.03077400000000001
388 3 8 14 0.003681000000000002
389 3 8 15 0.005813000000000003
390 3 8 16 0.006974500000000002
391 3 8 17 0.0054090000000000015
392 3 8 18 -0.026314000000000008
393 3 8 19 0.05606950000000002
394 3 8 20 0.055950300000000015
395 3 9 10 -0.009397500000000007
396 3 9 11 0.048672500000000014
397 3 9 12 0.04117700000000001
398 3 9 13 0.0012964999999999995
399 3 9 14 -0.03135900000000001
400 3 9 15 0.017301500000000008
401 3 9 16 -0.007890500000000003
402 3 9 17 -0.014188500000000007
403 3 9 18 -0.03313100000000001
404 3 9 19 0.031660000000000015
405 3 9 20 0.03500950000000001
406 3 10 11 0.031610000000000006
407 3 10 12 0.009902499999999998
408 3 10 13 -0.0018044999999999984
409 3 10 14 -0.08032550000000004
410 3 10 15 -0.022817
411 3 10 16 -0.05703800000000001
412 3 10 17 -0.022029000000000003
413 3 10 18 -0.020737500000000006
414 3 10 19 0.009243500000000007
415 3 10 20 -0.002767000000000004
416 3 11 12 -0.020699000000000013
417 3 11 13 -0.055106000000000016
418 3 11 14 -0.06752750000000003
419 3 11 15 -0.02227395
420 3 11 16 -0.03913700000000001
421 3 11 17 -0.040998500000000014
422 3 11 18 -0.06984600000000002
423 3 11 19 0.0022361200000000046
424 3 11 20 0.0035454999999999996
425 3 12 13 -0.030165500000000005
426 3 12 14 -0.02614900000000001
427 3 12 15 -0.0222785
428 3 12 16 -0.007456499999999995
429 3 12 17 -0.05743500000000001
430 3 12 18 -0.027366
431 3 12 19 0.021303000000000016
432 3 12 20 -0.011154999999999997
433 3 13 14 0.005388000000000002
434 3 13 15 -0.004516499999999997
435 3 13 16 -0.008818300000000001
436 3 13 17 0.004500500000000003
437 3 13 18 -0.019148500000000002
438 3 13 19 0.04717200000000002
439 3 13 20 0.055773875000000014
440 3 14 15 0.042069000000000016
441 3 14 16 0.0006459000000000001
442 3 14 17 -0.011384500000000004
443 3 14 18 -0.016919500000000004
444 3 14 19 0.03926750000000002
445 3 14 20 0.038176000000000015
446 3 15 16 -0.0017930000000000064
447 3 15 17 -0.003655000000000004
448 3 15 18 -0.006394500000000005
449 3 15 19 0.02731850000000001
450 3 15 20 0.042542500000000004
451 3 16 17 -0.00044559000000000075
452 3 16 18 -0.026758000000000007
453 3 16 19 -0.010054500000000003
454 3 16 20 0.05505600000000001
455 3 17 18 -0.04051850000000001
456 3 17 19 0.008869000000000002
457 3 17 20 0.02037
458 3 18 19 0.08063600000000003
459 3 18 20 0.06514575000000002
460 3 19 20 0.029607
461 4 5 6 0.010398050000000006
462 4 5 7 -0.024783500000000007
463 4 5 8 -0.03984350000000002
464 4 5 9 -0.002796499999999997
465 4 5 10 -0.013375000000000003
466 4 5 11 0.0041980000000000055
467 4 5 12 -0.03444350000000001
468 4 5 13 -0.08396225000000002
469 4 5 14 -0.03874855500000002
470 4 5 15 -0.024021000000000004
471 4 5 16 -0.04725300000000001
472 4 5 17 -0.03600500000000001
473 4 5 18 0.026797600000000008
474 4 5 19 0.008532
475 4 5 20 -0.023642500000000007
476 4 6 7 0.005234450000000003
477 4 6 8 0.024187950000000003
478 4 6 9 -0.0020575499999999974
479 4 6 10 -0.03766505000000001
480 4 6 11 0.025193450000000017
481 4 6 12 -0.03078605000000001
482 4 6 13 -0.05802380000000002
483 4 6 14 -0.022760550000000008
484 4 6 15 0.003554950000000002
485 4 6 16 0.023379950000000004
486 4 6 17 -0.03581955000000001
487 4 6 18 -0.013964550000000001
488 4 6 19 -0.020819550000000017
489 4 6 20 -0.02336005000000001
490 4 7 8 0.03465550000000001
491 4 7 9 0.023678000000000015
492 4 7 10 0.012831050000000007
493 4 7 11 0.04078700000000002
494 4 7 12 -0.018649900000000004
495 4 7 13 -0.02837350000000001
496 4 7 14 -0.027004500000000004
497 4 7 15 0.03240400000000001
498 4 7 16 0.011692000000000004
499 4 7 17 0.002637500000000002
500 4 7 18 -0.007809000000000004
501 4 7 19 0.03622300000000001
502 4 7 20 -0.04473400000000001
503 4 8 9 -0.029051500000000008
504 4 8 10 0.011883000000000006
505 4 8 11 0.03710500000000002
506 4 8 12 -0.025492015000000007
507 4 8 13 -0.015144250000000003
508 4 8 14 -0.04119800000000001
509 4 8 15 -0.026860500000000006
510 4 8 16 0.02641700000000001
511 4 8 17 -0.017706000000000003
512 4 8 18 -0.017369000000000006
513 4 8 19 0.0170765
514 4 8 20 -0.025371700000000007
515 4 9 10 -0.014813000000000008
516 4 9 11 0.034587500000000014
517 4 9 12 0.007333
518 4 9 13 -0.02030875000000001
519 4 9 14 -0.05192500000000001
520 4 9 15 0.008941000000000001
521 4 9 16 0.03586500000000001
522 4 9 17 -0.012990500000000006
523 4 9 18 0.00012699999999999384
524 4 9 19 0.016980000000000002
525 4 9 20 -0.02199950000000001
526 4 10 11 0.02294050000000001
527 4 10 12 -0.018526000000000004
528 4 10 13 -0.017994250000000007
529 4 10 14 -0.09547600000000003
530 4 10 15 -0.025762000000000004
531 4 10 16 -0.007867000000000004
532 4 10 17 -0.015415500000000007
533 4 10 18 0.017936
534 4 10 19 -2.1000000000004007e-5
535 4 10 20 -0.05436050000000003
536 4 11 12 -0.040458000000000015
537 4 11 13 -0.06262625000000002
538 4 11 14 -0.07400850000000003
539 4 11 15 -0.016549450000000007
540 4 11 16 0.0187035
541 4 11 17 -0.025715500000000016
542 4 11 18 -0.022503000000000013
543 4 11 19 0.0016411199999999927
544 4 11 20 -0.03937850000000002
545 4 12 13 -0.017926750000000005
546 4 12 14 -0.012871000000000006
547 4 12 15 0.0032050000000000034
548 4 12 16 0.07014300000000002
549 4 12 17 -0.022393000000000003
550 4 12 18 0.03973600000000001
551 4 12 19 0.04046700000000001
552 4 12 20 -0.03432000000000001
553 4 13 14 0.006427250000000003
554 4 13 15 0.008728250000000007
555 4 13 16 0.05654245000000002
556 4 13 17 0.027303750000000012
557 4 13 18 0.03571475000000002
558 4 13 19 0.05409725000000001
559 4 13 20 0.020370125000000006
560 4 14 15 0.054274500000000024
561 4 14 16 0.06496740000000002
562 4 14 17 0.010379500000000003
563 4 14 18 0.03690450000000001
564 4 14 19 0.04515350000000001
565 4 14 20 0.001732999999999996
566 4 15 16 0.05032300000000001
567 4 15 17 0.0059035
568 4 15 18 0.035224000000000005
569 4 15 19 0.020999
570 4 15 20 -0.006106000000000004
571 4 16 17 -0.043003090000000015
572 4 16 18 -0.03725550000000001
573 4 16 19 -0.06849000000000004
574 4 16 20 -0.04570850000000002
575 4 17 18 -0.008458500000000006
576 4 17 19 -0.0070090000000000065
577 4 17 20 -0.037837000000000016
578 4 18 19 0.03269800000000001
579 4 18 20 -0.025121250000000008
580 4 19 20 -0.012722000000000002
581 5 6 7 0.040416000000000014
582 5 6 8 0.07442950000000004
583 5 6 9 0.011137000000000006
584 5 6 10 -0.013892000000000009
585 5 6 11 0.03139350000000002
586 5 6 12 0.014055500000000009
587 5 6 13 0.0363365
588 5 6 14 0.026386055000000012
589 5 6 15 0.037974000000000015
590 5 6 16 0.08103100000000002
591 5 6 17 0.010583500000000004
592 5 6 18 -0.030364100000000005
593 5 6 19 -0.01895350000000001
594 5 6 20 0.010680500000000002
595 5 7 8 0.049715500000000024
596 5 7 9 0.0016910000000000041
597 5 7 10 0.0014225500000000022
598 5 7 11 0.011805500000000009
599 5 7 12 -0.0089899
600 5 7 13 0.030805250000000013
601 5 7 14 -0.013039445
602 5 7 15 0.03164150000000001
603 5 7 16 0.03416150000000001
604 5 7 17 0.013859000000000005
605 5 7 18 -0.05939010000000002
606 5 7 19 0.002907500000000003
607 5 7 20 -0.04587500000000001
608 5 8 9 -0.06609850000000002
609 5 8 10 -0.014585500000000008
610 5 8 11 -0.0069365000000000095
611 5 8 12 -0.030892015000000012
612 5 8 13 0.028974500000000007
613 5 8 14 -0.04229294500000002
614 5 8 15 -0.04268300000000002
615 5 8 16 0.0338265
616 5 8 17 -0.021544500000000008
617 5 8 18 -0.08401010000000003
618 5 8 19 -0.03129900000000002
619 5 8 20 -0.04157270000000002
620 5 9 10 -0.004234500000000004
621 5 9 11 0.02759300000000001
622 5 9 12 0.03898000000000002
623 5 9 13 0.060857000000000015
624 5 9 14 -0.015972945000000006
625 5 9 15 0.030165500000000012
626 5 9 16 0.08032150000000003
627 5 9 17 0.020218000000000007
628 5 9 18 -0.02946710000000001
629 5 9 19 0.005651500000000001
630 5 9 20 -0.0011534999999999991
631 5 10 11 0.005367500000000002
632 5 10 12 0.002542500000000001
633 5 10 13 0.05259300000000002
634 5 10 14 -0.07010244500000003
635 5 10 15 -0.015116000000000003
636 5 10 16 0.026011000000000003
637 5 10 17 0.007214500000000004
638 5 10 18 -0.022236600000000006
639 5 10 19 -0.02192800000000001
640 5 10 20 -0.044093000000000014
641 5 11 12 -0.0018165000000000006
642 5 11 13 0.025534000000000008
643 5 11 14 -0.03106194500000001
644 5 11 15 0.011669550000000002
645 5 11 16 0.07015450000000002
646 5 11 17 0.014487500000000002
647 5 11 18 -0.04510260000000002
648 5 11 19 -0.002692880000000002
649 5 11 20 -0.011538000000000005
650 5 12 13 0.03159200000000001
651 5 12 14 -0.008565945000000004
652 5 12 15 -0.007217500000000002
653 5 12 16 0.08295250000000001
654 5 12 17 -0.020831500000000006
655 5 12 18 -0.021505100000000006
656 5 12 19 -0.002508500000000002
657 5 12 20 -0.045121000000000015
658 5 13 14 -0.03878644500000001
659 5 13 15 -0.051213000000000015
660 5 13 16 0.019833200000000002
661 5 13 17 -0.0206535
662 5 13 18 -0.07504510000000002
663 5 13 19 -0.038397000000000014
664 5 13 20 -0.039949625
665 5 14 15 0.039546945000000014
666 5 14 16 0.07347184500000002
667 5 14 17 0.007635945000000004
668 5 14 18 -0.02864165500000001
669 5 14 19 -0.0021270550000000005
670 5 14 20 -0.013373055000000005
671 5 15 16 0.07355500000000002
672 5 15 17 0.0178875
673 5 15 18 -0.015594600000000007
674 5 15 19 -0.011554000000000004
675 5 15 20 -0.006484500000000002
676 5 16 17 -0.05425109000000001
677 5 16 18 -0.11130610000000002
678 5 16 19 -0.12427500000000004
679 5 16 20 -0.06931900000000002
680 5 17 18 -0.07126110000000002
681 5 17 19 -0.05154600000000002
682 5 17 20 -0.05019950000000001
683 5 18 19 0.05096360000000001
684 5 18 20 0.02531885000000001
685 5 19 20 0.019452500000000008
686 6 7 8 0.015702000000000008
687 6 7 9 0.03097000000000001
688 6 7 10 0.055730550000000025
689 6 7 11 0.02082800000000001
690 6 7 12 0.017370600000000003
691 6 7 13 0.03488475000000001
692 6 7 14 0.0009905000000000029
693 6 7 15 0.03408350000000001
694 6 7 16 -0.006453499999999998
695 6 7 17 0.043691500000000015
696 6 7 18 0.01139
697 6 7 19 0.06227700000000003
698 6 7 20 -0.0161395
699 6 8 9 -0.002806000000000004
700 6 8 10 0.07373600000000002
701 6 8 11 0.036099500000000014
702 6 8 12 0.029481985000000006
703 6 8 13 0.06706750000000003
704 6 8 14 0.005750500000000002
705 6 8 15 -0.006227500000000004
706 6 8 16 0.027225000000000006
707 6 8 17 0.04230150000000001
708 6 8 18 0.0207835
709 6 8 19 0.062084000000000014
710 6 8 20 0.022176300000000006
711 6 9 10 0.020794500000000007
712 6 9 11 0.007336500000000004
713 6 9 12 0.03606150000000002
714 6 9 13 0.035657500000000016
715 6 9 14 -0.03122200000000001
716 6 9 15 0.003328500000000002
717 6 9 16 0.010427500000000004
718 6 9 17 0.020771500000000005
719 6 9 18 0.012034
720 6 9 19 0.035742000000000024
721 6 9 20 -0.0006969999999999979
722 6 10 11 -0.039918000000000016
723 6 10 12 -0.025405000000000007
724 6 10 13 0.0023645000000000038
725 6 10 14 -0.11038050000000002
726 6 10 15 -0.06698200000000003
727 6 10 16 -0.06891200000000003
728 6 10 17 -0.01726100000000001
729 6 10 18 -0.0057645000000000075
730 6 10 19 -0.0168665
731 6 10 20 -0.06866550000000002
732 6 11 12 0.015521499999999999
733 6 11 13 0.020591000000000012
734 6 11 14 -0.02605450000000001
735 6 11 15 0.00508905
736 6 11 16 0.020517000000000004
737 6 11 17 0.03529750000000001
738 6 11 18 0.016655000000000003
739 6 11 19 0.04765412000000002
740 6 11 20 0.009175000000000003
741 6 12 13 0.009311000000000005
742 6 12 14 -0.020896500000000005
743 6 12 15 -0.031136000000000007
744 6 12 16 0.01597700000000001
745 6 12 17 -0.017359500000000007
746 6 12 18 0.022914500000000008
747 6 12 19 0.030500500000000017
748 6 12 20 -0.04174600000000001
749 6 13 14 -0.028836000000000007
750 6 13 15 -0.052850500000000016
751 6 13 16 -0.024861300000000006
752 6 13 17 0.0050995
753 6 13 18 -0.00834450000000001
754 6 13 19 0.016893000000000012
755 6 13 20 -0.014293625000000003
756 6 14 15 0.027959000000000008
757 6 14 16 0.018826900000000004
758 6 14 17 0.023438500000000004
759 6 14 18 0.0281085
760 6 14 19 0.04321250000000002
761 6 14 20 0.002332499999999999
762 6 15 16 0.030498000000000008
763 6 15 17 0.04527800000000001
764 6 15 18 0.052743500000000006
765 6 15 19 0.04537350000000002
766 6 15 20 0.020809000000000008
767 6 16 17 0.01619641
768 6 16 18 8.899999999999467e-5
769 6 16 19 -0.024290500000000007
770 6 16 20 0.0010315000000000007
771 6 17 18 -0.030313500000000014
772 6 17 19 -0.022009000000000004
773 6 17 20 -0.050296500000000015
774 6 18 19 0.039553000000000026
775 6 18 20 -0.015725749999999997
776 6 19 20 -0.010181500000000008
777 7 8 9 -0.018074000000000007
778 7 8 10 0.03370745000000002
779 7 8 11 0.03097350000000001
780 7 8 12 0.027813385000000003
781 7 8 13 0.04788475000000002
782 7 8 14 0.02046200000000001
783 7 8 15 -0.024609000000000006
784 7 8 16 0.049380500000000015
785 7 8 17 0.014312000000000007
786 7 8 18 0.025095500000000014
787 7 8 19 0.015509000000000005
788 7 8 20 0.054017800000000026
789 7 9 10 -0.0039660500000000005
790 7 9 11 0.017478500000000004
791 7 9 12 0.049660900000000015
792 7 9 13 0.031742750000000014
793 7 9 14 -0.0012424999999999997
794 7 9 15 0.00021500000000000414
795 7 9 16 0.04785100000000001
796 7 9 17 0.008050000000000003
797 7 9 18 0.03161400000000001
798 7 9 19 0.004435000000000003
799 7 9 20 0.046412500000000016
800 7 10 11 -0.005015450000000006
801 7 10 12 0.012954950000000002
802 7 10 13 0.02321030000000001
803 7 10 14 -0.055640450000000015
804 7 10 15 -0.04533495000000001
805 7 10 16 -0.006727950000000003
806 7 10 17 -0.0052219499999999995
807 7 10 18 0.038576050000000014
808 7 10 19 -0.023412950000000005
809 7 10 20 0.0032045499999999957
810 7 11 12 0.018978900000000007
811 7 11 13 0.0065342500000000045
812 7 11 14 -0.0062169999999999994
813 7 11 15 -0.008166449999999999
814 7 11 16 0.047798500000000015
815 7 11 17 0.012434000000000006
816 7 11 18 0.02609300000000001
817 7 11 19 0.006205120000000004
818 7 11 20 0.04614250000000001
819 7 12 13 -0.008203150000000003
820 7 12 14 -0.004516400000000003
821 7 12 15 -0.04784890000000001
822 7 12 16 0.03980110000000001
823 7 12 17 -0.04368040000000001
824 7 12 18 0.028895100000000014
825 7 12 19 -0.014405900000000004
826 7 12 20 -0.008235899999999999
827 7 13 14 0.005058250000000001
828 7 13 15 -0.05204925000000002
829 7 13 16 0.016476950000000004
830 7 13 17 -0.003707249999999999
831 7 13 18 0.01515025000000001
832 7 13 19 -0.010499250000000002
833 7 13 20 0.03673062500000002
834 7 14 15 -0.005133999999999998
835 7 14 16 0.02627090000000001
836 7 14 17 -0.019262500000000005
837 7 14 18 0.017709000000000006
838 7 14 19 -0.018074000000000007
839 7 14 20 0.0194625
840 7 15 16 0.07103500000000001
841 7 15 17 0.035670000000000014
842 7 15 18 0.07543700000000002
843 7 15 19 0.017180000000000004
844 7 15 20 0.07103200000000003
845 7 16 17 -0.03394859000000001
846 7 16 18 -0.017754500000000006
847 7 16 19 -0.09302100000000003
848 7 16 20 0.010717500000000003
849 7 17 18 0.0019880000000000015
850 7 17 19 -0.04059450000000001
851 7 17 20 0.0095345
852 7 18 19 -0.011334000000000004
853 7 18 20 0.011803750000000002
854 7 19 20 0.06823500000000002
855 8 9 10 -0.05574750000000001
856 8 9 11 -0.031569
857 8 9 12 0.0037735150000000007
858 8 9 13 -0.03421600000000002
859 8 9 14 -0.03977850000000001
860 8 9 15 0.0067500000000000025
861 8 9 16 -0.019603500000000006
862 8 9 17 -0.02433600000000001
863 8 9 18 -0.011555500000000007
864 8 9 19 -0.029148000000000004
865 8 9 20 -0.025679300000000006
866 8 10 11 -0.002281500000000001
867 8 10 12 0.018849015000000004
868 8 10 13 0.009033000000000001
869 8 10 14 -0.042395000000000016
870 8 10 15 0.012981500000000009
871 8 10 16 -0.022401000000000008
872 8 10 17 0.014173500000000006
873 8 10 18 0.047188000000000015
874 8 10 19 -0.005214500000000001
875 8 10 20 -0.017105800000000008
876 8 11 12 0.02213901500000001
877 8 11 13 -0.010377000000000006
878 8 11 14 0.0042945
879 8 11 15 0.04741605000000001
880 8 11 16 0.029391500000000008
881 8 11 17 0.029095500000000003
882 8 11 18 0.031971
883 8 11 19 0.021669620000000007
884 8 11 20 0.023098200000000006
885 8 12 13 -0.028274515000000014
886 8 12 14 0.002834984999999999
887 8 12 15 0.004573485000000004
888 8 12 16 0.018233985000000005
889 8 12 17 -0.030179015000000007
890 8 12 18 0.03161298500000001
891 8 12 19 -0.0021015150000000004
892 8 12 20 -0.034440315000000006
893 8 13 14 0.03248100000000002
894 8 13 15 0.02044450000000001
895 8 13 16 0.014981200000000007
896 8 13 17 0.02986550000000001
897 8 13 18 0.037939500000000015
898 8 13 19 0.02187650000000001
899 8 13 20 0.030597575000000012
900 8 14 15 0.039937000000000014
901 8 14 16 -0.0026476
902 8 14 17 -0.013112500000000004
903 8 14 18 0.013075500000000002
904 8 14 19 -0.013121000000000004
905 8 14 20 -0.014093300000000005
906 8 15 16 -0.0029545000000000053
907 8 15 17 -0.003251000000000005
908 8 15 18 0.025732500000000005
909 8 15 19 -0.02293800000000001
910 8 15 20 -0.007594800000000002
911 8 16 17 0.00111991
912 8 16 18 0.006530500000000002
913 8 16 19 -0.05914950000000002
914 8 16 20 0.006080200000000003
915 8 17 18 -0.008795500000000003
916 8 17 19 -0.041791500000000016
917 8 17 20 -0.030171300000000012
918 8 18 19 -0.0017474999999999969
919 8 18 20 -0.017118550000000003
920 8 19 20 0.02972620000000001
921 9 10 11 -0.026460000000000008
922 9 10 12 -0.04067200000000002
923 9 10 13 -0.012498500000000004
924 9 10 14 -0.05836400000000001
925 9 10 15 -0.04951600000000002
926 9 10 16 -0.05854500000000002
927 9 10 17 -0.017238000000000007
928 9 10 18 0.0029959999999999995
929 9 10 19 -0.03181400000000001
930 9 10 20 -0.04717400000000002
931 9 11 12 -0.013203500000000005
932 9 11 13 -0.0077300000000000025
933 9 11 14 0.012504000000000001
934 9 11 15 0.009097050000000004
935 9 11 16 0.017426000000000004
936 9 11 17 0.02186250000000001
937 9 11 18 0.011957500000000003
938 9 11 19 0.019248620000000004
939 9 11 20 0.017208500000000005
940 9 12 13 0.009715000000000003
941 9 12 14 0.04638700000000002
942 9 12 15 0.0015970000000000018
943 9 12 16 0.04161100000000001
944 9 12 17 -0.0020694999999999997
945 9 12 18 0.046942000000000025
946 9 12 19 0.030820000000000004
947 9 12 20 -0.0049875000000000015
948 9 13 14 0.03804350000000001
949 9 13 15 -0.020521500000000005
950 9 13 16 0.0003687000000000008
951 9 13 17 0.019985500000000007
952 9 13 18 0.015279000000000008
953 9 13 19 0.016808500000000007
954 9 13 20 0.02206087500000001
955 9 14 15 -0.006591500000000002
956 9 14 16 -0.02282260000000001
957 9 14 17 -0.028555000000000004
958 9 14 18 -0.015147500000000005
959 9 14 19 -0.023751500000000012
960 9 14 20 -0.028192500000000013
961 9 15 16 0.023399000000000007
962 9 15 17 0.027835000000000006
963 9 15 18 0.044038000000000015
964 9 15 19 0.012960000000000005
965 9 15 20 0.024834500000000006
966 9 16 17 0.005852410000000002
967 9 16 18 -0.0015175
968 9 16 19 -0.04960500000000002
969 9 16 20 0.012156000000000004
970 9 17 18 -0.021576000000000005
971 9 17 19 -0.03697950000000002
972 9 17 20 -0.028828000000000013
973 9 18 19 0.015845
974 9 18 20 -0.002994750000000002
975 9 19 20 0.026257500000000007
976 10 11 12 0.0010085
977 10 11 13 -0.02169150000000001
978 10 11 14 0.04440800000000002
979 10 11 15 0.03215305
980 10 11 16 0.04951100000000001
981 10 11 17 0.012640500000000002
982 10 11 18 -0.017498500000000007
983 10 11 19 0.02460262000000001
984 10 11 20 0.03792250000000002
985 10 12 13 -0.01845850000000001
986 10 12 14 0.06407900000000001
987 10 12 15 0.010441000000000004
988 10 12 16 0.05948400000000002
989 10 12 17 -0.02550350000000001
990 10 12 18 0.0032740000000000017
991 10 12 19 0.021962000000000006
992 10 12 20 0.0015145000000000078
993 10 13 14 0.08390900000000003
994 10 13 15 0.01649600000000001
995 10 13 16 0.04641520000000001
996 10 13 17 0.02472500000000001
997 10 13 18 -0.0002154999999999977
998 10 13 19 0.03612400000000001
999 10 13 20 0.056736375000000026
1000 10 14 15 -0.015439500000000002
1001 10 14 16 -0.022641600000000005
1002 10 14 17 -0.06968100000000002
1003 10 14 18 -0.07650750000000003
1004 10 14 19 -0.05030150000000002
1005 10 14 20 -0.039382500000000015
1006 10 15 16 0.03242800000000001
1007 10 15 17 -0.004443000000000004
1008 10 15 18 -0.008474000000000006
1009 10 15 19 -0.004742000000000001
1010 10 15 20 0.022492500000000012
1011 10 16 17 -0.03545459000000001
1012 10 16 18 -0.06305850000000002
1013 10 16 19 -0.07633600000000001
1014 10 16 20 0.0007850000000000013
1015 10 17 18 -0.041810000000000014
1016 10 17 19 -0.02240350000000001
1017 10 17 20 0.001108000000000004
1018 10 18 19 0.05065500000000002
1019 10 18 20 0.047175250000000016
1020 10 19 20 0.041617500000000016
1021 11 12 13 0.004241500000000001
1022 11 12 14 0.02067950000000001
1023 11 12 15 -0.020703550000000005
1024 11 12 16 0.010981500000000003
1025 11 12 17 -0.037135500000000016
1026 11 12 18 0.021781000000000005
1027 11 12 19 -0.00163212
1028 11 12 20 -0.03539950000000001
1029 11 13 14 0.017809500000000006
1030 11 13 15 -0.037348550000000015
1031 11 13 16 -0.024787300000000005
1032 11 13 17 -0.009607
1033 11 13 18 -0.004408500000000002
1034 11 13 19 -0.010170120000000001
1035 11 13 20 -0.002877624999999999
1036 11 14 15 -0.0031845499999999995
1037 11 14 16 -0.027744600000000008
1038 11 14 17 -0.03791350000000002
1039 11 14 18 -0.014601000000000005
1040 11 14 19 -0.030496120000000012
1041 11 14 20 -0.03289700000000001
1042 11 15 16 0.015070050000000003
1043 11 15 17 0.015069550000000003
1044 11 15 18 0.041177550000000014
1045 11 15 19 0.0028084300000000006
1046 11 15 20 0.016723050000000007
1047 11 16 17 0.0014159100000000005
1048 11 16 18 0.0039510000000000005
1049 11 16 19 -0.05142762000000002
1050 11 16 20 0.012373500000000004
1051 11 17 18 -0.011671000000000008
1052 11 17 19 -0.03436562000000001
1053 11 17 20 -0.024174000000000008
1054 11 18 19 0.008553880000000003
1055 11 18 20 -0.008245750000000001
1056 11 19 20 0.028297620000000013
1057 12 13 14 0.001371500000000001
1058 12 13 15 -0.012403500000000005
1059 12 13 16 -0.031527300000000015
1060 12 13 17 0.03177000000000001
1061 12 13 18 -0.021948000000000006
1062 12 13 19 -0.004296500000000001
1063 12 13 20 0.036763375000000015
1064 12 14 15 0.0381985
1065 12 14 16 -0.01804660000000001
1066 12 14 17 0.019901500000000006
1067 12 14 18 -0.015702500000000008
1068 12 14 19 -0.008184500000000004
1069 12 14 20 0.023181999999999998
1070 12 15 16 -0.016615000000000008
1071 12 15 17 0.03150150000000001
1072 12 15 18 -0.0013070000000000028
1073 12 15 19 -0.016263000000000003
1074 12 15 20 0.031419
1075 12 16 17 0.04953291000000002
1076 12 16 18 -0.006848500000000004
1077 12 16 19 -0.03881400000000002
1078 12 16 20 0.058754500000000015
1079 12 17 18 -0.07058750000000003
1080 12 17 19 -0.06986900000000003
1081 12 17 20 -0.025910000000000016
1082 12 18 19 0.03196700000000001
1083 12 18 20 0.04893475000000001
1084 12 19 20 0.06206500000000001
1085 13 14 15 0.05197350000000002
1086 13 14 16 0.014852200000000003
1087 13 14 17 -0.010497000000000005
1088 13 14 18 0.007617000000000001
1089 13 14 19 -0.0025165000000000027
1090 13 14 20 -0.012209875000000007
1091 13 15 16 0.0025088000000000007
1092 13 15 17 -0.012672000000000003
1093 13 15 18 0.008237500000000002
1094 13 15 19 -0.024370000000000006
1095 13 15 20 -0.017747875000000007
1096 13 16 17 -0.013764390000000007
1097 13 16 18 -0.016427800000000006
1098 13 16 19 -0.06604480000000003
1099 13 16 20 -0.009536175000000003
1100 13 17 18 -0.016869500000000003
1101 13 17 19 -0.03380250000000001
1102 13 17 20 -0.030903375000000007
1103 13 18 19 0.014315500000000004
1104 13 18 20 -0.009776625000000002
1105 13 19 20 0.021005125000000003
1106 14 15 16 0.039630100000000015
1107 14 15 17 0.04979850000000002
1108 14 15 18 0.052594000000000016
1109 14 15 19 0.030120000000000015
1110 14 15 20 0.04643550000000002
1111 14 16 17 0.011584810000000001
1112 14 16 18 -0.009192600000000004
1113 14 16 19 -0.048676100000000014
1114 14 16 20 0.01752590000000001
1115 14 17 18 -0.034983500000000015
1116 14 17 19 -0.04178300000000002
1117 14 17 20 -0.029190500000000005
1118 14 18 19 0.024449000000000012
1119 14 18 20 0.010050250000000005
1120 14 19 20 0.03069850000000001
1121 15 16 17 0.0014164099999999997
1122 15 16 18 -0.02215650000000001
1123 15 16 19 -0.03916600000000002
1124 15 16 20 0.0107205
1125 15 17 18 -0.03777900000000001
1126 15 17 19 -0.022104500000000013
1127 15 17 20 -0.02582750000000001
1128 15 18 19 0.04692300000000001
1129 15 18 20 0.016208750000000004
1130 15 19 20 0.014383000000000003
1131 16 17 18 -0.014206090000000005
1132 16 17 19 0.01847791000000001
1133 16 17 20 -0.03513159000000001
1134 16 18 19 0.06393250000000002
1135 16 18 20 -0.016668250000000006
1136 16 19 20 -0.03550350000000001
1137 17 18 19 0.031248500000000012
1138 17 18 20 0.004257250000000003
1139 17 19 20 0.018106000000000008
1140 18 19 20 0.04509725000000001
