l i j f[l]=f_ij g[l]=g_ij s[l]=s_ij h[l]=h_ij
1 1 2 -0.69315 -1.1715417499999996 0.47839175 -4.440892098500626e-16
2 1 3 0.31845 -0.5853270499999998 0.9037770500000001 -2.220446049250313e-16
3 2 3 0.19416 0.5862146999999999 -0.3920547 1.1102230246251565e-16
4 1 4 -1.5581 -0.6256879999999997 -0.9324120000000001 -2.220446049250313e-16
5 2 4 1.0498 0.54585375 0.50394625 0.0
6 3 4 2.220446049250313e-16 -0.04036094999999984 0.040360950000000194 -1.3183898417423734e-16
7 1 5 -0.47 -0.9051673999999996 0.43516740000000004 -4.440892098500626e-16
8 2 5 -0.074108 0.26637435 -0.34048235000000004 5.551115123125783e-17
9 3 5 -0.43078 -0.31984034999999983 -0.11093964999999995 -2.220446049250313e-16
10 4 5 -0.6131 -0.2794794 -0.33362060000000004 5.551115123125783e-17
11 1 6 -0.10536 -1.0181514499999997 0.91279145 -2.220446049250313e-16
12 2 6 -0.12516 0.15339029999999998 -0.27855030000000003 5.551115123125783e-17
13 3 6 -0.1466 -0.43282439999999983 0.28622439999999993 -1.1102230246251565e-16
14 4 6 -0.58779 -0.39246345 -0.19532655000000007 5.551115123125783e-17
15 5 6 0.53063 -0.11298405 0.64361405 0.0
16 1 7 -1.0116 -1.5614971999999996 0.5498972 -4.440892098500626e-16
17 2 7 -0.82668 -0.38995545 -0.43672455 0.0
18 3 7 -0.43532 -0.9761701499999997 0.5408501500000001 -4.440892098500626e-16
19 4 7 -1.1394 -0.9358092 -0.2035907999999999 0.0
20 5 7 -0.24116 -0.6563298 0.4151698000000001 -1.1102230246251565e-16
21 6 7 0.064539 -0.54334575 0.6078847500000001 -1.1102230246251565e-16
22 1 8 -1.4271 -1.5329283999999996 0.10582839999999996 -4.440892098500626e-16
23 2 8 -0.060625 -0.36138665 0.30076165 0.0
24 3 8 -0.49899 -0.9476013499999998 0.4486113499999999 -1.1102230246251565e-16
25 4 8 -1.3437 -0.9072404 -0.4364595999999999 -1.1102230246251565e-16
26 5 8 -0.865 -0.627761 -0.23723899999999998 0.0
27 6 8 -0.09531 -0.5147769499999999 0.41946694999999995 0.0
28 7 8 0.49644 0.028568800000000005 0.46787119999999993 5.551115123125783e-17
29 1 9 -1.8718 -1.3300205499999997 -0.5417794499999998 -2.220446049250313e-16
30 2 9 -0.65059 -0.15847880000000003 -0.4921112000000001 1.1102230246251565e-16
31 3 9 -0.83291 -0.7446934999999999 -0.08821650000000003 -1.1102230246251565e-16
32 4 9 -0.43532 -0.7043325500000001 0.2690125500000001 0.0
33 5 9 -0.45953 -0.42485315 -0.03467684999999999 0.0
34 6 9 -0.51083 -0.3118691 -0.19896090000000005 5.551115123125783e-17
35 7 9 0.91629 0.23147664999999995 0.68481335 1.1102230246251565e-16
36 8 9 0.40547 0.20290784999999995 0.20256215 5.551115123125783e-17
37 1 10 -1.9924 -1.5198866999999996 -0.4725133000000001 -2.220446049250313e-16
38 2 10 -0.53063 -0.34834495 -0.18228505000000012 5.551115123125783e-17
39 3 10 -0.45953 -0.9345596499999997 0.47502964999999997 -2.220446049250313e-16
40 4 10 -1.2993 -0.8941987 -0.4051013 1.1102230246251565e-16
41 5 10 -0.76214 -0.6147193 -0.14742070000000007 0.0
42 6 10 -1.2238 -0.50173525 -0.72206475 0.0
43 7 10 2.220446049250313e-16 0.041610499999999995 -0.04161049999999983 5.551115123125783e-17
44 8 10 0.45953 0.01304169999999999 0.44648829999999995 5.551115123125783e-17
45 9 10 -0.62861 -0.18986614999999996 -0.43874385000000005 0.0
46 1 11 -1.6422 -1.6042329999999996 -0.037967000000000105 -4.440892098500626e-16
47 2 11 -0.31015 -0.4326912499999999 0.12254125000000007 -1.6653345369377348e-16
48 3 11 -1.8563 -1.0189059499999997 -0.83739405 -4.440892098500626e-16
49 4 11 -0.74721 -0.9785449999999999 0.23133499999999999 -1.1102230246251565e-16
50 5 11 -0.73397 -0.6990656 -0.03490440000000001 0.0
51 6 11 0.26236 -0.5860815499999998 0.8484415500000001 -2.220446049250313e-16
52 7 11 0.40547 -0.042735799999999935 0.4482058 -5.551115123125783e-17
53 8 11 0.44183 -0.07130459999999994 0.5131346 -5.551115123125783e-17
54 9 11 -1.1632 -0.2742124499999999 -0.8889875500000001 -5.551115123125783e-17
55 10 11 -0.15415 -0.08434629999999993 -0.0698037 -8.326672684688674e-17
56 1 12 -1.8245 -1.6366199999999997 -0.18788000000000005 -2.220446049250313e-16
57 2 12 0.1431 -0.46507825 0.60817825 0.0
58 3 12 -1.5404 -1.05129295 -0.48910705000000004 0.0
59 4 12 -1.0498 -1.010932 -0.03886800000000007 0.0
60 5 12 -1.0561 -0.7314526 -0.32464740000000003 0.0
61 6 12 -0.40547 -0.61846855 0.21299855000000006 0.0
62 7 12 -0.10536 -0.07512280000000005 -0.030237200000000027 8.326672684688674e-17
63 8 12 -0.43078 -0.10369160000000005 -0.32708840000000006 1.1102230246251565e-16
64 9 12 2.220446049250313e-16 -0.30659945 0.3065994500000002 0.0
65 10 12 0.24512 -0.11673330000000004 0.3618533 5.551115123125783e-17
66 11 12 0.47957 -0.03238700000000011 0.511957 1.1102230246251565e-16
67 1 13 -0.63599 -1.4135711499999997 0.7775811499999999 -4.440892098500626e-16
68 2 13 0.22314 -0.24202939999999995 0.4651694000000001 -1.6653345369377348e-16
69 3 13 -1.0116 -0.8282440999999998 -0.18335590000000004 -2.220446049250313e-16
70 4 13 -1.5581 -0.78788315 -0.77021685 -1.1102230246251565e-16
71 5 13 -1.1896 -0.5084037499999999 -0.6811962499999998 -2.220446049250313e-16
72 6 13 -0.865 -0.39541969999999993 -0.46958030000000006 0.0
73 7 13 -0.054067 0.14792605 -0.20199305000000006 5.551115123125783e-17
74 8 13 0.69315 0.11935725 0.57379275 8.326672684688674e-17
75 9 13 -0.064539 -0.08355059999999993 0.019011600000000017 -8.326672684688674e-17
76 10 13 0.080043 0.10631555000000001 -0.02627255 0.0
77 11 13 0.16705 0.19066184999999994 -0.02361185 5.551115123125783e-17
78 12 13 0.16705 0.22304885000000005 -0.05599885 -2.7755575615628914e-17
79 1 14 -1.6864 -1.1863853499999997 -0.5000146499999999 -4.440892098500626e-16
80 2 14 1.204 -0.014843599999999985 1.2188435999999998 1.3877787807814457e-16
81 3 14 -0.64185 -0.6010582999999998 -0.04079170000000004 -2.220446049250313e-16
82 4 14 0.61904 -0.56069735 1.17973735 1.1102230246251565e-16
83 5 14 0.068993 -0.28121795 0.35021095 -5.551115123125783e-17
84 6 14 0.37949 -0.1682339 0.5477239 -5.551115123125783e-17
85 7 14 0.63599 0.37511184999999997 0.26087815000000003 5.551115123125783e-17
86 8 14 0.78846 0.34654304999999996 0.4419169500000001 0.0
87 9 14 -0.10536 0.14363520000000005 -0.24899520000000006 2.7755575615628914e-17
88 10 14 -0.54654 0.33350135 -0.8800413499999999 -5.551115123125783e-17
89 11 14 0.10536 0.4178476499999999 -0.31248765000000017 2.7755575615628914e-16
90 12 14 0.51083 0.45023465 0.06059535 0.0
91 13 14 0.60614 0.2271858 0.3789542 0.0
92 1 15 -1.5261 -1.4475889999999996 -0.078511 -4.440892098500626e-16
93 2 15 -0.31015 -0.27604724999999997 -0.03410274999999999 0.0
94 3 15 -1.1527 -0.8622619499999998 -0.2904380500000001 -1.1102230246251565e-16
95 4 15 -0.82668 -0.821901 -0.004778999999999963 0.0
96 5 15 0.40547 -0.5424216 0.9478916000000001 -1.1102230246251565e-16
97 6 15 0.26236 -0.42943754999999995 0.6917975500000001 -1.6653345369377348e-16
98 7 15 0.74194 0.11390819999999999 0.6280318 2.7755575615628914e-17
99 8 15 -0.40547 0.08533939999999998 -0.49080940000000006 8.326672684688674e-17
100 9 15 0.42744 -0.11756844999999995 0.54500845 -4.163336342344337e-17
101 10 15 0.52609 0.07229769999999999 0.45379230000000004 -8.326672684688674e-17
102 11 15 0.47 0.15664399999999992 0.313356 2.7755575615628914e-17
103 12 15 -0.16705 0.18903100000000003 -0.356081 -5.551115123125783e-17
104 13 15 -0.81093 -0.034017850000000016 -0.7769121500000002 2.220446049250313e-16
105 14 15 0.57536 -0.26120365 0.8365636499999999 1.1102230246251565e-16
106 1 16 -1.7918 -0.8838294499999997 -0.90797055 -3.3306690738754696e-16
107 2 16 -0.94446 0.2877122999999999 -1.2321723 1.1102230246251565e-16
108 3 16 0.33647 -0.2985023999999999 0.6349724 -1.1102230246251565e-16
109 4 16 -1.3863 -0.25814145000000005 -1.1281585500000002 1.6653345369377348e-16
110 5 16 -1.5755 0.02133794999999994 -1.59683795 2.220446049250313e-16
111 6 16 0.8473 0.13432199999999994 0.7129780000000001 0.0
112 7 16 0.57536 0.6776677499999999 -0.10230775000000003 1.1102230246251565e-16
113 8 16 0.40547 0.64909895 -0.24362894999999996 0.0
114 9 16 0.64185 0.44619109999999995 0.1956589 1.1102230246251565e-16
115 10 16 0.087011 0.6360572499999999 -0.54904625 0.0
116 11 16 1.2809 0.7204035499999999 0.56049645 0.0
117 12 16 2.0794 0.75279055 1.3266094500000003 -1.1102230246251565e-16
118 13 16 0.61904 0.5297416999999999 0.0892983000000001 1.1102230246251565e-16
119 14 16 0.76214 0.30255589999999993 0.4595841000000002 -1.1102230246251565e-16
120 15 16 0.99853 0.5637595499999999 0.4347704500000002 0.0
121 1 17 -1.1527 -1.0271834999999996 -0.12551650000000006 -4.440892098500626e-16
122 2 17 0.27193 0.14435824999999997 0.12757175 2.7755575615628914e-17
123 3 17 -0.64185 -0.44185644999999985 -0.19999355000000002 -1.6653345369377348e-16
124 4 17 0.22314 -0.4014955 0.6246354999999999 1.1102230246251565e-16
125 5 17 -0.91629 -0.12201610000000002 -0.7942739000000001 5.551115123125783e-17
126 6 17 -0.91629 -0.009032050000000014 -0.90725795 -5.551115123125783e-17
127 7 17 0.34831 0.5343137 -0.18600370000000008 1.1102230246251565e-16
128 8 17 0.37469 0.5057448999999999 -0.1310549 1.1102230246251565e-16
129 9 17 0.69315 0.30283705 0.39031295000000005 0.0
130 10 17 0.59784 0.49270319999999995 0.10513680000000004 5.551115123125783e-17
131 11 17 0.20764 0.5770494999999999 -0.3694095 1.1102230246251565e-16
132 12 17 0.16252 0.6094364999999999 -0.4469165 0.0
133 13 17 0.37949 0.38638764999999997 -0.006897649999999996 0.0
134 14 17 0.53063 0.15920184999999998 0.37142815 5.551115123125783e-17
135 15 17 0.48551 0.4204055 0.06510449999999993 1.1102230246251565e-16
136 16 17 -0.43532 -0.14335404999999996 -0.2919659499999999 -1.1102230246251565e-16
137 1 18 -1.2238 -1.6754435999999995 0.4516436 -4.440892098500626e-16
138 2 18 -0.43532 -0.5039018499999999 0.06858185000000004 -1.1102230246251565e-16
139 3 18 -0.064539 -1.0901165499999999 1.0255775500000002 -2.220446049250313e-16
140 4 18 -0.96508 -1.0497556 0.08467559999999999 -2.220446049250313e-16
141 5 18 -0.080043 -0.7702761999999999 0.6902332 -1.1102230246251565e-16
142 6 18 -0.87547 -0.65729215 -0.21817784999999998 0.0
143 7 18 -0.47 -0.11394639999999995 -0.3560536 0.0
144 8 18 -0.69315 -0.14251519999999995 -0.5506348000000002 1.1102230246251565e-16
145 9 18 -0.64185 -0.3454230499999999 -0.29642694999999997 -1.6653345369377348e-16
146 10 18 -0.61904 -0.15555689999999994 -0.46348310000000015 5.551115123125783e-17
147 11 18 -0.48551 -0.07121060000000001 -0.41429940000000004 5.551115123125783e-17
148 12 18 0.37469 -0.0388235999999999 0.4135136000000001 -1.6653345369377348e-16
149 13 18 -0.04879 -0.2618724499999999 0.21308245 -1.1102230246251565e-16
150 14 18 -0.47 -0.4890582499999999 0.019058250000000016 -5.551115123125783e-17
151 15 18 0.99853 -0.22785459999999993 1.2263846 -8.326672684688674e-17
152 16 18 -0.865 -0.7916141499999998 -0.07338585000000003 -2.220446049250313e-16
153 17 18 -1.5686 -0.6482600999999999 -0.9203399 -1.1102230246251565e-16
154 1 19 -1.9095 -1.5196680999999996 -0.3898319 -4.440892098500626e-16
155 2 19 0.057158 -0.34812635000000003 0.40528435 0.0
156 3 19 -1.204 -0.9343410499999998 -0.26965895000000006 -1.1102230246251565e-16
157 4 19 -0.45953 -0.8939801 0.4344501 0.0
158 5 19 -0.38566 -0.6145007 0.22884069999999992 1.1102230246251565e-16
159 6 19 -1.7047 -0.50151665 -1.2031833500000002 1.1102230246251565e-16
160 7 19 2.220446049250313e-16 0.04182909999999995 -0.04182909999999985 1.1796119636642288e-16
161 8 19 0.60614 0.013260299999999947 0.5928797000000001 -5.551115123125783e-17
162 9 19 0.20067 -0.18964755 0.39031754999999996 2.7755575615628914e-17
163 10 19 0.12516 0.00021859999999995772 0.12494139999999998 5.551115123125783e-17
164 11 19 -0.22314 0.08456489999999989 -0.30770490000000006 1.6653345369377348e-16
165 12 19 0.82668 0.1169519 0.7097281 0.0
166 13 19 -0.24116 -0.10609695000000005 -0.13506305000000002 5.551115123125783e-17
167 14 19 0.22314 -0.33328275 0.55642275 5.551115123125783e-17
168 15 19 0.24116 -0.07207910000000003 0.31323909999999994 1.1102230246251565e-16
169 16 19 -2.1041 -0.63583865 -1.46826135 0.0
170 17 19 -0.96508 -0.4924846 -0.47259540000000005 0.0
171 18 19 0.79851 0.1557754999999999 0.6427345000000001 5.551115123125783e-17
172 1 20 -1.9459 -1.5052183499999998 -0.44068165 -2.220446049250313e-16
173 2 20 -0.28768 -0.33367660000000005 0.045996600000000006 5.551115123125783e-17
174 3 20 -1.3499 -0.9198912999999999 -0.43000870000000024 0.0
175 4 20 -0.57536 -0.87953035 0.3041703500000001 0.0
176 5 20 -0.37469 -0.60005095 0.22536095000000003 -1.1102230246251565e-16
177 6 20 0.55962 -0.4870669 1.0466869 -5.551115123125783e-17
178 7 20 2.220446049250313e-16 0.056278849999999936 -0.05627884999999981 9.71445146547012e-17
179 8 20 0.068993 0.02771004999999993 0.041282949999999985 8.326672684688674e-17
180 9 20 -0.34831 -0.17519780000000001 -0.1731122 0.0
181 10 20 -0.53063 0.014668349999999941 -0.54529835 5.551115123125783e-17
182 11 20 0.43532 0.09901464999999987 0.33630534999999995 1.6653345369377348e-16
183 12 20 -0.91629 0.13140164999999998 -1.0476916500000002 1.6653345369377348e-16
184 13 20 -0.43078 -0.09164720000000007 -0.3391328 8.326672684688674e-17
185 14 20 -0.10536 -0.31883300000000003 0.213473 5.551115123125783e-17
186 15 20 0.28768 -0.05762935000000005 0.34530935000000007 -2.7755575615628914e-17
187 16 20 -0.13353 -0.6213888999999999 0.4878589 -1.1102230246251565e-16
188 17 20 -0.8602 -0.47803485 -0.38216515000000006 1.1102230246251565e-16
189 18 20 0.42744 0.17022524999999988 0.25721475 1.1102230246251565e-16
190 19 20 0.12516 0.014449749999999983 0.11071024999999998 2.7755575615628914e-17
