t i j k u[t]=u_ijk
1 1 2 3 -0.027178999999999995
2 1 2 4 0.07376100000000001
3 1 2 5 0.044742950000000004
4 1 2 6 0.003628500000000007
5 1 2 7 -0.0214205
6 1 2 8 0.018032999999999997
7 1 2 9 0.0015280000000000016
8 1 2 10 0.0448365
9 1 2 11 -0.008633500000000006
10 1 2 12 0.0448825
11 1 2 13 0.0356922
12 1 2 14 0.044643
13 1 2 15 0.0012605000000000006
14 1 2 16 0.016046000000000005
15 1 2 17 0.013360499999999997
16 1 2 18 0.028017
17 1 2 19 0.02294299999999999
18 1 2 20 0.018971500000000006
19 1 3 4 0.0786905
20 1 3 5 0.0653295
21 1 3 6 0.009213
22 1 3 7 0.011200500000000002
23 1 3 8 0.07246999999999999
24 1 3 9 0.039883999999999996
25 1 3 10 0.051150499999999995
26 1 3 11 0.011150499999999985
27 1 3 12 0.04468049999999999
28 1 3 13 0.025795499999999996
29 1 3 14 0.05674649999999999
30 1 3 15 -0.022214500000000015
31 1 3 16 0.0681005
32 1 3 17 0.0685835
33 1 3 18 0.042690499999999985
34 1 3 19 0.03896049999999999
35 1 3 20 0.0105155
36 1 4 5 -0.015798999999999997
37 1 4 6 -0.023449499999999998
38 1 4 7 -0.026295500000000003
39 1 4 8 -0.08325500000000001
40 1 4 9 0.0026204999999999996
41 1 4 10 -0.03468
42 1 4 11 -0.05659000000000001
43 1 4 12 0.0123515
44 1 4 13 -0.0349
45 1 4 14 -0.030132000000000003
46 1 4 15 -0.044175
47 1 4 16 -0.01067
48 1 4 17 0.0228295
49 1 4 18 -0.022045000000000006
50 1 4 19 -0.007585000000000008
51 1 4 20 -0.043989999999999994
52 1 5 6 -0.031792
53 1 5 7 -0.027458050000000005
54 1 5 8 -0.021198000000000005
55 1 5 9 -0.024193500000000003
56 1 5 10 -0.0050300000000000015
57 1 5 11 -0.02424150000000001
58 1 5 12 -0.003346000000000005
59 1 5 13 -0.044440000000000014
60 1 5 14 -0.008544500000000005
61 1 5 15 -0.0313005
62 1 5 16 -0.013120000000000012
63 1 5 17 -0.008167000000000008
64 1 5 18 -0.006825000000000006
65 1 5 19 0.021836799999999986
66 1 5 20 -0.0125385
67 1 6 7 0.026031
68 1 6 8 0.0020839999999999973
69 1 6 9 -0.00015100000000000115
70 1 6 10 0.016828999999999993
71 1 6 11 0.0428155
72 1 6 12 0.065181
73 1 6 13 0.020987999999999996
74 1 6 14 0.029536
75 1 6 15 -0.0025810000000000004
76 1 6 16 0.0713305
77 1 6 17 0.018460999999999995
78 1 6 18 0.0027839999999999974
79 1 6 19 0.03361899999999999
80 1 6 20 0.036074499999999995
81 1 7 8 0.03256849999999999
82 1 7 9 0.038856999999999996
83 1 7 10 0.057976150000000004
84 1 7 11 -0.0024610000000000066
85 1 7 12 0.0717265
86 1 7 13 -0.007564000000000005
87 1 7 14 -0.018003500000000006
88 1 7 15 0.01334525
89 1 7 16 0.06477245
90 1 7 17 0.013109799999999994
91 1 7 18 0.0053534999999999945
92 1 7 19 0.05996449999999999
93 1 7 20 0.008829500000000002
94 1 8 9 -0.004396499999999998
95 1 8 10 0.037678
96 1 8 11 0.03509350000000001
97 1 8 12 0.018656500000000003
98 1 8 13 0.006290800000000003
99 1 8 14 0.023031500000000007
100 1 8 15 -0.016357999999999998
101 1 8 16 0.04650895000000001
102 1 8 17 0.019278000000000003
103 1 8 18 0.0127835
104 1 8 19 0.0358084
105 1 8 20 0.016745950000000006
106 1 9 10 -0.0075650000000000005
107 1 9 11 -0.024273000000000006
108 1 9 12 0.0701105
109 1 9 13 -0.036681000000000005
110 1 9 14 0.014506000000000003
111 1 9 15 -0.007145999999999998
112 1 9 16 0.06780850000000001
113 1 9 17 0.006433999999999999
114 1 9 18 0.006180499999999998
115 1 9 19 0.026672999999999995
116 1 9 20 0.003479500000000005
117 1 10 11 -0.06762750000000002
118 1 10 12 0.008503499999999995
119 1 10 13 0.036934999999999996
120 1 10 14 -0.085646
121 1 10 15 -0.03719900000000001
122 1 10 16 -0.022983500000000004
123 1 10 17 0.00341999999999999
124 1 10 18 0.007368999999999993
125 1 10 19 0.011185499999999987
126 1 10 20 -0.07409500000000001
127 1 11 12 0.073328
128 1 11 13 -0.021002
129 1 11 14 -0.021762999999999998
130 1 11 15 0.016687000000000004
131 1 11 16 0.07683000000000001
132 1 11 17 0.052840000000000005
133 1 11 18 0.0028545000000000016
134 1 11 19 0.05455249999999999
135 1 11 20 0.009879500000000008
136 1 12 13 -0.013330499999999999
137 1 12 14 -0.04922100000000001
138 1 12 15 -0.07210699999999999
139 1 12 16 0.08897500000000001
140 1 12 17 -0.062662
141 1 12 18 -0.01639975
142 1 12 19 0.008345999999999994
143 1 12 20 -0.08843000000000001
144 1 13 14 -0.0057789999999999985
145 1 13 15 -0.021733499999999996
146 1 13 16 0.082206
147 1 13 17 0.0321305
148 1 13 18 4.049999999999887e-5
149 1 13 19 0.019598999999999995
150 1 13 20 -0.019801
151 1 14 15 0.010741500000000003
152 1 14 16 0.035373
153 1 14 17 0.013015999999999998
154 1 14 18 -0.020659500000000004
155 1 14 19 0.0433096
156 1 14 20 -0.04179499999999999
157 1 15 16 0.0773875
158 1 15 17 0.028661999999999997
159 1 15 18 0.0175975
160 1 15 19 0.0718915
161 1 15 20 0.0413685
162 1 16 17 -0.0023115000000000054
163 1 16 18 -0.05426150000000001
164 1 16 19 -0.04516600000000001
165 1 16 20 0.0014395000000000048
166 1 17 18 -0.06539
167 1 17 19 0.033640949999999996
168 1 17 20 -0.03154499999999999
169 1 18 19 0.03740899999999999
170 1 18 20 0.0001161500000000074
171 1 19 20 -0.02171109999999999
172 2 3 4 -0.0222495
173 2 3 5 -0.006592450000000001
174 2 3 6 -0.021594500000000003
175 2 3 7 0.0054420000000000145
176 2 3 8 0.027258000000000004
177 2 3 9 0.011177
178 2 3 10 -0.020864999999999988
179 2 3 11 -0.007395000000000008
180 2 3 12 -0.027381
181 2 3 13 -0.0370757
182 2 3 14 -0.015075499999999997
183 2 3 15 -0.05065400000000002
184 2 3 16 0.024875499999999995
185 2 3 17 0.028044000000000003
186 2 3 18 -0.012505500000000003
187 2 3 19 -0.011161499999999993
188 2 3 20 -0.035635
189 2 4 5 0.01321905
190 2 4 6 0.046682999999999995
191 2 4 7 0.068886
192 2 4 8 -0.027527000000000003
193 2 4 9 0.07485349999999999
194 2 4 10 -0.005755500000000002
195 2 4 11 0.025804499999999998
196 2 4 12 0.041229999999999996
197 2 4 13 0.0031688000000000055
198 2 4 14 -0.0010140000000000038
199 2 4 15 0.028325500000000007
200 2 4 16 0.04704499999999999
201 2 4 17 0.08323
202 2 4 18 0.023698999999999994
203 2 4 19 0.043233
204 2 4 20 0.010799499999999995
205 2 5 6 0.00932245
206 2 5 7 0.0387054
207 2 5 8 0.005511950000000001
208 2 5 9 0.01902145
209 2 5 10 -0.005123549999999999
210 2 5 11 0.029134950000000003
211 2 5 12 -0.0034855499999999983
212 2 5 13 -0.035389250000000004
213 2 5 14 -0.00844455
214 2 5 15 0.012181950000000004
215 2 5 16 0.01557694999999999
216 2 5 17 0.023215450000000002
217 2 5 18 0.00990095
218 2 5 19 0.043636749999999995
219 2 5 20 0.013232950000000004
220 2 6 7 0.05108
221 2 6 8 -0.012320499999999991
222 2 6 9 0.0019495000000000042
223 2 6 10 -0.02437900000000001
224 2 6 11 0.055077500000000015
225 2 6 12 0.023927000000000004
226 2 6 13 -0.011075699999999996
227 2 6 14 -0.011478499999999997
228 2 6 15 -0.00021299999999999653
229 2 6 16 0.058913000000000014
230 2 6 17 0.008729000000000004
231 2 6 18 -0.021604499999999992
232 2 6 19 0.014304499999999998
233 2 6 20 0.020731500000000003
234 2 7 8 -0.006885
235 2 7 9 0.0159085
236 2 7 10 -0.00828085
237 2 7 11 -0.015248000000000001
238 2 7 12 0.005423499999999998
239 2 7 13 -0.0646767
240 2 7 14 -0.084067
241 2 7 15 -0.00933575
242 2 7 16 0.027305949999999996
243 2 7 17 -0.0216712
244 2 7 18 -0.044084000000000005
245 2 7 19 0.015600999999999999
246 2 7 20 -0.0315625
247 2 8 9 0.012108499999999996
248 2 8 10 0.0108745
249 2 8 11 0.06176000000000001
250 2 8 12 -0.008193
251 2 8 13 -0.0113684
252 2 8 14 -0.0035784999999999957
253 2 8 15 0.000414500000000001
254 2 8 16 0.048495949999999996
255 2 8 17 0.0239505
256 2 8 18 0.0027994999999999995
257 2 8 19 0.030898400000000006
258 2 8 20 0.01580745
259 2 9 10 -0.050873499999999995
260 2 9 11 -0.014111499999999997
261 2 9 12 0.026756000000000002
262 2 9 13 -0.0708452
263 2 9 14 -0.028609
264 2 9 15 -0.006878499999999997
265 2 9 16 0.0532905
266 2 9 17 -0.005398499999999998
267 2 9 18 -0.0203085
268 2 9 19 0.005258000000000002
269 2 9 20 -0.013963999999999996
270 2 10 11 -0.0141575
271 2 10 12 0.0084575
272 2 10 13 0.046079300000000004
273 2 10 14 -0.0854525
274 2 10 15 0.006377
275 2 10 16 0.005806999999999994
276 2 10 17 0.034895999999999996
277 2 10 18 0.024188499999999995
278 2 10 19 0.033079
279 2 10 20 -0.04823
280 2 11 12 0.019811999999999996
281 2 11 13 -0.0653277
282 2 11 14 -0.07503950000000001
283 2 11 15 0.0067929999999999996
284 2 11 16 0.052150499999999995
285 2 11 17 0.030845999999999995
286 2 11 18 -0.03379600000000001
287 2 11 19 0.022976
288 2 11 20 -0.0177255
289 2 12 13 -0.004140199999999999
290 2 12 14 -0.048981500000000004
291 2 12 15 -0.028484999999999993
292 2 12 16 0.1178115
293 2 12 17 -0.031140000000000004
294 2 12 18 0.00046575000000000023
295 2 12 19 0.0302855
296 2 12 20 -0.062519
297 2 13 14 -0.014729799999999998
298 2 13 15 0.012698200000000003
299 2 13 16 0.10185219999999999
300 2 13 17 0.0544622
301 2 13 18 0.007715700000000001
302 2 13 19 0.032348199999999994
303 2 13 20 -0.003080300000000003
304 2 14 15 0.054124000000000005
305 2 14 16 0.06397
306 2 14 17 0.044298500000000005
307 2 14 18 -0.0040335000000000015
308 2 14 19 0.0650096
309 2 14 20 -0.016123499999999992
310 2 15 16 0.06260199999999999
311 2 15 17 0.016561999999999997
312 2 15 18 -0.009159000000000002
313 2 15 19 0.050209
314 2 15 20 0.0236575
315 2 16 17 0.0003740000000000021
316 2 16 18 -0.0662325
317 2 16 19 -0.05206299999999999
318 2 16 20 -0.001485999999999993
319 2 17 18 -0.0800465
320 2 17 19 0.02405845
321 2 17 20 -0.037155999999999995
322 2 18 19 0.042483
323 2 18 20 0.009161650000000004
324 2 19 20 -0.017739599999999998
325 3 4 5 -0.0024379999999999957
326 3 4 6 0.046028000000000006
327 3 4 7 0.0411945
328 3 4 8 -0.07703449999999999
329 3 4 9 0.041427
330 3 4 10 -0.007140000000000003
331 3 4 11 0.010950000000000003
332 3 4 12 0.046361500000000014
333 3 4 13 0.017995000000000008
334 3 4 14 -0.008188
335 3 4 15 0.05673
336 3 4 16 -8.00000000000023e-5
337 3 4 17 0.03293650000000001
338 3 4 18 0.013955000000000007
339 3 4 19 0.032145
340 3 4 20 0.024185000000000005
341 3 5 6 0.0243245
342 3 5 7 0.026670949999999992
343 3 5 8 -0.0283385
344 3 5 9 0.0012520000000000003
345 3 5 10 0.009148999999999996
346 3 5 11 0.02993750000000001
347 3 5 12 0.017303000000000002
348 3 5 13 -0.004906000000000005
349 3 5 14 3.849999999999826e-5
350 3 5 15 0.0562435
351 3 5 16 -0.015891000000000013
352 3 5 17 -0.011421000000000004
353 3 5 18 0.015814000000000005
354 3 5 19 0.0482058
355 3 5 20 0.0422755
356 3 6 7 0.0240435
357 3 6 8 -0.061173000000000005
358 3 6 9 -0.030821999999999995
359 3 6 10 -0.025108500000000013
360 3 6 11 0.040878000000000005
361 3 6 12 0.029713500000000014
362 3 6 13 0.004405500000000001
363 3 6 14 -0.0179975
364 3 6 15 0.02884650000000002
365 3 6 16 0.012442999999999997
366 3 6 17 -0.0409095
367 3 6 18 -0.03069349999999999
368 3 6 19 0.0038714999999999947
369 3 6 20 0.034772
370 3 7 8 -0.028700999999999994
371 3 7 9 0.010173500000000007
372 3 7 10 0.018026150000000005
373 3 7 11 -0.00241099999999999
374 3 7 12 0.03824650000000001
375 3 7 13 -0.022158999999999995
376 3 7 14 -0.0635495
377 3 7 15 0.04676025000000001
378 3 7 16 0.007872450000000003
379 3 7 17 -0.04427319999999999
380 3 7 18 -0.026136499999999993
381 3 7 19 0.032204500000000004
382 3 7 20 0.009514500000000004
383 3 8 9 0.028189500000000003
384 3 8 10 0.058997499999999994
385 3 8 11 0.09641300000000001
386 3 8 12 0.046446
387 3 8 13 0.0529653
388 3 8 14 0.038755000000000005
389 3 8 15 0.07832650000000001
390 3 8 16 0.05087845
391 3 8 17 0.0231645
392 3 8 18 0.042563000000000004
393 3 8 19 0.0693179
394 3 8 20 0.07870045
395 3 9 10 -0.018831500000000008
396 3 9 11 0.0044605000000000035
397 3 9 12 0.06531400000000001
398 3 9 13 -0.022592500000000005
399 3 9 14 -0.0023565
400 3 9 15 0.054952500000000015
401 3 9 16 0.039591999999999995
402 3 9 17 -0.022265500000000004
403 3 9 18 0.0033740000000000024
404 3 9 19 0.027596499999999996
405 3 9 20 0.032848
406 3 10 11 -0.027627499999999996
407 3 10 12 0.014973500000000006
408 3 10 13 0.062290000000000005
409 3 10 14 -0.091242
410 3 10 15 0.03616600000000001
411 3 10 16 -0.039933500000000004
412 3 10 17 -0.014012999999999998
413 3 10 18 0.015829000000000003
414 3 10 19 0.023375499999999997
415 3 10 20 -0.033460000000000004
416 3 11 12 0.039798
417 3 11 13 -0.03564700000000001
418 3 11 14 -0.067359
419 3 11 15 0.050052000000000006
420 3 11 16 0.019879999999999995
421 3 11 17 -0.004593000000000003
422 3 11 18 -0.0286855
423 3 11 19 0.026742499999999992
424 3 11 20 0.010514499999999993
425 3 12 13 0.0055544999999999995
426 3 12 14 -0.061286999999999994
427 3 12 15 -0.005211999999999989
428 3 12 16 0.065555
429 3 12 17 -0.08656500000000002
430 3 12 18 -0.014409749999999997
431 3 12 19 0.014065999999999997
432 3 12 20 -0.054265000000000015
433 3 13 14 -0.03673
434 3 13 15 0.026276500000000015
435 3 13 16 0.039901
436 3 13 17 -0.010657499999999999
437 3 13 18 -0.016854499999999994
438 3 13 19 0.006433999999999999
439 3 13 20 -0.004521000000000003
440 3 14 15 0.08970250000000002
441 3 14 16 0.024018999999999995
442 3 14 17 0.0011789999999999995
443 3 14 18 -0.006603499999999996
444 3 14 19 0.06109560000000001
445 3 14 20 0.004436000000000007
446 3 15 16 -0.012927500000000014
447 3 15 17 -0.06213600000000002
448 3 15 18 -0.047307500000000016
449 3 15 19 0.010716499999999985
450 3 15 20 0.008638499999999988
451 3 16 17 -0.002794499999999994
452 3 16 18 -0.028851499999999992
453 3 16 19 -0.016026000000000002
454 3 16 20 0.0590245
455 3 17 18 -0.039497
456 3 17 19 0.06326394999999999
457 3 17 20 0.026522999999999998
458 3 18 19 0.041138999999999995
459 3 18 20 0.03229115
460 3 19 20 0.006733900000000002
461 4 5 6 -0.024141499999999996
462 4 5 7 -0.01696155
463 4 5 8 0.046258
464 4 5 9 -0.042613000000000005
465 4 5 10 0.013851000000000002
466 4 5 11 0.0165495
467 4 5 12 -0.031496500000000004
468 4 5 13 -0.02533900000000001
469 4 5 14 0.005788500000000004
470 4 5 15 -0.002924500000000002
471 4 5 16 -0.018249000000000005
472 4 5 17 -0.0467955
473 4 5 18 -0.000578999999999999
474 4 5 19 0.0136228
475 4 5 20 0.0156525
476 4 6 7 0.028877000000000007
477 4 6 8 0.06188950000000001
478 4 6 9 -0.026220999999999994
479 4 6 10 0.028059500000000005
480 4 6 11 0.07595600000000001
481 4 6 12 0.029380000000000003
482 4 6 13 0.0324385
483 4 6 14 0.036218500000000015
484 4 6 15 0.018144500000000008
485 4 6 16 0.058551000000000006
486 4 6 17 -0.027818000000000002
487 4 6 18 0.0013795000000000114
488 4 6 19 0.017754499999999996
489 4 6 20 0.056615000000000006
490 4 7 8 0.08952800000000001
491 4 7 9 0.009941
492 4 7 10 0.06636065000000002
493 4 7 11 0.0278335
494 4 7 12 0.0330795
495 4 7 13 0.0010404999999999943
496 4 7 14 -0.014167
497 4 7 15 0.031224749999999996
498 4 7 16 0.04914695
499 4 7 17 -0.036015200000000004
500 4 7 18 0.0011029999999999985
501 4 7 19 0.041254
502 4 7 20 0.026523999999999995
503 4 8 9 -0.09027199999999999
504 4 8 10 -0.010896999999999997
505 4 8 11 0.008428500000000005
506 4 8 12 -0.07695000000000002
507 4 8 13 -0.0420642
508 4 8 14 -0.030091499999999993
509 4 8 15 -0.055438
510 4 8 16 -0.026076049999999996
511 4 8 17 -0.08680649999999998
512 4 8 18 -0.0484265
513 4 8 19 -0.0398616
514 4 8 20 -0.022519050000000002
515 4 9 10 0.029735500000000005
516 4 9 11 0.03493750000000001
517 4 9 12 0.060379499999999996
518 4 9 13 0.0008394999999999931
519 4 9 14 0.0472585
520 4 9 15 0.039649500000000004
521 4 9 16 0.08109900000000002
522 4 9 17 -0.013775
523 4 9 18 0.030845999999999995
524 4 9 19 0.036878499999999995
525 4 9 20 0.05009
526 4 10 11 -0.04571750000000001
527 4 10 12 -0.038528000000000014
528 4 10 13 0.037154999999999994
529 4 10 14 -0.090194
530 4 10 15 -0.027704000000000006
531 4 10 16 -0.0469935
532 4 10 17 -0.054089500000000006
533 4 10 18 -0.005266000000000004
534 4 10 19 -0.015909500000000004
535 4 10 20 -0.06478500000000001
536 4 11 12 0.004386499999999993
537 4 11 13 -0.04269200000000001
538 4 11 14 -0.04822100000000001
539 4 11 15 0.004271999999999995
540 4 11 16 0.03091
541 4 11 17 -0.0265795
542 4 11 18 -0.0316905
543 4 11 19 0.005547499999999994
544 4 11 20 -0.0027205000000000037
545 4 12 13 0.033921
546 4 12 14 -0.006737499999999995
547 4 12 15 -0.015580499999999997
548 4 12 16 0.11199650000000001
549 4 12 17 -0.07314000000000001
550 4 12 18 0.017996750000000006
551 4 12 19 0.028282500000000002
552 4 12 20 -0.032088500000000006
553 4 13 14 -0.010546999999999992
554 4 13 15 -0.012458499999999999
555 4 13 16 0.05797600000000001
556 4 13 17 -0.02559899999999999
557 4 13 18 -0.012814499999999998
558 4 13 19 -0.007715999999999998
559 4 13 20 -0.010711
560 4 14 15 0.024784499999999998
561 4 14 16 0.015910999999999998
562 4 14 17 -0.0399455
563 4 14 18 -0.028746500000000005
564 4 14 19 0.020762599999999996
565 4 14 20 -0.027937
566 4 15 16 0.043882500000000005
567 4 15 17 -0.0383425
568 4 15 18 -0.004532499999999999
569 4 15 19 0.0353015
570 4 15 20 0.041183500000000005
571 4 16 17 -0.035811
572 4 16 18 -0.0428865
573 4 16 19 -0.04825100000000001
574 4 16 20 0.0347595
575 4 17 18 -0.02051550000000001
576 4 17 19 0.06405545
577 4 17 20 0.0352745
578 4 18 19 0.022948999999999997
579 4 18 20 0.02206115
580 4 19 20 0.014693900000000001
581 5 6 7 0.02169705
582 5 6 8 -0.008509999999999995
583 5 6 9 -0.007749499999999999
584 5 6 10 -0.009933000000000003
585 5 6 11 0.035265000000000005
586 5 6 12 0.036735000000000004
587 5 6 13 0.03363600000000001
588 5 6 14 0.006288500000000003
589 5 6 15 -0.0030724999999999893
590 5 6 16 0.05265850000000001
591 5 6 17 -0.005163999999999997
592 5 6 18 -0.022182999999999998
593 5 6 19 -0.020009799999999994
594 5 6 20 0.016821
595 5 7 8 0.02630845
596 5 7 9 0.03559245
597 5 7 10 0.0355481
598 5 7 11 -0.00567755
599 5 7 12 0.047614449999999996
600 5 7 13 0.009417950000000003
601 5 7 14 -0.03691705
602 5 7 15 0.017187700000000004
603 5 7 16 0.050434400000000004
604 5 7 17 -0.00618125
605 5 7 18 -0.015279550000000001
606 5 7 19 0.010669650000000001
607 5 7 20 -0.0060900500000000005
608 5 8 9 -0.0014010000000000006
609 5 8 10 0.02151
610 5 8 11 0.038137
611 5 8 12 0.0008044999999999998
612 5 8 13 0.029532800000000005
613 5 8 14 0.010378000000000002
614 5 8 15 -0.006255499999999999
615 5 8 16 0.038430950000000005
616 5 8 17 0.006247
617 5 8 18 -0.0015895000000000009
618 5 8 19 -0.007226399999999999
619 5 8 20 0.008086450000000002
620 5 9 10 -0.026728500000000002
621 5 9 11 -0.024225
622 5 9 12 0.04926300000000001
623 5 9 13 -0.0164345
624 5 9 14 -0.0011429999999999997
625 5 9 15 -3.899999999999807e-5
626 5 9 16 0.056735
627 5 9 17 -0.009592499999999999
628 5 9 18 -0.011188000000000002
629 5 9 19 -0.0193573
630 5 9 20 -0.0081755
631 5 10 11 -0.04841600000000001
632 5 10 12 0.006819499999999998
633 5 10 13 0.076345
634 5 10 14 -0.0821315
635 5 10 15 -0.0109285
636 5 10 16 -0.014893499999999997
637 5 10 17 0.006556999999999997
638 5 10 18 0.009163999999999995
639 5 10 19 -0.0156813
640 5 10 20 -0.0665865
641 5 11 12 0.05243249999999999
642 5 11 13 -0.0008035000000000016
643 5 11 14 -0.03746000000000001
644 5 11 15 0.023746000000000003
645 5 11 16 0.06570850000000002
646 5 11 17 0.0367655
647 5 11 18 -0.014562000000000002
648 5 11 19 0.008474199999999998
649 5 11 20 -0.0018235000000000003
650 5 12 13 0.02776350000000001
651 5 12 14 -0.0440225
652 5 12 15 -0.0441525
653 5 12 16 0.09874900000000002
654 5 12 17 -0.057841
655 5 12 18 -0.012920749999999998
656 5 12 19 -0.0168368
657 5 12 20 -0.0792375
658 5 13 14 -0.0416745
659 5 13 15 -0.034873
660 5 13 16 0.050886000000000015
661 5 13 17 -0.0041424999999999995
662 5 13 18 -0.037574500000000004
663 5 13 19 -0.046677800000000005
664 5 13 20 -0.05170250000000001
665 5 14 15 0.033497500000000006
666 5 14 16 0.03994850000000001
667 5 14 17 0.0126385
668 5 14 18 -0.022379
669 5 14 19 0.012928300000000002
670 5 14 20 -0.037800999999999994
671 5 15 16 0.05920700000000002
672 5 15 17 0.005528499999999998
673 5 15 18 -0.006878000000000002
674 5 15 19 0.0187542
675 5 15 20 0.0226065
676 5 16 17 -0.007264500000000012
677 5 16 18 -0.06055650000000002
678 5 16 19 -0.08012280000000001
679 5 16 20 0.0008579999999999921
680 5 17 18 -0.06673200000000001
681 5 17 19 0.0036371500000000005
682 5 17 20 -0.027173499999999996
683 5 18 19 0.0087472
684 5 18 20 0.005829650000000001
685 5 19 20 0.0126642
686 6 7 8 0.056515499999999996
687 6 7 9 0.065039
688 6 7 10 0.06717815000000002
689 6 7 11 -0.0192455
690 6 7 12 0.032576499999999994
691 6 7 13 -0.002521000000000001
692 6 7 14 -0.0215085
693 6 7 15 0.041957249999999995
694 6 7 16 0.019472950000000003
695 6 7 17 0.020679799999999998
696 6 7 18 0.0286005
697 6 7 19 0.052376500000000006
698 6 7 20 -0.0012139999999999985
699 6 8 9 -0.0021614999999999994
700 6 8 10 0.02293300000000001
701 6 8 11 -0.005637999999999999
702 6 8 12 -0.044440499999999994
703 6 8 13 -0.012613199999999996
704 6 8 14 -0.004420499999999994
705 6 8 15 -0.011693
706 6 8 16 -0.022737549999999995
707 6 8 17 0.0029010000000000034
708 6 8 18 0.0120835
709 6 8 19 0.004273400000000004
710 6 8 20 -0.017244549999999997
711 6 9 10 -0.024544999999999997
712 6 9 11 -0.06723950000000001
713 6 9 12 0.004778500000000002
714 6 9 13 -0.05782000000000001
715 6 9 14 -0.015180999999999995
716 6 9 15 -0.004715999999999999
717 6 9 16 -0.0036729999999999987
718 6 9 17 -0.012177999999999998
719 6 9 18 0.0032454999999999984
720 6 9 19 -0.007096999999999998
721 6 9 20 -0.032746000000000004
722 6 10 11 -0.093614
723 6 10 12 -0.039848499999999995
724 6 10 13 0.03277599999999999
725 6 10 14 -0.09835300000000001
726 6 10 15 -0.01778900000000001
727 6 10 16 -0.07748500000000001
728 6 10 17 0.00178799999999999
729 6 10 18 0.02141399999999999
730 6 10 19 -0.005604500000000007
731 6 10 20 -0.0933405
732 6 11 12 0.0509625
733 6 11 13 0.0008255000000000013
734 6 11 14 -0.0084835
735 6 11 15 0.06208350000000001
736 6 11 16 0.048315
737 6 11 17 0.0771945
738 6 11 18 0.04288600000000001
739 6 11 19 0.063749
740 6 11 20 0.016620500000000003
741 6 12 13 0.030862500000000005
742 6 12 14 -0.013576000000000001
743 6 12 15 -0.004344999999999999
744 6 12 16 0.0828255
745 6 12 17 -0.015942
746 6 12 18 0.045997249999999996
747 6 12 19 0.039908
748 6 12 20 -0.059323499999999994
749 6 13 14 -0.014327
750 6 13 15 0.0018354999999999982
751 6 13 16 0.0318635
752 6 13 17 0.03465750000000001
753 6 13 18 0.018244499999999997
754 6 13 19 0.006967999999999999
755 6 13 20 -0.0348875
756 6 14 15 0.0428585
757 6 14 16 -0.006421500000000002
758 6 14 17 0.024091
759 6 14 18 0.0060924999999999955
760 6 14 19 0.0392266
761 6 14 20 -0.0483335
762 6 15 16 0.0034760000000000017
763 6 15 17 0.007619999999999999
764 6 15 18 0.012232499999999999
765 6 15 19 0.0356915
766 6 15 20 0.0027130000000000045
767 6 16 17 0.05055799999999999
768 6 16 18 0.014284999999999999
769 6 16 19 -0.007454500000000003
770 6 16 20 0.036695500000000006
771 6 17 18 -0.049713000000000014
772 6 17 19 0.018482949999999998
773 6 17 20 -0.0491585
774 6 18 19 0.006574000000000003
775 6 18 20 -0.03317434999999999
776 6 19 20 -0.024166599999999996
777 7 8 9 -0.010685
778 7 8 10 0.01227035
779 7 8 11 0.070123
780 7 8 12 -0.0205015
781 7 8 13 0.0464233
782 7 8 14 0.0736035
783 7 8 15 0.0028652500000000023
784 7 8 16 0.014305000000000002
785 7 8 17 0.038736700000000006
786 7 8 18 0.0399985
787 7 8 19 0.0084124
788 7 8 20 0.040484950000000006
789 7 9 10 -0.026684150000000004
790 7 9 11 0.017045000000000005
791 7 9 12 0.037241
792 7 9 13 0.00974
793 7 9 14 0.0713665
794 7 9 15 0.018365750000000004
795 7 9 16 0.04189305
796 7 9 17 0.0321812
797 7 9 18 0.039684
798 7 9 19 0.005565500000000002
799 7 9 20 0.033507
800 7 10 11 -0.007190350000000002
801 7 10 12 -0.00524685
802 7 10 13 0.10247515000000001
803 7 10 14 -0.009666350000000002
804 7 10 15 0.007431899999999999
805 7 10 16 -0.029779800000000002
806 7 10 17 0.04828635
807 7 10 18 0.05999165
808 7 10 19 0.009197150000000001
809 7 10 20 -0.024948349999999998
810 7 11 12 -0.0008595000000000021
811 7 11 13 -0.015899000000000003
812 7 11 14 -0.0062205
813 7 11 15 0.0008807499999999996
814 7 11 16 0.009596550000000002
815 7 11 17 0.0372692
816 7 11 18 -0.004959999999999999
817 7 11 19 -0.007873000000000003
818 7 11 20 -0.001411
819 7 12 13 0.06595999999999999
820 7 12 14 0.040509
821 7 12 15 -0.013725749999999998
822 7 12 16 0.09592905000000002
823 7 12 17 -0.004045300000000002
824 7 12 18 0.049973250000000004
825 7 12 19 0.020108
826 7 12 20 -0.025533000000000007
827 7 13 14 0.004660500000000001
828 7 13 15 -0.04264274999999999
829 7 13 16 0.00986955
830 7 13 17 0.011456700000000004
831 7 13 18 -0.012877
832 7 13 19 -0.04792950000000001
833 7 13 20 -0.036194500000000004
834 7 14 15 -0.020607250000000004
835 7 14 16 -0.047402950000000006
836 7 14 17 -0.018097300000000004
837 7 14 18 -0.04401650000000001
838 7 14 19 -0.0346584
839 7 14 20 -0.06862800000000001
840 7 15 16 0.0259603
841 7 15 17 0.028897449999999998
842 7 15 18 0.02558925
843 7 15 19 0.025272249999999996
844 7 15 20 0.04588425
845 7 16 17 0.04935115
846 7 16 18 0.005157450000000003
847 7 16 19 -0.040358050000000006
848 7 16 20 0.057382449999999995
849 7 17 18 -0.05763370000000001
850 7 17 19 -0.013213750000000003
851 7 17 20 -0.0272647
852 7 18 19 -0.017202000000000002
853 7 18 20 -0.0033598499999999997
854 7 19 20 0.029423900000000006
855 8 9 10 -0.04963950000000001
856 8 9 11 -0.06376300000000001
857 8 9 12 0.047057499999999995
858 8 9 13 -0.04736830000000001
859 8 9 14 -0.012922
860 8 9 15 0.0048155
861 8 9 16 0.01690305
862 8 9 17 -0.017240500000000002
863 8 9 18 -0.010999500000000002
864 8 9 19 -0.0135319
865 8 9 20 -0.01766295
866 8 10 11 -0.06504300000000002
867 8 10 12 0.027525
868 8 10 13 0.0683222
869 8 10 14 -0.07099950000000001
870 8 10 15 0.016837
871 8 10 16 -0.03181445
872 8 10 17 0.02182
873 8 10 18 0.0322635
874 8 10 19 0.0130551
875 8 10 20 -0.05316295
876 8 11 12 0.089765
877 8 11 13 0.0078007
878 8 11 14 -0.009701000000000001
879 8 11 15 0.0681385
880 8 11 16 0.06541455000000002
881 8 11 17 0.06865550000000001
882 8 11 18 0.025164500000000003
883 8 11 19 0.053837600000000006
884 8 11 20 0.02822705
885 8 12 13 -0.0009647999999999991
886 8 12 14 -0.053596
887 8 12 15 -0.037092499999999994
888 8 12 16 0.061122550000000005
889 8 12 17 -0.0632835
890 8 12 18 -0.01052675
891 8 12 19 -0.008805899999999998
892 8 12 20 -0.08651945000000003
893 8 13 14 -0.022519700000000004
894 8 13 15 0.0009152999999999995
895 8 13 16 0.04198785
896 8 13 17 0.019143300000000002
897 8 13 18 -0.006452199999999999
898 8 13 19 -0.0099186
899 8 13 20 -0.030256150000000002
900 8 14 15 0.050131
901 8 14 16 0.01189555
902 8 14 17 0.016769500000000003
903 8 14 18 -0.010411499999999997
904 8 14 19 0.030532700000000003
905 8 14 20 -0.03550945
906 8 15 16 0.014520549999999998
907 8 15 17 -0.006974000000000003
908 8 15 18 -0.011544000000000002
909 8 15 19 0.0197251
910 8 15 20 0.008264550000000002
911 8 16 17 0.02491945
912 8 16 18 -0.02053605
913 8 16 19 -0.03446545
914 8 16 20 0.0312025
915 8 17 18 -0.05889550000000001
916 8 17 19 0.017110550000000002
917 8 17 20 -0.029012949999999996
918 8 18 19 0.0143841
919 8 18 20 -0.0038463
920 8 19 20 -0.0026486500000000002
921 9 10 11 -0.05091950000000001
922 9 10 12 -0.06917200000000001
923 9 10 13 0.066051
924 9 10 14 -0.10771700000000001
925 9 10 15 -0.037618000000000006
926 9 10 16 -0.098357
927 9 10 17 -0.010579000000000005
928 9 10 18 -0.006376500000000007
929 9 10 19 -0.023052500000000007
930 9 10 20 -0.0851395
931 9 11 12 -0.0210555
932 9 11 13 -0.008594
933 9 11 14 -0.06054200000000001
934 9 11 15 -0.00044000000000000153
935 9 11 16 -0.015251500000000003
936 9 11 17 0.022132999999999996
937 9 11 18 -0.027599
938 9 11 19 0.003606499999999999
939 9 11 20 -0.017873
940 9 12 13 0.093461
941 9 12 14 0.006383499999999999
942 9 12 15 0.005149500000000002
943 9 12 16 0.09127700000000001
944 9 12 17 0.0010145000000000015
945 9 12 18 0.04753025
946 9 12 19 0.05178350000000001
947 9 12 20 -0.021799000000000002
948 9 13 14 -0.05696600000000001
949 9 13 15 -0.05126850000000001
950 9 13 16 -0.0222835
951 9 13 17 -0.010984500000000003
952 9 13 18 -0.042821000000000005
953 9 13 19 -0.043755
954 9 13 20 -0.05996150000000001
955 9 14 15 0.032393500000000006
956 9 14 16 -0.017929499999999998
957 9 14 17 0.021088000000000003
958 9 14 18 -0.012333999999999996
959 9 14 19 0.031142600000000006
960 9 14 20 -0.030768499999999997
961 9 15 16 0.002433000000000002
962 9 15 17 0.015081999999999998
963 9 15 18 0.004271000000000001
964 9 15 19 0.038072499999999995
965 9 15 20 0.030743
966 9 16 17 0.059063
967 9 16 18 0.007366500000000004
968 9 16 19 -0.004030500000000004
969 9 16 20 0.06576850000000001
970 9 17 18 -0.0651365
971 9 17 19 0.013401950000000001
972 9 17 20 -0.028590499999999998
973 9 18 19 0.0169165
974 9 18 20 0.0028171499999999996
975 9 19 20 0.0014824000000000005
976 10 11 12 -0.002803000000000006
977 10 11 13 -0.1255645
978 10 11 14 -0.0037444999999999983
979 10 11 15 -0.0137415
980 10 11 16 0.032186000000000006
981 10 11 17 -0.018207499999999998
982 10 11 18 -0.072142
983 10 11 19 -0.024260500000000004
984 10 11 20 0.016347
985 10 12 13 -0.041762
986 10 12 14 0.0449285
987 10 12 15 -0.0264045
988 10 12 16 0.12046200000000001
989 10 12 17 -0.057578500000000005
990 10 12 18 -0.015265249999999998
991 10 12 19 0.0056640000000000015
992 10 12 20 -0.005831500000000002
993 10 13 14 0.116802
994 10 13 15 0.05240050000000001
995 10 13 16 0.14212450000000001
996 10 13 17 0.06564550000000001
997 10 13 18 0.029606500000000008
998 10 13 19 0.04534849999999999
999 10 13 20 0.09122899999999998
1000 10 14 15 -0.0377055
1001 10 14 16 -0.0272895
1002 10 14 17 -0.07605
1003 10 14 18 -0.11367450000000001
1004 10 14 19 -0.0535219
1005 10 14 20 -0.05334600000000001
1006 10 15 16 0.063172
1007 10 15 17 -0.011957000000000002
1008 10 15 18 -0.026970500000000005
1009 10 15 19 0.023506999999999997
1010 10 15 20 0.07826450000000001
1011 10 16 17 -0.028715
1012 10 16 18 -0.084614
1013 10 16 19 -0.079335
1014 10 16 20 0.05255100000000001
1015 10 17 18 -0.06933900000000001
1016 10 17 19 0.025875449999999994
1017 10 17 20 0.045970000000000004
1018 10 18 19 0.0335925
1019 10 18 20 0.08158014999999999
1020 10 19 20 0.0635694
1021 11 12 13 0.08099950000000002
1022 11 12 14 0.04587
1023 11 12 15 -0.015466
1024 11 12 16 0.085473
1025 11 12 17 -0.042174
1026 11 12 18 0.054073750000000004
1027 11 12 19 0.0271215
1028 11 12 20 -0.02498150000000001
1029 11 13 14 -0.005018000000000001
1030 11 13 15 -0.0594225
1031 11 13 16 -0.015626000000000008
1032 11 13 17 -0.0417115
1033 11 13 18 -0.023816
1034 11 13 19 -0.055955500000000005
1035 11 13 20 -0.05068250000000001
1036 11 14 15 -0.0277085
1037 11 14 16 -0.06322000000000001
1038 11 14 17 -0.06158700000000001
1039 11 14 18 -0.045277000000000005
1040 11 14 19 -0.033005900000000005
1041 11 14 20 -0.0734375
1042 11 15 16 0.0172445
1043 11 15 17 -0.007490999999999998
1044 11 15 18 0.03143
1045 11 15 19 0.034026
1046 11 15 20 0.048176000000000004
1047 11 16 17 0.021678500000000003
1048 11 16 18 0.019714000000000006
1049 11 16 19 -0.0228885
1050 11 16 20 0.06838999999999999
1051 11 17 18 -0.01540450000000001
1052 11 17 19 0.03192845
1053 11 17 20 0.0114155
1054 11 18 19 -0.014288999999999998
1055 11 18 20 -0.0069088499999999985
1056 11 19 20 0.0229619
1057 12 13 14 0.030111500000000003
1058 12 13 15 0.037043000000000006
1059 12 13 16 -0.020099500000000003
1060 12 13 17 0.08146200000000002
1061 12 13 18 0.00310975
1062 12 13 19 -0.0020775000000000004
1063 12 13 20 0.05529850000000001
1064 12 14 15 0.0336275
1065 12 14 16 -0.102823
1066 12 14 17 0.026457
1067 12 14 18 -0.05348075
1068 12 14 19 -0.014257400000000002
1069 12 14 20 -0.0025859999999999885
1070 12 15 16 -0.0836945
1071 12 15 17 0.019217
1072 12 15 18 -0.03810975
1073 12 15 19 -0.0085615
1074 12 15 20 0.05769150000000001
1075 12 16 17 0.1493255
1076 12 16 18 0.05111325
1077 12 16 19 0.035462999999999995
1078 12 16 20 0.1788445
1079 12 17 18 -0.11165225000000002
1080 12 17 19 -0.037367050000000006
1081 12 17 20 -0.005776999999999993
1082 12 18 19 0.01266325
1083 12 18 20 0.0721464
1084 12 19 20 0.07506490000000002
1085 13 14 15 0.026696000000000004
1086 13 14 16 -0.052612000000000006
1087 13 14 17 -0.0248935
1088 13 14 18 -0.026479
1089 13 14 19 0.017931600000000002
1090 13 14 20 -0.027772999999999992
1091 13 15 16 -0.026552
1092 13 15 17 -0.02520200000000001
1093 13 15 18 -0.004176500000000001
1094 13 15 19 0.030559
1095 13 15 20 0.039436000000000006
1096 13 16 17 0.047764
1097 13 16 18 0.027904
1098 13 16 19 0.017441
1099 13 16 20 0.10344650000000001
1100 13 17 18 -0.0333
1101 13 17 19 0.04617245
1102 13 17 20 0.02038650000000001
1103 13 18 19 0.017850500000000002
1104 13 18 20 0.01995765
1105 13 19 20 0.017688900000000004
1106 14 15 16 0.052756000000000004
1107 14 15 17 0.0263875
1108 14 15 18 0.04899850000000001
1109 14 15 19 0.0393234
1110 14 15 20 0.09390499999999999
1111 14 16 17 0.0200455
1112 14 16 18 0.0017710000000000004
1113 14 16 19 -0.0531026
1114 14 16 20 0.0786075
1115 14 17 18 -0.0317145
1116 14 17 19 0.0033473500000000002
1117 14 17 20 0.023266
1118 14 18 19 -0.026560100000000003
1119 14 18 20 0.02125165
1120 14 19 20 0.0633935
1121 15 16 17 0.046414000000000004
1122 15 16 18 0.005528500000000003
1123 15 16 19 -0.03967
1124 15 16 20 0.0374585
1125 15 17 18 -0.054325500000000006
1126 15 17 19 -0.009588550000000001
1127 15 17 20 -0.044251500000000006
1128 15 18 19 -0.016885
1129 15 18 20 -0.023654849999999998
1130 15 19 20 0.008811899999999998
1131 16 17 18 -0.013440000000000007
1132 16 17 19 0.07649545
1133 16 17 20 -0.035296
1134 16 18 19 0.028313500000000005
1135 16 18 20 -0.05558485
1136 16 19 20 -0.0683166
1137 17 18 19 -0.06162195
1138 17 18 20 -0.033728850000000005
1139 17 19 20 0.04347485
1140 18 19 20 0.01558175
