t i j k u[t]=u_ijk
1 1 2 3 0.1445175
2 1 2 4 0.05493
3 1 2 5 0.02876799999999999
4 1 2 6 -0.0196525
5 1 2 7 -0.0225995
6 1 2 8 -0.0058870000000000025
7 1 2 9 0.009116
8 1 2 10 0.054928
9 1 2 11 0.027079500000000003
10 1 2 12 0.0829135
11 1 2 13 0.05207399999999998
12 1 2 14 0.009707499999999985
13 1 2 15 0.05548099999999999
14 1 2 16 -0.05248749999999999
15 1 2 17 0.0018184999999999979
16 1 2 18 -0.0014084999999999987
17 1 2 19 -0.014382500000000003
18 1 2 20 0.052072499999999994
19 1 3 4 1.000000000001e-6
20 1 3 5 -0.011777500000000002
21 1 3 6 -0.025540499999999997
22 1 3 7 -0.028487499999999995
23 1 3 8 -0.06286
24 1 3 9 -0.003448499999999996
25 1 3 10 -0.012567500000000004
26 1 3 11 -0.07366500000000001
27 1 3 12 0.011160000000000002
28 1 3 13 0.03180149999999999
29 1 3 14 0.022683999999999992
30 1 3 15 -0.0018885000000000039
31 1 3 16 -0.05493
32 1 3 17 -0.023722
33 1 3 18 -0.016822999999999998
34 1 3 19 -0.06496
35 1 3 20 0.019234499999999995
36 1 4 5 -0.008215500000000002
37 1 4 6 -0.060199
38 1 4 7 -0.06404750000000001
39 1 4 8 -0.0458125
40 1 4 9 -0.0346575
41 1 4 10 0.007704999999999995
42 1 4 11 -0.033118999999999996
43 1 4 12 0.007157000000000007
44 1 4 13 0.05552399999999998
45 1 4 14 0.04091549999999999
46 1 4 15 -0.003707500000000008
47 1 4 16 -0.0818775
48 1 4 17 -0.0346575
49 1 4 18 -0.074078
50 1 4 19 0.005889999999999995
51 1 4 20 0.017414999999999986
52 1 5 6 -0.019651999999999996
53 1 5 7 -0.041333999999999996
54 1 5 8 -0.06419649999999999
55 1 5 9 -0.014383999999999996
56 1 5 10 0.015413000000000001
57 1 5 11 -0.0408265
58 1 5 12 -0.007226999999999995
59 1 5 13 -0.04278150000000001
60 1 5 14 0.1026535
61 1 5 15 -0.0509315
62 1 5 16 -0.04133150000000001
63 1 5 17 -0.027981000000000002
64 1 5 18 -0.100522
65 1 5 19 0.02616350000000001
66 1 5 20 0.023304499999999995
67 1 6 7 -0.056340999999999995
68 1 6 8 0.025543999999999997
69 1 6 9 0.005269000000000001
70 1 6 10 -0.029390999999999997
71 1 6 11 0.023630500000000002
72 1 6 12 0.0034540000000000013
73 1 6 13 0.06849949999999999
74 1 6 14 0.077614
75 1 6 15 0.013618999999999992
76 1 6 16 0.0077094999999999915
77 1 6 17 0.025541499999999995
78 1 6 18 0.0020409999999999985
79 1 6 19 0.011158999999999995
80 1 6 20 0.057340499999999996
81 1 7 8 0.042745
82 1 7 9 0.0674965
83 1 7 10 0.05147849999999999
84 1 7 11 0.0428725
85 1 7 12 0.0640485
86 1 7 13 0.09402949999999999
87 1 7 14 0.107005
88 1 7 15 0.07676449999999999
89 1 7 16 -0.04904000000000001
90 1 7 17 -0.06263850000000001
91 1 7 18 -0.007707500000000001
92 1 7 19 0.018455999999999997
93 1 7 20 0.099295
94 1 8 9 0.003447500000000003
95 1 8 10 0.01886000000000001
96 1 8 11 0.027077500000000004
97 1 8 12 0.005888500000000001
98 1 8 13 0.05796099999999999
99 1 8 14 0.008296499999999995
100 1 8 15 0.003997999999999996
101 1 8 16 0.03913749999999999
102 1 8 17 0.05352149999999999
103 1 8 18 -0.041735
104 1 8 19 0.0247525
105 1 8 20 0.04884349999999999
106 1 9 10 -0.041336500000000005
107 1 9 11 0.04390499999999999
108 1 9 12 0.043774999999999994
109 1 9 13 0.003032499999999988
110 1 9 14 -0.008126500000000009
111 1 9 15 0.015156999999999992
112 1 9 16 0.02130599999999999
113 1 9 17 -0.037097
114 1 9 18 -0.043774
115 1 9 19 0.013597499999999995
116 1 9 20 -0.006085000000000007
117 1 10 11 -0.015282999999999996
118 1 10 12 0.0472275
119 1 10 13 0.012151499999999996
120 1 10 14 0.029983499999999996
121 1 10 15 -0.014862000000000002
122 1 10 16 -0.07702
123 1 10 17 -0.044801999999999995
124 1 10 18 -0.10452049999999999
125 1 10 19 -0.029795999999999996
126 1 10 20 -0.018271000000000003
127 1 11 12 0.053394
128 1 11 13 0.111355
129 1 11 14 0.015876499999999995
130 1 11 15 0.002461499999999994
131 1 11 16 0.037601499999999996
132 1 11 17 -0.0015384999999999926
133 1 11 18 -0.039423
134 1 11 19 0.015508999999999993
135 1 11 20 0.03615
136 1 12 13 0.04680449999999999
137 1 12 14 0.066455
138 1 12 15 -0.007159000000000006
139 1 12 16 -0.001408500000000007
140 1 12 17 -0.053114
141 1 12 18 -0.0293915
142 1 12 19 0.0202725
143 1 12 20 -0.017244000000000006
144 1 13 14 -0.005890999999999999
145 1 13 15 0.005733000000000005
146 1 13 16 -0.029981
147 1 13 17 -0.040129999999999985
148 1 13 18 -0.040916999999999995
149 1 13 19 -0.04295699999999999
150 1 13 20 -0.020274999999999987
151 1 14 15 -0.022531000000000002
152 1 14 16 -0.0409135
153 1 14 17 -0.045396
154 1 14 18 -0.05207249999999999
155 1 14 19 -0.003817499999999996
156 1 14 20 1.1102230246251564e-17
157 1 15 16 0.0239825
158 1 15 17 0.030656500000000003
159 1 15 18 -0.036616499999999996
160 1 15 19 -0.014933499999999997
161 1 15 20 0.01341500000000001
162 1 16 17 -0.019487499999999994
163 1 16 18 -0.05148299999999999
164 1 16 19 -0.10256499999999999
165 1 16 20 -0.018275000000000003
166 1 17 18 0.03143050000000001
167 1 17 19 -0.05085649999999999
168 1 17 20 0.014188499999999998
169 1 18 19 -0.012974500000000005
170 1 18 20 0.05207249999999999
171 1 19 20 -0.023132500000000004
172 2 3 4 0.0895885
173 2 3 5 0.103972
174 2 3 6 0.13862950000000002
175 2 3 7 0.13862950000000002
176 2 3 8 0.0875445
177 2 3 9 0.13195300000000001
178 2 3 10 0.077022
179 2 3 11 0.043773000000000006
180 2 3 12 0.07276400000000001
181 2 3 13 0.124245
182 2 3 14 0.15749400000000002
183 2 3 15 0.08714800000000002
184 2 3 16 0.14207500000000003
185 2 3 17 0.11897700000000003
186 2 3 18 0.12910300000000002
187 2 3 19 0.09393999999999998
188 2 3 20 0.11167949999999997
189 2 4 5 0.017946500000000004
190 2 4 6 0.014383499999999999
191 2 4 7 0.013482000000000004
192 2 4 8 0.015004499999999999
193 2 4 9 0.011156500000000001
194 2 4 10 0.007707000000000003
195 2 4 11 -0.005268499999999998
196 2 4 12 -0.020826499999999998
197 2 4 13 0.05838
198 2 4 14 0.086138
199 2 4 15 -0.0042585000000000045
200 2 4 16 0.025540000000000007
201 2 4 17 0.018453999999999998
202 2 4 18 -0.01773950000000001
203 2 4 19 0.07520249999999999
204 2 4 20 0.02027249999999999
205 2 5 6 0.028768499999999995
206 2 5 7 0.010033499999999999
207 2 5 8 -0.0295415
208 2 5 9 0.005268
209 2 5 10 -0.010746999999999998
210 2 5 11 -0.039138000000000006
211 2 5 12 -0.06137249999999999
212 2 5 13 -0.06608750000000001
213 2 5 14 0.121714
214 2 5 15 -0.07764449999999999
215 2 5 16 0.039923999999999994
216 2 5 17 -0.0010315000000000018
217 2 5 18 -0.07034549999999999
218 2 5 19 0.069314
219 2 5 20 -1.1102230246251564e-17
220 2 6 7 -0.053394000000000004
221 2 6 8 0.011778500000000003
222 2 6 9 -0.0234995
223 2 6 10 -0.10397149999999998
224 2 6 11 -0.023101499999999997
225 2 6 12 -0.09911199999999999
226 2 6 13 -0.003227000000000002
227 2 6 14 0.04825400000000001
228 2 6 15 -0.0615145
229 2 6 16 0.04054449999999999
230 2 6 17 0.0040704999999999995
231 2 6 18 -0.016203000000000006
232 2 6 19 0.005888999999999999
233 2 6 20 -0.014384500000000012
234 2 7 8 0.026032500000000004
235 2 7 9 0.035781
236 2 7 10 -0.026049
237 2 7 11 -0.006806499999999998
238 2 7 12 -0.0414645
239 2 7 13 0.019355999999999998
240 2 7 14 0.074698
241 2 7 15 -0.001315999999999995
242 2 7 16 -0.019152
243 2 7 17 -0.0870565
244 2 7 18 -0.028898500000000004
245 2 7 19 0.010239
246 2 7 20 0.02462299999999999
247 2 8 9 -0.011555500000000002
248 2 8 10 -0.041954999999999985
249 2 8 11 -0.005888999999999999
250 2 8 12 -0.08291200000000001
251 2 8 13 -1.3877787807814456e-18
252 2 8 14 -0.007298
253 2 8 15 -0.057370000000000004
254 2 8 16 0.085738
255 2 8 17 0.04581599999999999
256 2 8 18 -0.046213500000000005
257 2 8 19 0.03324799999999999
258 2 8 20 -0.009116000000000011
259 2 9 10 -0.0871485
260 2 9 11 0.025941499999999992
261 2 9 12 -0.030022500000000008
262 2 9 13 -0.0399255
263 2 9 14 -0.008717999999999998
264 2 9 15 -0.031207999999999996
265 2 9 16 0.0829095
266 2 9 17 -0.0297995
267 2 9 18 -0.033249499999999994
268 2 9 19 0.037096000000000004
269 2 9 20 -0.04904150000000001
270 2 10 11 0.012565499999999999
271 2 10 12 0.019242000000000002
272 2 10 13 0.015005499999999996
273 2 10 14 0.075204
274 2 10 15 -0.015415000000000002
275 2 10 16 0.030395499999999995
276 2 10 17 0.008307499999999999
277 2 10 18 -0.048184
278 2 10 19 0.039514499999999994
279 2 10 20 -0.015415500000000013
280 2 11 12 -0.0024400000000000003
281 2 11 13 0.08636049999999999
282 2 11 14 0.0332485
283 2 11 15 -0.025939999999999998
284 2 11 16 0.1171685
285 2 11 17 0.02372250000000001
286 2 11 18 -0.010935000000000002
287 2 11 19 0.05697100000000001
288 2 11 20 0.011157
289 2 12 13 0.077644
290 2 12 14 0.13966099999999998
291 2 12 15 0.0202735
292 2 12 16 0.1339925
293 2 12 17 0.027981000000000002
294 2 12 18 0.05493049999999999
295 2 12 19 0.11756849999999999
296 2 12 20 0.01359699999999999
297 2 13 14 0.0364755
298 2 13 15 0.002326
299 2 13 16 0.0745805
300 2 13 17 0.010125499999999999
301 2 13 18 0.012565499999999999
302 2 13 19 0.0234995
303 2 13 20 -0.0202735
304 2 14 15 -0.0683045
305 2 14 16 0.02128149999999999
306 2 14 17 -0.037507
307 2 14 18 -0.0409565
308 2 14 19 0.0202725
309 2 14 20 -0.042365
310 2 15 16 0.13195099999999998
311 2 15 17 0.084319
312 2 15 18 0.020272999999999996
313 2 15 19 0.05493
314 2 15 20 0.016823499999999998
315 2 16 17 -0.0737935
316 2 16 18 -0.102562
317 2 16 19 -0.14067
318 2 16 20 -0.12283500000000001
319 2 17 18 0.0346575
320 2 17 19 -0.03465549999999999
321 2 17 20 -0.03606550000000001
322 2 18 19 -4.999999999977245e-7
323 2 18 20 -0.0014085000000000098
324 2 19 20 -0.08958750000000001
325 3 4 5 0.0035629999999999993
326 3 4 6 -0.0346575
327 3 4 7 -0.035559
328 3 4 8 0.017048499999999998
329 3 4 9 -0.031208000000000003
330 3 4 10 0.020273499999999993
331 3 4 11 0.04054700000000001
332 3 4 12 -0.0040019999999999995
333 3 4 13 0.023723499999999998
334 3 4 14 0.0182325
335 3 4 15 -0.001818000000000003
336 3 4 16 -0.026946500000000005
337 3 4 17 -0.010934499999999996
338 3 4 18 -0.057254
339 3 4 19 0.070851
340 3 4 20 -0.001818500000000006
341 3 5 6 -0.005888999999999999
342 3 5 7 -0.024624
343 3 5 8 -0.013113999999999992
344 3 5 9 -0.022713
345 3 5 10 0.016203000000000006
346 3 5 11 0.021061000000000003
347 3 5 12 -0.0301645
348 3 5 13 -0.08636049999999999
349 3 5 14 0.06819199999999999
350 3 5 15 -0.0608205
351 3 5 16 0.001820999999999995
352 3 5 17 -0.016036500000000002
353 3 5 18 -0.09547649999999999
354 3 5 19 0.07934600000000001
355 3 5 20 -0.007707500000000001
356 3 6 7 -0.053394000000000004
357 3 6 8 0.0628635
358 3 6 9 -0.016822999999999998
359 3 6 10 -0.042364
360 3 6 11 0.071755
361 3 6 12 -0.033246500000000005
362 3 6 13 0.011157499999999997
363 3 6 14 0.02938950000000001
364 3 6 15 -0.010033000000000002
365 3 6 16 0.037098999999999986
366 3 6 17 0.023723
367 3 6 18 -0.006676500000000002
368 3 6 19 0.050578500000000005
369 3 6 20 0.012565499999999995
370 3 7 8 0.07711750000000002
371 3 7 9 0.0424575
372 3 7 10 0.0355585
373 3 7 11 0.08805
374 3 7 12 0.024400999999999996
375 3 7 13 0.0337405
376 3 7 14 0.05583349999999999
377 3 7 15 0.050165499999999995
378 3 7 16 -0.02259750000000001
379 3 7 17 -0.067404
380 3 7 18 -0.019372
381 3 7 19 0.0549285
382 3 7 20 0.051573
383 3 8 9 -0.055964
384 3 8 10 -0.03143249999999999
385 3 8 11 0.0378825
386 3 8 12 -0.06813150000000001
387 3 8 13 -0.0367005
388 3 8 14 -0.07724750000000001
389 3 8 15 -0.05697350000000001
390 3 8 16 0.031207499999999992
391 3 8 17 0.014383499999999994
392 3 8 18 -0.087772
393 3 8 19 0.0268525
394 3 8 20 -0.03325100000000001
395 3 9 10 -0.032217499999999996
396 3 9 11 0.11412149999999997
397 3 9 12 0.02916649999999999
398 3 9 13 -0.032217499999999996
399 3 9 14 -0.034259
400 3 9 15 0.013597
401 3 9 16 0.07278749999999999
402 3 9 17 -0.016823499999999998
403 3 9 18 -0.030399499999999996
404 3 9 19 0.07510900000000001
405 3 9 20 -0.028768
406 3 10 11 0.0458145
407 3 10 12 0.023499999999999997
408 3 10 13 -0.032217499999999996
409 3 10 14 -0.005268
410 3 10 15 -0.025541
411 3 10 16 -0.0346575
412 3 10 17 -0.033647500000000004
413 3 10 18 -0.10026499999999999
414 3 10 19 0.02259650000000001
415 3 10 20 -0.050073
416 3 11 12 -0.03143100000000001
417 3 11 13 0.005888499999999997
418 3 11 14 -0.0804725
419 3 11 15 -0.069315
420 3 11 16 0.01886649999999999
421 3 11 17 -0.05148149999999999
422 3 11 18 -0.09626499999999999
423 3 11 19 0.006804
424 3 11 20 -0.056749499999999994
425 3 12 13 0.026163000000000002
426 3 12 14 0.05493100000000001
427 3 12 15 0.0058895000000000015
428 3 12 16 0.06468149999999999
429 3 12 17 -0.018231999999999998
430 3 12 18 -0.0014084999999999987
431 3 12 19 0.0963925
432 3 12 20 -0.025318499999999997
433 3 13 14 0.0032265
434 3 13 15 0.039423
435 3 13 16 0.05675049999999999
436 3 13 17 0.0153935
437 3 13 18 0.007707500000000001
438 3 13 19 0.05380450000000001
439 3 13 20 -0.00770799999999999
440 3 14 15 0.002041499999999999
441 3 14 16 0.03670049999999999
442 3 14 17 0.0010099999999999985
443 3 14 18 -0.012565500000000002
444 3 14 19 0.08382650000000001
445 3 14 20 0.0034495000000000094
446 3 15 16 0.077024
447 3 15 17 0.05249
448 3 15 18 -0.021682
449 3 15 19 0.048138
450 3 15 20 -0.00770799999999999
451 3 16 17 -0.05069549999999999
452 3 16 18 -0.08958999999999999
453 3 16 19 -0.09253499999999998
454 3 16 20 -0.09243950000000001
455 3 17 18 0.024531500000000005
456 3 17 19 -0.009618499999999997
457 3 17 20 -0.028768
458 3 18 19 0.0351625
459 3 18 20 0.016014999999999998
460 3 19 20 -0.107327
461 4 5 6 0.0323315
462 4 5 7 0.014497999999999999
463 4 5 8 -0.02659949999999999
464 4 5 9 0.012058000000000001
465 4 5 10 -0.0005074999999999969
466 4 5 11 -0.015923000000000003
467 4 5 12 -0.0225995
468 4 5 13 -0.10652099999999999
469 4 5 14 0.053522499999999994
470 4 5 15 -0.055439499999999996
471 4 5 16 0.032330500000000005
472 4 5 17 -0.0015390000000000013
473 4 5 18 -0.034659499999999996
474 4 5 19 0.012058000000000013
475 4 5 20 -0.0023259999999999973
476 4 6 7 -0.052492500000000004
477 4 6 8 0.011157500000000002
478 4 6 9 -0.0202725
479 4 6 10 -0.09729499999999999
480 4 6 11 -0.0034495000000000025
481 4 6 12 -0.063902
482 4 6 13 -0.04722350000000001
483 4 6 14 -0.02350049999999999
484 4 6 15 -0.0428725
485 4 6 16 0.02938799999999999
486 4 6 17 -2.775557561562891e-18
487 4 6 18 0.015920000000000004
488 4 6 19 -0.05493
489 4 6 20 -0.0202735
490 4 7 8 0.024510000000000004
491 4 7 9 0.0381065
492 4 7 10 -0.020274
493 4 7 11 0.011944
494 4 7 12 -0.0071560000000000035
495 4 7 13 -0.025542
496 4 7 14 0.0020419999999999995
497 4 7 15 0.016424500000000005
498 4 7 16 -0.03121
499 4 7 17 -0.0920285
500 4 7 18 0.0023230000000000026
501 4 7 19 -0.051481500000000006
502 4 7 20 0.0178325
503 4 8 9 -0.007707500000000001
504 4 8 10 -0.03465749999999999
505 4 8 11 0.014383999999999996
506 4 8 12 -0.047081000000000005
507 4 8 13 -0.0433755
508 4 8 14 -0.0784315
509 4 8 15 -0.038106999999999995
510 4 8 16 0.07520249999999999
511 4 8 17 0.04236649999999999
512 4 8 18 -0.0134695
513 4 8 19 -0.02695
514 4 8 20 -0.014384000000000003
515 4 9 10 -0.083699
516 4 9 11 0.04236649999999999
517 4 9 12 0.0019604999999999926
518 4 9 13 -0.087149
519 4 9 14 -0.0836995
520 4 9 15 -0.015793
521 4 9 16 0.068526
522 4 9 17 -0.037097
523 4 9 18 -0.004353499999999999
524 4 9 19 -0.02695
525 4 9 20 -0.058157499999999994
526 4 10 11 0.025540999999999994
527 4 10 12 0.0477755
528 4 10 13 -0.0356675
529 4 10 14 -0.003227000000000002
530 4 10 15 -0.0034494999999999994
531 4 10 16 0.012562499999999997
532 4 10 17 -0.002439500000000003
533 4 10 18 -0.02273749999999999
534 4 10 19 -0.027981000000000002
535 4 10 20 -0.027981000000000002
536 4 11 12 0.013118
537 4 11 13 0.022712
538 4 11 14 -0.058157999999999994
539 4 11 15 -0.026949999999999998
540 4 11 16 0.08635999999999999
541 4 11 17 1.1102230246251564e-17
542 4 11 18 0.001536000000000004
543 4 11 19 -0.023499999999999997
544 4 11 20 -0.014383999999999985
545 4 12 13 -0.0015624999999999999
546 4 12 14 0.0326965
547 4 12 15 0.0037055000000000044
548 4 12 16 0.087626
549 4 12 17 -0.011299499999999999
550 4 12 18 0.05184350000000001
551 4 12 19 0.021539500000000007
552 4 12 20 -0.02750199999999999
553 4 13 14 0.0087175
554 4 13 15 0.06496450000000001
555 4 13 16 0.1074205
556 4 13 17 0.0500515
557 4 13 18 0.088685
558 4 13 19 0.006677000000000002
559 4 13 20 0.017834000000000013
560 4 14 15 0.022092
561 4 14 16 0.08187950000000001
562 4 14 17 0.030176999999999995
563 4 14 18 0.062921
564 4 14 19 0.031208000000000003
565 4 14 20 0.02350050000000001
566 4 15 16 0.1021525
567 4 15 17 0.061606499999999995
568 4 15 18 0.033754
569 4 15 19 -0.024531
570 4 15 20 -0.0077074999999999895
571 4 16 17 -0.06670749999999999
572 4 16 18 -0.05928249999999999
573 4 16 19 -0.1903325
574 4 16 20 -0.1175675
575 4 17 18 0.07085100000000001
576 4 17 19 -0.091404
577 4 17 20 -0.037883999999999994
578 4 18 19 -0.09294250000000001
579 4 18 20 -0.039420500000000004
580 4 19 20 -0.0346575
581 5 6 7 -0.03465900000000001
582 5 6 8 0.0700885
583 5 6 9 9.99999999995449e-7
584 5 6 10 -0.064456
585 5 6 11 0.04480499999999999
586 5 6 12 -0.008970999999999995
587 5 6 13 0.091629
588 5 6 14 -0.04469149999999998
589 5 6 15 0.044898499999999994
590 5 6 16 0.029389
591 5 6 17 0.0338705
592 5 6 18 0.082911
593 5 6 19 -0.034656500000000014
594 5 6 20 0.014383999999999996
595 5 7 8 0.06560749999999999
596 5 7 9 0.0405465
597 5 7 10 -0.005268500000000003
598 5 7 11 0.042365
599 5 7 12 0.029941499999999996
600 5 7 13 0.09547699999999999
601 5 7 14 -0.036982499999999995
602 5 7 15 0.086362
603 5 7 16 -0.0490425
604 5 7 17 -0.0759915
605 5 7 18 0.05148049999999999
606 5 7 19 -0.049041500000000016
607 5 7 20 0.0346565
608 5 8 9 -0.04636499999999999
609 5 8 10 -0.06074949999999999
610 5 8 11 0.003707500000000008
611 5 8 12 -0.051080999999999994
612 5 8 13 0.036546
613 5 8 14 -0.1585535
614 5 8 15 -0.009266999999999997
615 5 8 16 0.016272500000000006
616 5 8 17 0.017306
617 5 8 18 -0.0054095
618 5 8 19 -0.0656075
619 5 8 20 -0.0386575
620 5 9 10 -0.0711335
621 5 9 11 0.0703475
622 5 9 12 0.036618
623 5 9 13 0.031429999999999986
624 5 9 14 -0.125164
625 5 9 15 0.051704499999999994
626 5 9 16 0.0482535
627 5 9 17 -0.0235
628 5 9 18 0.042363999999999985
629 5 9 19 -0.026950000000000012
630 5 9 20 -0.0437735
631 5 10 11 0.0409565
632 5 10 12 0.06986749999999999
633 5 10 13 0.07034599999999999
634 5 10 14 -0.05725699999999999
635 5 10 15 0.05148250000000001
636 5 10 16 -0.02027549999999999
637 5 10 17 -0.001407999999999998
638 5 10 18 0.011414500000000005
639 5 10 19 -0.040546500000000006
640 5 10 20 -0.026162499999999998
641 5 11 12 0.019794499999999993
642 5 11 13 0.11330999999999998
643 5 11 14 -0.12760349999999998
644 5 11 15 0.012566499999999998
645 5 11 16 0.038106499999999995
646 5 11 17 -0.01438399999999999
647 5 11 18 0.02027249999999999
648 5 11 19 -0.051481000000000006
649 5 11 20 -0.02798099999999999
650 5 12 13 0.082359
651 5 12 14 -0.0434255
652 5 12 15 0.0365455
653 5 12 16 0.032696
654 5 12 17 -0.03236
655 5 12 18 0.0639035
656 5 12 19 -0.013118000000000006
657 5 12 20 -0.04777549999999999
658 5 13 14 -0.151326
659 5 13 15 0.013883000000000006
660 5 13 16 -0.031430999999999994
661 5 13 17 -0.05493049999999999
662 5 13 18 0.0168235
663 5 13 19 -0.11190199999999999
664 5 13 20 -0.086361
665 5 14 15 0.131054
666 5 14 16 0.1030715
667 5 14 17 0.08523849999999998
668 5 14 18 0.151103
669 5 14 19 0.07267249999999999
670 5 14 20 0.07934899999999999
671 5 15 16 0.014382500000000003
672 5 15 17 0.007706000000000001
673 5 15 18 0.012973999999999996
674 5 15 19 -0.09202850000000001
675 5 15 20 -0.060820999999999986
676 5 16 17 -0.032838
677 5 16 18 0.007707499999999994
678 5 16 19 -0.17006
679 5 16 20 -0.082911
680 5 17 18 0.10397149999999998
681 5 17 19 -0.105001
682 5 17 20 -0.037097
683 5 18 19 -0.13965999999999998
684 5 18 20 -0.07175400000000001
685 5 19 20 -0.02027349999999999
686 6 7 8 -0.03914
687 6 7 9 0.0058865
688 6 7 10 0.024528499999999995
689 6 7 11 -0.03709899999999999
690 6 7 12 0.004253499999999996
691 6 7 13 -0.030810999999999998
692 6 7 14 -0.026950000000000016
693 6 7 15 0.0068045000000000015
694 6 7 16 -0.1130905
695 6 7 17 -0.144521
696 6 7 18 -0.06608950000000001
697 6 7 19 -0.049044
698 6 7 20 -0.014386500000000002
699 6 8 9 0.0237225
700 6 8 10 0.073795
701 6 8 11 0.028990999999999996
702 6 8 12 0.0279785
703 6 8 13 0.015005500000000003
704 6 8 14 -0.043773500000000014
705 6 8 15 0.015923000000000003
706 6 8 16 0.056972
707 6 8 17 0.05352399999999999
708 6 8 18 -0.018231999999999998
709 6 8 19 0.0391375
710 6 8 20 0.017047000000000003
711 6 9 10 -0.006676500000000002
712 6 9 11 0.025543499999999997
713 6 9 12 0.04558999999999999
714 6 9 13 -0.060197999999999995
715 6 9 14 -0.08047150000000002
716 6 9 15 0.006807000000000001
717 6 9 16 0.0188655
718 6 9 17 -0.057369500000000004
719 6 9 18 -0.040546
720 6 9 19 0.007707500000000001
721 6 9 20 -0.0581565
722 6 10 11 -0.06830449999999999
723 6 10 12 0.014382500000000003
724 6 10 13 -0.085739
725 6 10 14 -0.0770215
726 6 10 15 -0.057871999999999986
727 6 10 16 -0.11412049999999997
728 6 10 17 -0.0997345
729 6 10 18 -0.1359525
730 6 10 19 -0.07034599999999999
731 6 10 20 -0.1050025
732 6 11 12 0.0735705
733 6 11 13 0.066486
734 6 11 14 -0.03810700000000001
735 6 11 15 0.012473
736 6 11 16 0.0535225
737 6 11 17 -0.0034494999999999886
738 6 11 18 -0.0178335
739 6 11 19 0.027980499999999995
740 6 11 20 0.0024400000000000116
741 6 12 13 -0.018240999999999997
742 6 12 14 -0.007705000000000006
743 6 12 15 -0.017323999999999992
744 6 12 16 -0.005663999999999997
745 6 12 17 -0.07520149999999999
746 6 12 18 -0.027978499999999993
747 6 12 19 0.012567500000000004
748 6 12 20 -0.0711305
749 6 13 14 -0.015005500000000014
750 6 13 15 0.06061350000000001
751 6 13 16 0.030808999999999996
752 6 13 17 0.0028279999999999967
753 6 13 18 0.0255415
754 6 13 19 0.014383499999999999
755 6 13 20 -0.00911599999999999
756 6 14 15 0.041464000000000015
757 6 14 16 0.02899100000000001
758 6 14 17 0.00667650000000001
759 6 14 18 0.02350050000000001
760 6 14 19 0.06263750000000001
761 6 14 20 0.020273500000000024
762 6 15 16 0.029892000000000002
763 6 15 17 0.018733999999999997
764 6 15 18 -0.0250385
765 6 15 19 -0.012473500000000002
766 6 15 20 -0.03030649999999999
767 6 16 17 -0.037319500000000005
768 6 16 18 -0.0458145
769 6 16 19 -0.10601449999999998
770 6 16 20 -0.067906
771 6 17 18 0.05493100000000001
772 6 17 19 -0.036474
773 6 17 20 -0.017610499999999998
774 6 18 19 -0.022092500000000004
775 6 18 20 -0.003227000000000002
776 6 19 20 -0.069314
777 7 8 9 -0.021304
778 7 8 10 0.010126500000000012
779 7 8 11 0.02695
780 7 8 12 -0.015414999999999998
781 7 8 13 0.0066765
782 7 8 14 -0.055963499999999985
783 7 8 15 -0.030021499999999996
784 7 8 16 0.1309225
785 7 8 17 0.15890499999999996
786 7 8 18 0.0087175
787 7 8 19 0.0490415
788 7 8 20 -0.007706499999999999
789 7 9 10 -0.025318499999999997
790 7 9 11 0.06852899999999999
791 7 9 12 0.047223
792 7 9 13 -0.023500500000000004
793 7 9 14 -0.047635
794 7 9 15 0.005888999999999999
795 7 9 16 0.13784249999999998
796 7 9 17 0.09303800000000001
797 7 9 18 0.03143
798 7 9 19 0.062638
799 7 9 20 -0.037883499999999994
800 7 10 11 -0.006677000000000002
801 7 10 12 0.0346575
802 7 10 13 -0.030399499999999996
803 7 10 14 -0.025542999999999993
804 7 10 15 -0.040147999999999996
805 7 10 16 0.023498500000000012
806 7 10 17 0.069315
807 7 10 18 -0.0453345
808 7 10 19 0.0032264999999999985
809 7 10 20 -0.06608750000000001
810 7 11 12 0.032218000000000004
811 7 11 13 0.060197999999999995
812 7 11 14 -0.04825599999999999
813 7 11 15 -0.0314305
814 7 11 16 0.129514
815 7 11 17 0.10397250000000002
816 7 11 18 0.011157
817 7 11 19 0.0399255
818 7 11 20 -0.02027249999999999
819 7 12 13 0.016823499999999998
820 7 12 14 0.023498500000000012
821 7 12 15 -0.019874999999999997
822 7 12 16 0.11168
823 7 12 17 0.07357300000000001
824 7 12 18 0.04236449999999999
825 7 12 19 0.06586499999999999
826 7 12 20 -0.052490499999999995
827 7 13 14 -0.018866499999999994
828 7 13 15 0.022998
829 7 13 16 0.11308850000000001
830 7 13 17 0.11653800000000002
831 7 13 18 0.06082
832 7 13 19 0.0326165
833 7 13 20 -0.025540499999999987
834 7 14 15 0.007709499999999993
835 7 14 16 0.1151315
836 7 14 17 0.1242475
837 7 14 18 0.06264
838 7 14 19 0.0847315
839 7 14 20 0.007710000000000005
840 7 15 16 0.14978700000000003
841 7 15 17 0.17005950000000003
842 7 15 18 0.047855499999999995
843 7 15 19 0.043375
844 7 15 20 -0.009115499999999986
845 7 16 17 -0.005888999999999999
846 7 16 18 -0.09281550000000001
847 7 16 19 -0.17006100000000002
848 7 16 20 -0.16661
849 7 17 18 -0.023500499999999997
850 7 17 19 -0.131951
851 7 17 20 -0.14774500000000002
852 7 18 19 -0.039138000000000006
853 7 18 20 -0.054930000000000014
854 7 19 20 -0.10397149999999998
855 8 9 10 -0.056749
856 8 9 11 0.020274999999999994
857 8 9 12 0.041333999999999996
858 8 9 13 -0.051481
859 8 9 14 -0.012975500000000001
860 8 9 15 0.0146065
861 8 9 16 -0.014384000000000003
862 8 9 17 -0.087171
863 8 9 18 0.0014085000000000015
864 8 9 19 -0.007707500000000001
865 8 9 20 -0.051481
866 8 10 11 -0.02350049999999999
867 8 10 12 0.060199000000000016
868 8 10 13 -0.026949499999999987
869 8 10 14 0.04054700000000001
870 8 10 15 1.1102230246251564e-17
871 8 10 16 -0.0972975
872 8 10 17 -0.07946349999999999
873 8 10 18 -0.04392549999999998
874 8 10 19 -0.03568849999999999
875 8 10 20 -0.048254499999999985
876 8 11 12 0.074583
877 8 11 13 0.08047150000000002
878 8 11 14 0.034657499999999994
879 8 11 15 0.025541
880 8 11 16 0.0255415
881 8 11 17 -0.02798249999999998
882 8 11 18 0.029389500000000002
883 8 11 19 0.017834
884 8 11 20 0.014384000000000013
885 8 12 13 -0.005268
886 8 12 14 0.064047
887 8 12 15 -0.005268499999999999
888 8 12 16 -0.0346575
889 8 12 17 -0.100747
890 8 12 18 0.018232
891 8 12 19 0.0014085000000000015
892 8 12 20 -0.060199
893 8 13 14 0.0437735
894 8 13 15 0.059696000000000006
895 8 13 16 -0.0111575
896 8 13 17 -0.03569049999999999
897 8 13 18 0.058779
898 8 13 19 -0.0097485
899 8 13 20 -0.011157499999999989
900 8 14 15 -0.0182325
901 8 14 16 -0.0717545
902 8 14 17 -0.090621
903 8 14 18 -0.0020409999999999985
904 8 14 19 -0.0202735
905 8 14 20 -0.040546999999999986
906 8 15 16 -0.011157
907 8 15 17 -0.018867000000000002
908 8 15 18 0.0091165
909 8 15 19 -0.035688
910 8 15 20 -0.031430499999999986
911 8 16 17 -0.03387149999999999
912 8 16 18 0.029389500000000002
913 8 16 19 -0.08818
914 8 16 20 -0.027981000000000002
915 8 17 18 0.126687
916 8 17 19 -0.022087500000000003
917 8 17 20 0.018866499999999998
918 8 18 19 -0.079462
919 8 18 20 -0.038506
920 8 19 20 -0.0472235
921 9 10 11 -0.10052449999999999
922 9 10 12 -0.03788399999999999
923 9 10 13 -0.032217499999999996
924 9 10 14 -0.0032264999999999985
925 9 10 15 -0.07135549999999999
926 9 10 16 -0.13966249999999997
927 9 10 17 -0.0490415
928 9 10 18 -0.102083
929 9 10 19 -0.08473
930 9 10 20 -0.0535225
931 9 11 12 0.05352399999999999
932 9 11 13 0.15222750000000002
933 9 11 14 0.067908
934 9 11 15 0.03120949999999999
935 9 11 16 0.06020049999999998
936 9 11 17 0.0794635
937 9 11 18 0.04825599999999999
938 9 11 19 0.04581649999999999
939 9 11 20 0.08614000000000001
940 9 12 13 0.087547
941 9 12 14 0.1183565
942 9 12 15 0.021459000000000002
943 9 12 16 0.021060499999999996
944 9 12 17 0.027758000000000005
945 9 12 18 0.058157499999999994
946 9 12 19 0.050449999999999995
947 9 12 20 0.032616
948 9 13 14 0.0052679999999999975
949 9 13 15 -0.0063915
950 9 13 16 -0.0482545
951 9 13 17 -5.000000000032756e-7
952 9 13 18 0.005889499999999997
953 9 13 19 -0.053522
954 9 13 20 -0.011157499999999992
955 9 14 15 -0.0458145
956 9 14 16 -0.070346
957 9 14 17 -0.0164255
958 9 14 18 -0.016425000000000002
959 9 14 19 -0.0255415
960 9 14 20 -0.0020414999999999904
961 9 15 16 0.017833500000000002
962 9 15 17 0.08291049999999998
963 9 15 18 0.022314499999999998
964 9 15 19 -0.013373999999999999
965 9 15 20 0.03465700000000001
966 9 16 17 0.038915500000000006
967 9 16 18 0.013596999999999996
968 9 16 19 -0.0948565
969 9 16 20 0.009115999999999996
970 9 17 18 0.0381075
971 9 17 19 -0.10155099999999999
972 9 17 20 -0.016823499999999998
973 9 18 19 -0.07034599999999999
974 9 18 20 0.014383499999999999
975 9 19 20 -0.003450000000000003
976 10 11 12 -0.009116500000000001
977 10 11 13 0.0839205
978 10 11 14 -0.029389999999999996
979 10 11 15 0.0020405000000000006
980 10 11 16 0.0993385
981 10 11 17 0.027980500000000005
982 10 11 18 0.04981449999999999
983 10 11 19 0.030021999999999997
984 10 11 20 0.03913800000000001
985 10 12 13 0.08188050000000001
986 10 12 14 0.08369900000000001
987 10 12 15 0.0549305
988 10 12 16 0.12283899999999999
989 10 12 17 0.038915500000000006
990 10 12 18 0.1223565
991 10 12 19 0.09729600000000001
992 10 12 20 0.0482545
993 10 13 14 -0.023723
994 10 13 15 0.0327465
995 10 13 16 0.059190499999999986
996 10 13 17 0.016823499999999998
997 10 13 18 0.07575499999999999
998 10 13 19 -0.0010094999999999993
999 10 13 20 0.010147500000000012
1000 10 14 15 0.022314499999999998
1001 10 14 16 0.06609
1002 10 14 17 0.0293895
1003 10 14 18 0.08243149999999999
1004 10 14 19 0.055962000000000005
1005 10 14 20 0.048254500000000006
1006 10 15 16 0.0861405
1007 10 15 17 0.06059649999999999
1008 10 15 18 0.053042
1009 10 15 19 5.000000000005e-7
1010 10 15 20 0.016824000000000013
1011 10 16 17 -0.051705499999999995
1012 10 16 18 -0.0239825
1013 10 16 19 -0.14978899999999998
1014 10 16 20 -0.077024
1015 10 17 18 0.091149
1016 10 17 19 -0.0658625
1017 10 17 20 -0.012342499999999998
1018 10 18 19 -0.08769899999999999
1019 10 18 20 -0.03417699999999999
1020 10 19 20 -0.0346575
1021 11 12 13 -0.011156500000000001
1022 11 12 14 0.1039725
1023 11 12 15 0.0437735
1024 11 12 16 0.014384
1025 11 12 17 0.0018184999999999896
1026 11 12 18 0.0634255
1027 11 12 19 0.058157499999999994
1028 11 12 20 -1.1102230246251564e-17
1029 11 13 14 0.08958749999999999
1030 11 13 15 0.1146265
1031 11 13 16 0.043772500000000006
1032 11 13 17 0.07276349999999998
1033 11 13 18 0.10986099999999999
1034 11 13 19 0.052889000000000005
1035 11 13 20 0.05493
1036 11 14 15 -0.009116
1037 11 14 16 -0.0626385
1038 11 14 17 -0.02798100000000001
1039 11 14 18 0.003227000000000002
1040 11 14 19 -0.003449999999999999
1041 11 14 20 -0.0202735
1042 11 15 16 -0.011157499999999997
1043 11 15 17 0.034656499999999986
1044 11 15 18 0.005268000000000002
1045 11 15 19 -0.027981000000000002
1046 11 15 20 -0.0202735
1047 11 16 17 0.01965249999999999
1048 11 16 18 0.0255415
1049 11 16 19 -0.08047249999999999
1050 11 16 20 -0.016823500000000016
1051 11 17 18 0.06931500000000002
1052 11 17 19 -0.06790399999999999
1053 11 17 20 -0.023499999999999997
1054 11 18 19 -0.06790650000000001
1055 11 18 20 -0.02350050000000001
1056 11 19 20 -0.043773500000000014
1057 12 13 14 -0.025541500000000005
1058 12 13 15 0.05969649999999999
1059 12 13 16 0.018232
1060 12 13 17 0.059788499999999994
1061 12 13 18 0.035279000000000005
1062 12 13 19 -0.016425000000000002
1063 12 13 20 0.043773500000000014
1064 12 14 15 0.051083
1065 12 14 16 0.026950000000000005
1066 12 14 17 0.074173
1067 12 14 18 0.04377400000000001
1068 12 14 19 0.042365
1069 12 14 20 0.08369900000000001
1070 12 15 16 0.018232
1071 12 15 17 0.0766115
1072 12 15 18 -0.014384
1073 12 15 19 -0.04236499999999999
1074 12 15 20 0.023500000000000007
1075 12 16 17 0.032218000000000004
1076 12 16 18 -0.0235
1077 12 16 19 -0.12424599999999998
1078 12 16 20 -0.0024395
1079 12 17 18 0.007708000000000003
1080 12 17 19 -0.12424300000000002
1081 12 17 20 -0.021681499999999996
1082 12 18 19 -0.06263850000000001
1083 12 18 20 0.039925
1084 12 19 20 0.014384000000000003
1085 13 14 15 -0.034155000000000005
1086 13 14 16 -0.016823499999999998
1087 13 14 17 -0.011157
1088 13 14 18 -0.017046500000000003
1089 13 14 19 0.0332485
1090 13 14 20 0.014384
1091 13 15 16 0.05969649999999999
1092 13 15 17 0.0765195
1093 13 15 18 0.0100335
1094 13 15 19 0.0337565
1095 13 15 20 0.039423
1096 13 16 17 -0.0093385
1097 13 16 18 -0.040547
1098 13 16 19 -0.089589
1099 13 16 20 -0.02798100000000001
1100 13 17 18 0.032217499999999996
1101 13 17 19 -0.0480295
1102 13 17 20 -0.00566650000000001
1103 13 18 19 -0.010934500000000002
1104 13 18 20 0.031430499999999986
1105 13 19 20 -0.045814500000000015
1106 14 15 16 0.042365
1107 14 15 17 0.05352149999999999
1108 14 15 18 -0.0070750000000000006
1109 14 15 19 -0.033647
1110 14 15 20 -0.009116
1111 14 16 17 -0.015005
1112 14 16 18 -0.040324
1113 14 16 19 -0.13966099999999998
1114 14 16 20 -0.059188500000000005
1115 14 17 18 0.038106999999999995
1116 14 17 19 -0.092435
1117 14 17 20 -0.031207500000000013
1118 14 18 19 -0.0612295
1119 14 18 20 -1.1102230246251564e-17
1120 14 19 20 -0.026950000000000012
1121 15 16 17 -0.026161499999999997
1122 15 16 18 0.009116
1123 15 16 19 -0.063649
1124 15 16 20 -0.007707500000000012
1125 15 17 18 0.0987035
1126 15 17 19 -0.005266499999999996
1127 15 17 20 0.031429999999999986
1128 15 18 19 -0.0346575
1129 15 18 20 0.0020409999999999886
1130 15 19 20 -0.051481000000000006
1131 16 17 18 0.06342600000000001
1132 16 17 19 0.03222100000000001
1133 16 17 20 0.012976000000000003
1134 16 18 19 0.03810749999999999
1135 16 18 20 0.0188645
1136 16 19 20 -0.1074225
1137 17 18 19 0.0693125
1138 17 18 20 0.06931449999999999
1139 17 19 20 -0.08817749999999999
1140 18 19 20 -0.08817950000000001
