t i j k u[t]=u_ijk
1 1 2 3 0.04104500000000001
2 1 2 4 -0.010252150000000005
3 1 2 5 0.0046459999999999965
4 1 2 6 -0.033311950000000014
5 1 2 7 -0.01645015000000001
6 1 2 8 -0.024935500000000013
7 1 2 9 -0.0014926500000000038
8 1 2 10 0.0033533500000000006
9 1 2 11 -0.01596145000000001
10 1 2 12 0.015737500000000005
11 1 2 13 -0.03819100000000002
12 1 2 14 -0.02948050000000001
13 1 2 15 0.015290500000000002
14 1 2 16 0.005272599999999999
15 1 2 17 -0.00026600000000000245
16 1 2 18 -0.0027245000000000056
17 1 2 19 -0.01583500000000001
18 1 2 20 -0.01985600000000001
19 1 3 4 0.005993500000000003
20 1 3 5 -0.009969500000000004
21 1 3 6 -0.023967950000000005
22 1 3 7 0.002378000000000002
23 1 3 8 -0.02204300000000001
24 1 3 9 -0.011836500000000005
25 1 3 10 -0.007278000000000001
26 1 3 11 -0.012778000000000003
27 1 3 12 -0.006352500000000002
28 1 3 13 -0.015617500000000005
29 1 3 14 -0.021188000000000005
30 1 3 15 -0.007626500000000001
31 1 3 16 -0.003455000000000001
32 1 3 17 -0.010697500000000004
33 1 3 18 0.0006349999999999997
34 1 3 19 0.0032715000000000036
35 1 3 20 0.021141500000000008
36 1 4 5 -0.01866550000000001
37 1 4 6 -0.030201450000000005
38 1 4 7 -0.0075593500000000055
39 1 4 8 0.004225999999999999
40 1 4 9 -0.02407550000000001
41 1 4 10 0.006032000000000002
42 1 4 11 -0.011970500000000005
43 1 4 12 0.0058155
44 1 4 13 0.009725000000000001
45 1 4 14 0.004646400000000002
46 1 4 15 0.012503500000000006
47 1 4 16 0.0061129999999999995
48 1 4 17 -0.01646000000000001
49 1 4 18 -0.01614850000000001
50 1 4 19 0.0008685
51 1 4 20 -0.006268000000000004
52 1 5 6 0.0008040500000000036
53 1 5 7 -0.02486150000000001
54 1 5 8 -0.008195500000000001
55 1 5 9 -0.011881000000000003
56 1 5 10 -0.0009554999999999969
57 1 5 11 0.021816000000000012
58 1 5 12 0.009998000000000005
59 1 5 13 0.006912000000000006
60 1 5 14 -0.026104000000000006
61 1 5 15 0.0016380500000000037
62 1 5 16 0.028248000000000013
63 1 5 17 0.007979100000000006
64 1 5 18 -0.0006399999999999991
65 1 5 19 -0.017233500000000002
66 1 5 20 -0.031033000000000012
67 1 6 7 0.033498450000000006
68 1 6 8 0.02222645000000001
69 1 6 9 0.003160449999999999
70 1 6 10 0.02334895000000001
71 1 6 11 0.021993450000000008
72 1 6 12 0.030442750000000008
73 1 6 13 0.02707945000000001
74 1 6 14 -0.0022160500000000007
75 1 6 15 0.007637450000000002
76 1 6 16 0.012373950000000002
77 1 6 17 0.022850950000000005
78 1 6 18 0.020972450000000004
79 1 6 19 0.054637950000000025
80 1 6 20 0.015320450000000003
81 1 7 8 0.006935500000000003
82 1 7 9 0.01722250000000001
83 1 7 10 0.025409750000000012
84 1 7 11 -0.019968500000000007
85 1 7 12 0.04402100000000001
86 1 7 13 0.0028400000000000044
87 1 7 14 -0.005812500000000001
88 1 7 15 0.005962500000000003
89 1 7 16 -0.0023500000000000027
90 1 7 17 0.016707000000000007
91 1 7 18 0.026976200000000013
92 1 7 19 -0.004558999999999998
93 1 7 20 -0.019678000000000008
94 1 8 9 -0.012698000000000003
95 1 8 10 0.007098000000000007
96 1 8 11 0.012443500000000007
97 1 8 12 0.010377000000000006
98 1 8 13 -0.006477000000000002
99 1 8 14 -0.005573000000000002
100 1 8 15 0.012400500000000005
101 1 8 16 0.007096500000000002
102 1 8 17 0.008549500000000005
103 1 8 18 -0.0019519999999999989
104 1 8 19 0.009529500000000005
105 1 8 20 0.037425500000000014
106 1 9 10 0.01995750000000001
107 1 9 11 -0.004029499999999999
108 1 9 12 0.012164800000000005
109 1 9 13 -0.009927000000000004
110 1 9 14 0.01554000000000001
111 1 9 15 0.003002000000000003
112 1 9 16 0.037086500000000015
113 1 9 17 0.02527200000000001
114 1 9 18 0.039839500000000014
115 1 9 19 0.02784350000000001
116 1 9 20 0.007569400000000003
117 1 10 11 -0.03712850000000001
118 1 10 12 -0.031374500000000013
119 1 10 13 -0.009979500000000006
120 1 10 14 -0.022022000000000007
121 1 10 15 -0.014198550000000008
122 1 10 16 0.0054294999999999986
123 1 10 17 -0.009091000000000005
124 1 10 18 -0.01649000000000001
125 1 10 19 -0.006995000000000004
126 1 10 20 0.014526000000000004
127 1 11 12 0.015799250000000004
128 1 11 13 0.0108295
129 1 11 14 -0.0008704999999999993
130 1 11 15 0.0017495000000000004
131 1 11 16 0.029277500000000012
132 1 11 17 0.02790050000000001
133 1 11 18 0.024660090000000003
134 1 11 19 0.014418000000000007
135 1 11 20 0.034660500000000004
136 1 12 13 -0.009423500000000001
137 1 12 14 -0.020571000000000006
138 1 12 15 -0.016405500000000003
139 1 12 16 0.016493500000000008
140 1 12 17 -0.005343500000000002
141 1 12 18 0.03409200000000001
142 1 12 19 0.016066500000000008
143 1 12 20 0.0010406999999999997
144 1 13 14 -0.03699650000000001
145 1 13 15 0.0030780000000000013
146 1 13 16 0.018688000000000007
147 1 13 17 0.015355000000000004
148 1 13 18 0.0034247499999999994
149 1 13 19 -0.008063500000000001
150 1 13 20 0.012605000000000003
151 1 14 15 0.021447500000000008
152 1 14 16 0.025386000000000006
153 1 14 17 0.0064792500000000015
154 1 14 18 -0.009128000000000006
155 1 14 19 -0.008857500000000006
156 1 14 20 -0.015997000000000008
157 1 15 16 0.00038199999999999774
158 1 15 17 0.004926500000000001
159 1 15 18 -0.012693000000000006
160 1 15 19 -0.026308000000000012
161 1 15 20 -0.02100900000000001
162 1 16 17 -0.024405000000000007
163 1 16 18 0.013781500000000006
164 1 16 19 0.004001100000000004
165 1 16 20 0.006846000000000003
166 1 17 18 -0.03028250000000001
167 1 17 19 -0.017543000000000007
168 1 17 20 -0.0026444000000000025
169 1 18 19 -0.0119705
170 1 18 20 -0.03236350000000002
171 1 19 20 0.0021769999999999992
172 2 3 4 0.057290650000000026
173 2 3 5 0.02642950000000001
174 2 3 6 0.05038900000000002
175 2 3 7 0.05987315000000002
176 2 3 8 0.04393750000000001
177 2 3 9 0.03070115000000001
178 2 3 10 0.030413650000000014
179 2 3 11 0.04422845000000001
180 2 3 12 0.018955000000000003
181 2 3 13 0.06361850000000002
182 2 3 14 0.04933750000000002
183 2 3 15 0.018128000000000005
184 2 3 16 0.03231740000000001
185 2 3 17 0.030613500000000002
186 2 3 18 0.04440450000000002
187 2 3 19 0.06015150000000003
188 2 3 20 0.08204250000000002
189 2 4 5 -0.03356365000000001
190 2 4 6 -0.007141650000000002
191 2 4 7 -0.0013613500000000005
192 2 4 8 0.01890935000000001
193 2 4 9 -0.03283500000000001
194 2 4 10 -0.007573500000000002
195 2 4 11 -0.006261200000000002
196 2 4 12 -0.020174150000000005
197 2 4 13 0.03766385000000001
198 2 4 14 0.023874750000000014
199 2 4 15 -0.013039150000000005
200 2 4 16 -0.009411750000000002
201 2 4 17 -0.026446150000000015
202 2 4 18 -0.02367615000000001
203 2 4 19 0.006451350000000002
204 2 4 20 0.003335850000000003
205 2 5 6 0.03876200000000001
206 2 5 7 -0.003765350000000002
207 2 5 8 0.021386000000000006
208 2 5 9 -0.005742350000000002
209 2 5 10 0.0003371499999999987
210 2 5 11 0.04242345000000001
211 2 5 12 -0.0010935000000000012
212 2 5 13 0.049749000000000015
213 2 5 14 0.008022500000000002
214 2 5 15 -0.009006450000000004
215 2 5 16 0.027621400000000008
216 2 5 17 0.012891100000000004
217 2 5 18 0.006730500000000003
218 2 5 19 0.0032475000000000043
219 2 5 20 -0.006531
220 2 6 7 0.016636650000000003
221 2 6 8 0.013850000000000008
222 2 6 9 -0.028658850000000013
223 2 6 10 -0.013316350000000003
224 2 6 11 0.0046429500000000025
225 2 6 12 -0.01860670000000001
226 2 6 13 0.03195850000000001
227 2 6 14 -0.0060475000000000025
228 2 6 15 -0.040965000000000015
229 2 6 16 -0.02621060000000001
230 2 6 17 -0.010195000000000003
231 2 6 18 -0.009615000000000005
232 2 6 19 0.03716100000000001
233 2 6 20 0.0018645000000000016
234 2 7 8 0.015420850000000007
235 2 7 9 0.002265000000000001
236 2 7 10 0.005606250000000003
237 2 7 11 -0.02045720000000001
238 2 7 12 0.011833350000000005
239 2 7 13 0.024580850000000008
240 2 7 14 0.0072178500000000066
241 2 7 15 -0.02577815000000001
242 2 7 16 -0.02407275000000001
243 2 7 17 0.0005228500000000014
244 2 7 18 0.013250550000000003
245 2 7 19 -0.0051741500000000015
246 2 7 20 -0.016272150000000006
247 2 8 9 -0.03614085000000001
248 2 8 10 -0.021190850000000008
249 2 8 11 0.003469450000000002
250 2 8 12 -0.03029600000000001
251 2 8 13 0.0067785000000000015
252 2 8 14 -0.0010280000000000014
253 2 8 15 -0.027825500000000013
254 2 8 16 -0.023111600000000006
255 2 8 17 -0.016120000000000006
256 2 8 18 -0.024163000000000004
257 2 8 19 0.0004290000000000018
258 2 8 20 0.032346000000000014
259 2 9 10 0.015111500000000005
260 2 9 11 0.010439300000000004
261 2 9 12 -0.005065350000000002
262 2 9 13 0.026771350000000017
263 2 9 14 0.04352785000000002
264 2 9 15 -0.013781150000000004
265 2 9 16 0.030321250000000008
266 2 9 17 0.024045350000000007
267 2 9 18 0.04107135000000001
268 2 9 19 0.04218585000000002
269 2 9 20 0.025932750000000008
270 2 10 11 -0.017813700000000005
271 2 10 12 -0.04375865000000001
272 2 10 13 0.03156485000000001
273 2 10 14 0.010811850000000005
274 2 10 15 -0.026135700000000008
275 2 10 16 0.003510250000000001
276 2 10 17 -0.0054716500000000015
277 2 10 18 -0.010412150000000005
278 2 10 19 0.012193350000000004
279 2 10 20 0.037735350000000015
280 2 11 12 -0.015899700000000006
281 2 11 13 0.03305905000000001
282 2 11 14 0.012648550000000005
283 2 11 15 -0.029502450000000013
284 2 11 16 0.008043450000000004
285 2 11 17 0.012205050000000005
286 2 11 18 0.011423140000000003
287 2 11 19 0.014291550000000005
288 2 11 20 0.03855505000000002
289 2 12 13 0.04450500000000001
290 2 12 14 0.024647000000000013
291 2 12 15 -0.015958500000000007
292 2 12 16 0.026958400000000007
293 2 12 17 0.010660000000000003
294 2 12 18 0.05255400000000002
295 2 12 19 0.047639000000000015
296 2 12 20 0.03663420000000001
297 2 13 14 -0.04570700000000002
298 2 13 15 -0.05040350000000002
299 2 13 16 -0.02477560000000001
300 2 13 17 -0.022570000000000007
301 2 13 18 -0.032041750000000015
302 2 13 19 -0.030419500000000013
303 2 13 20 -0.005729999999999999
304 2 14 15 -0.023323500000000007
305 2 14 16 -0.009367100000000001
306 2 14 17 -0.022735250000000012
307 2 14 18 -0.03588400000000001
308 2 14 19 -0.02250300000000001
309 2 14 20 -0.02562150000000001
310 2 15 16 0.010399900000000004
311 2 15 17 0.020483000000000005
312 2 15 18 0.005322000000000006
313 2 15 19 0.004817499999999998
314 2 15 20 0.014137500000000002
315 2 16 17 -0.018866400000000005
316 2 16 18 0.02177860000000001
317 2 16 19 0.02510870000000001
318 2 16 20 0.03197460000000001
319 2 17 18 -0.027824000000000012
320 2 17 19 -0.001974000000000002
321 2 17 20 0.016945600000000005
322 2 18 19 0.0011400000000000013
323 2 18 20 -0.015232000000000002
324 2 19 20 0.006198000000000003
325 3 4 5 -0.0027024999999999974
326 3 4 6 -0.00023999999999999865
327 3 4 7 -0.003943850000000003
328 3 4 8 0.03226250000000001
329 3 4 9 -0.0062455
330 3 4 10 0.019303500000000008
331 3 4 11 0.006801000000000001
332 3 4 12 0.018161500000000007
333 3 4 13 0.03133600000000001
334 3 4 14 0.031827900000000006
335 3 4 15 0.026123500000000008
336 3 4 16 0.015561500000000008
337 3 4 17 0.00023099999999999794
338 3 4 18 -0.010790000000000004
339 3 4 19 0.0035905000000000004
340 3 4 20 -0.021416000000000008
341 3 5 6 0.014802500000000008
342 3 5 7 -0.03720900000000001
343 3 5 8 0.003878000000000004
344 3 5 9 -0.010014000000000002
345 3 5 10 -0.0036470000000000005
346 3 5 11 0.024624500000000007
347 3 5 12 0.006381000000000003
348 3 5 13 0.012560000000000003
349 3 5 14 -0.014885500000000005
350 3 5 15 -0.0007049499999999989
351 3 5 16 0.02173350000000001
352 3 5 17 0.008707100000000004
353 3 5 18 -0.011244500000000003
354 3 5 19 -0.03047450000000001
355 3 5 20 -0.062144000000000026
356 3 6 7 0.0071525
357 3 6 8 0.020301500000000007
358 3 6 9 -0.008971000000000005
359 3 6 10 0.006659000000000003
360 3 6 11 0.010803500000000004
361 3 6 12 0.012827300000000005
362 3 6 13 0.01872900000000001
363 3 6 14 -0.004996000000000002
364 3 6 15 -0.008704000000000003
365 3 6 16 -0.008139000000000006
366 3 6 17 0.009580500000000002
367 3 6 18 -0.003630500000000005
368 3 6 19 0.027398500000000006
369 3 6 20 -0.02978900000000001
370 3 7 8 0.03135650000000001
371 3 7 9 0.031437000000000014
372 3 7 10 0.035065750000000014
373 3 7 11 -0.004812500000000002
374 3 7 12 0.052751500000000014
375 3 7 13 0.02083550000000001
376 3 7 14 0.017753500000000012
377 3 7 15 0.015967000000000002
378 3 7 16 0.0034829999999999987
379 3 7 17 0.029782500000000014
380 3 7 18 0.028719200000000014
381 3 7 19 -0.005452500000000001
382 3 7 20 -0.03844150000000002
383 3 8 9 -0.022904500000000008
384 3 8 10 -0.007667000000000001
385 3 8 11 0.003178500000000001
386 3 8 12 -0.005313500000000002
387 3 8 13 -0.012902500000000008
388 3 8 14 -0.006428000000000002
389 3 8 15 -0.0020160000000000013
390 3 8 16 -0.011491500000000005
391 3 8 17 -0.002796000000000002
392 3 8 18 -0.02463000000000001
393 3 8 19 -0.015785000000000007
394 3 8 20 -0.005759000000000003
395 3 9 10 0.015399000000000006
396 3 9 11 -0.0030880000000000018
397 3 9 12 0.006680800000000003
398 3 9 13 -0.006146000000000004
399 3 9 14 0.02489150000000001
400 3 9 15 -0.0012079999999999999
401 3 9 16 0.028705000000000015
402 3 9 17 0.02413300000000001
403 3 9 18 0.02736800000000001
404 3 9 19 0.012735500000000005
405 3 9 20 -0.025408600000000014
406 3 10 11 -0.03162850000000002
407 3 10 12 -0.03230000000000001
408 3 10 13 -0.0016400000000000032
409 3 10 14 -0.008112000000000003
410 3 10 15 -0.013850050000000004
411 3 10 16 0.0016064999999999988
412 3 10 17 -0.005671500000000003
413 3 10 18 -0.02440300000000001
414 3 10 19 -0.017544500000000008
415 3 10 20 -0.013893500000000007
416 3 11 12 0.009373750000000004
417 3 11 13 0.013669000000000002
418 3 11 14 0.007539500000000004
419 3 11 15 -0.0034020000000000014
420 3 11 16 0.019954500000000007
421 3 11 17 0.025820000000000006
422 3 11 18 0.011247090000000005
423 3 11 19 -0.0016315000000000004
424 3 11 20 0.0007410000000000002
425 3 12 13 -0.00015850000000000036
426 3 12 14 -0.005735500000000001
427 3 12 15 -0.015131500000000006
428 3 12 16 0.013596000000000006
429 3 12 17 -0.0009985000000000011
430 3 12 18 0.027104500000000007
431 3 12 19 0.006442500000000002
432 3 12 20 -0.02645330000000001
433 3 13 14 -0.03142600000000001
434 3 13 15 -0.0049130000000000024
435 3 13 16 0.0065255000000000035
436 3 13 17 0.010435000000000003
437 3 13 18 -0.012827750000000004
438 3 13 19 -0.02695250000000001
439 3 13 20 -0.024154000000000005
440 3 14 15 0.007886000000000004
441 3 14 16 0.007653000000000002
442 3 14 17 -0.004011250000000003
443 3 14 18 -0.030951000000000013
444 3 14 19 -0.03331700000000001
445 3 14 20 -0.05832650000000003
446 3 15 16 -0.003789500000000003
447 3 15 17 0.007997500000000001
448 3 15 18 -0.020954500000000004
449 3 15 19 -0.03720600000000002
450 3 15 20 -0.049777000000000016
451 3 16 17 -0.017162500000000008
452 3 16 18 0.009691500000000004
453 3 16 19 -0.002725400000000001
454 3 16 20 -0.017750500000000002
455 3 17 18 -0.04161500000000001
456 3 17 19 -0.03151200000000001
457 3 17 20 -0.03448340000000002
458 3 18 19 -0.014607000000000004
459 3 18 20 -0.05287000000000002
460 3 19 20 -0.015693000000000002
461 4 5 6 0.012340000000000005
462 4 5 7 -0.03596765000000001
463 4 5 8 -0.031087000000000007
464 4 5 9 -0.006471000000000003
465 4 5 10 -0.025653000000000006
466 4 5 11 0.015121000000000006
467 4 5 12 -0.014483000000000005
468 4 5 13 -0.021478500000000005
469 4 5 14 -0.04941590000000002
470 4 5 15 -0.029530950000000007
471 4 5 16 0.0034695000000000043
472 4 5 17 0.005773600000000006
473 4 5 18 -0.003156999999999997
474 4 5 19 -0.036767500000000015
475 4 5 20 -0.04343050000000002
476 4 6 7 0.010856350000000006
477 4 6 8 -0.012200999999999998
478 4 6 9 -0.0029655000000000024
479 4 6 10 -0.012884500000000004
480 4 6 11 0.0037625000000000037
481 4 6 12 -0.0055742000000000005
482 4 6 13 -0.012847000000000003
483 4 6 14 -0.03706390000000002
484 4 6 15 -0.035067500000000015
485 4 6 16 -0.023940500000000007
486 4 6 17 0.009109500000000006
487 4 6 18 0.006919500000000003
488 4 6 19 0.02356800000000001
489 4 6 20 -0.008613000000000003
490 4 7 8 -0.004849850000000002
491 4 7 9 0.033738650000000016
492 4 7 10 0.011818400000000005
493 4 7 11 -0.015557350000000005
494 4 7 12 0.03064615000000001
495 4 7 13 -0.014444350000000003
496 4 7 14 -0.018018250000000006
497 4 7 15 -0.014100350000000005
498 4 7 16 -0.016022350000000008
499 4 7 17 0.025607650000000013
500 4 7 18 0.035565350000000016
501 4 7 19 -0.012986850000000005
502 4 7 20 -0.02096935000000001
503 4 8 9 0.015603500000000005
504 4 8 10 0.005292000000000004
505 4 8 11 0.028640000000000006
506 4 8 12 0.008787500000000002
507 4 8 13 -0.011976000000000006
508 4 8 14 -0.005993400000000004
509 4 8 15 0.004123000000000002
510 4 8 16 0.005209500000000002
511 4 8 17 0.029235500000000015
512 4 8 18 0.01842250000000001
513 4 8 19 0.012887000000000003
514 4 8 20 0.04791950000000002
515 4 9 10 -0.01015
516 4 9 11 -0.016134500000000003
517 4 9 12 -0.017726200000000004
518 4 9 13 -0.043727500000000016
519 4 9 14 -0.013181899999999998
520 4 9 15 -0.03357700000000001
521 4 9 16 0.0068980000000000066
522 4 9 17 0.01765650000000001
523 4 9 18 0.03191250000000002
524 4 9 19 0.002899500000000003
525 4 9 20 -0.010238100000000002
526 4 10 11 -0.019126000000000004
527 4 10 12 -0.03115800000000001
528 4 10 13 -0.013672500000000004
529 4 10 14 -0.020636400000000006
530 4 10 15 -0.020670050000000006
531 4 10 16 0.005348500000000002
532 4 10 17 0.013401000000000005
533 4 10 18 0.0056905
534 4 10 19 -0.001831500000000002
535 4 10 20 0.02682600000000001
536 4 11 12 -0.001986750000000001
537 4 11 13 -0.010866000000000006
538 4 11 14 -0.017487400000000004
539 4 11 15 -0.022724500000000005
540 4 11 16 0.011194000000000004
541 4 11 17 0.032390000000000016
542 4 11 18 0.028838090000000007
543 4 11 19 0.0015790000000000005
544 4 11 20 0.028958000000000005
545 4 12 13 -0.013333000000000003
546 4 12 14 -0.019401900000000007
547 4 12 15 -0.023093500000000006
548 4 12 16 0.016196000000000006
549 4 12 17 0.01693200000000001
550 4 12 18 0.056056000000000016
551 4 12 19 0.02101350000000001
552 4 12 20 0.013124200000000004
553 4 13 14 -0.031917900000000006
554 4 13 15 0.0002994999999999971
555 4 13 16 0.022300000000000007
556 4 13 17 0.041540000000000014
557 4 13 18 0.02929825000000002
558 4 13 19 0.0007929999999999995
559 4 13 20 0.02859800000000001
560 4 14 15 0.013590400000000004
561 4 14 16 0.023919400000000007
562 4 14 17 0.02758565000000001
563 4 14 18 0.011666900000000004
564 4 14 19 -0.005079600000000003
565 4 14 20 -0.005082600000000003
566 4 15 16 0.006772500000000002
567 4 15 17 0.03389000000000001
568 4 15 18 0.015959000000000008
569 4 15 19 -0.014673000000000009
570 4 15 20 -0.0022375000000000042
571 4 16 17 -0.0018320000000000007
572 4 16 18 0.03604300000000001
573 4 16 19 0.009245600000000003
574 4 16 20 0.019227000000000005
575 4 17 18 -0.03059400000000001
576 4 17 19 -0.03487150000000001
577 4 17 20 -0.012836400000000008
578 4 18 19 -0.028987500000000013
579 4 18 20 -0.04224400000000002
580 4 19 20 0.009313500000000004
581 5 6 7 0.059164000000000015
582 5 6 8 0.031226000000000007
583 5 6 9 0.015845500000000005
584 5 6 10 0.02510850000000001
585 5 6 11 0.0009815000000000021
586 5 6 12 0.02124880000000001
587 5 6 13 0.020971500000000007
588 5 6 14 0.024692000000000013
589 5 6 15 0.006803450000000003
590 5 6 16 -0.015070000000000005
591 5 6 17 0.015675900000000003
592 5 6 18 0.022416500000000006
593 5 6 19 0.07267550000000003
594 5 6 20 0.04715750000000002
595 5 7 8 -0.009730500000000003
596 5 7 9 0.004242000000000002
597 5 7 10 0.0015037500000000014
598 5 7 11 -0.06664600000000002
599 5 7 12 0.009161500000000003
600 5 7 13 -0.02893350000000001
601 5 7 14 -0.004569999999999998
602 5 7 15 -0.020537050000000008
603 5 7 16 -0.055459500000000016
604 5 7 17 -0.016133600000000005
605 5 7 18 0.0027547000000000006
606 5 7 19 -0.012187000000000003
607 5 7 20 -0.013506500000000005
608 5 8 9 -0.009012500000000001
609 5 8 10 -0.00014199999999999773
610 5 8 11 -0.017568000000000007
611 5 8 12 -0.0078165
612 5 8 13 -0.02158450000000001
613 5 8 14 0.012335500000000004
614 5 8 15 0.0025669500000000014
615 5 8 16 -0.029347000000000015
616 5 8 17 -0.007625100000000002
617 5 8 18 -0.0095075
618 5 8 19 0.018567500000000004
619 5 8 20 0.060263000000000025
620 5 9 10 0.009032000000000004
621 5 9 11 -0.03772650000000001
622 5 9 12 -0.009714200000000004
623 5 9 13 -0.02872000000000001
624 5 9 14 0.02976300000000002
625 5 9 15 -0.010517050000000005
626 5 9 16 -0.0030424999999999988
627 5 9 17 0.005411900000000001
628 5 9 18 0.02859850000000001
629 5 9 19 0.03319600000000002
630 5 9 20 0.026721400000000013
631 5 10 11 -0.059900000000000016
632 5 10 12 -0.04232800000000002
633 5 10 13 -0.01784700000000001
634 5 10 14 0.0031265
635 5 10 15 -0.016792100000000008
636 5 10 16 -0.02377400000000001
637 5 10 17 -0.01802560000000001
638 5 10 18 -0.016805500000000008
639 5 10 19 0.009283000000000001
640 5 10 20 0.04460350000000001
641 5 11 12 0.027617250000000006
642 5 11 13 0.025733500000000006
643 5 11 14 0.04704950000000002
644 5 11 15 0.021927450000000008
645 5 11 16 0.022845500000000008
646 5 11 17 0.041737400000000015
647 5 11 18 0.04711609000000001
648 5 11 19 0.05346750000000002
649 5 11 20 0.08750950000000003
650 5 12 13 -0.006337500000000001
651 5 12 14 0.015531000000000007
652 5 12 15 -0.008045550000000004
653 5 12 16 -0.0017565000000000002
654 5 12 17 -0.0033246000000000013
655 5 12 18 0.04473000000000002
656 5 12 19 0.04329800000000002
657 5 12 20 0.04207170000000002
658 5 13 14 -0.003980500000000002
659 5 13 15 0.008351950000000004
660 5 13 16 -0.0026480000000000015
661 5 13 17 0.014287900000000003
662 5 13 18 0.010976750000000002
663 5 13 19 0.016082000000000006
664 5 13 20 0.050550000000000025
665 5 14 15 -0.006294550000000004
666 5 14 16 -0.028966000000000016
667 5 14 17 -0.027603850000000013
668 5 14 18 -0.03459200000000002
669 5 14 19 -0.017728000000000008
670 5 14 20 -0.011068000000000005
671 5 15 16 -0.02622795000000001
672 5 15 17 -0.0014145500000000012
673 5 15 18 -0.010414950000000004
674 5 15 19 -0.007436450000000002
675 5 15 20 0.011662050000000005
676 5 16 17 -0.004136100000000003
677 5 16 18 0.042669500000000006
678 5 16 19 0.04948260000000001
679 5 16 20 0.06612700000000002
680 5 17 18 -0.021663400000000006
681 5 17 19 0.007669599999999999
682 5 17 20 0.03636770000000001
683 5 18 19 0.004623000000000002
684 5 18 20 -0.001970499999999998
685 5 19 20 0.015976500000000008
686 6 7 8 0.018207500000000005
687 6 7 9 0.04756050000000002
688 6 7 10 0.03555925000000001
689 6 7 11 -0.008463500000000004
690 6 7 12 0.04707670000000003
691 6 7 13 0.009259000000000005
692 6 7 14 0.029902000000000015
693 6 7 15 0.03182350000000001
694 6 7 16 0.018774500000000006
695 6 7 17 0.02735450000000001
696 6 7 18 0.03950220000000001
697 6 7 19 -0.025698500000000013
698 6 7 20 -0.001500000000000002
699 6 8 9 0.006368000000000004
700 6 8 10 0.0059755000000000025
701 6 8 11 0.012676500000000005
702 6 8 12 0.002160700000000001
703 6 8 13 -0.011330000000000005
704 6 8 14 0.018869500000000008
705 6 8 15 0.02698950000000001
706 6 8 16 0.01694900000000001
707 6 8 17 0.007925000000000005
708 6 8 18 -0.0006979999999999989
709 6 8 19 -0.022882000000000007
710 6 8 20 0.04433150000000002
711 6 9 10 -0.00023099999999999935
712 6 9 11 -0.022862500000000004
713 6 9 12 -0.015117500000000008
714 6 9 13 -0.03384600000000001
715 6 9 14 0.020916500000000008
716 6 9 15 -0.0014750000000000004
717 6 9 16 0.027873000000000012
718 6 9 17 0.005581500000000001
719 6 9 18 0.022027500000000012
720 6 9 19 -0.023634000000000006
721 6 9 20 -0.004590600000000002
722 6 10 11 -0.03577300000000001
723 6 10 12 -0.03846830000000001
724 6 10 13 -0.013710000000000005
725 6 10 14 0.0035430000000000027
726 6 10 15 0.0015129500000000003
727 6 10 16 0.016404500000000006
728 6 10 17 -0.008593000000000003
729 6 10 18 -0.014113500000000006
730 6 10 19 -0.03828400000000001
731 6 10 20 0.02255450000000001
732 6 11 12 0.007349950000000002
733 6 11 13 0.0057435
734 6 11 14 0.023339000000000013
735 6 11 15 0.016105500000000005
736 6 11 16 0.03889700000000002
737 6 11 17 0.027043000000000008
738 6 11 18 0.02568109000000001
739 6 11 19 -0.018226500000000007
740 6 11 20 0.041333500000000016
741 6 12 13 -0.006060200000000001
742 6 12 14 0.012087800000000006
743 6 12 15 0.006399800000000002
744 6 12 16 0.03456230000000002
745 6 12 17 0.0022483000000000013
746 6 12 18 0.04356230000000002
747 6 12 19 -0.008128700000000003
748 6 12 20 0.016163000000000004
749 6 13 14 -0.007701000000000002
750 6 13 15 0.02252000000000001
751 6 13 16 0.033393500000000007
752 6 13 17 0.019583500000000004
753 6 13 18 0.009531750000000007
754 6 13 19 -0.03562200000000001
755 6 13 20 0.02436400000000001
756 6 14 15 0.011594000000000007
757 6 14 16 0.010796000000000004
758 6 14 17 -0.018587750000000004
759 6 14 18 -0.03231650000000001
760 6 14 19 -0.06571150000000002
761 6 14 20 -0.033533500000000015
762 6 15 16 -0.004354500000000002
763 6 15 17 -0.010287000000000003
764 6 15 18 -0.026028000000000003
765 6 15 19 -0.07330850000000003
766 6 15 20 -0.02869200000000001
767 6 16 17 -0.03488200000000002
768 6 16 18 0.005183000000000004
769 6 16 19 -0.03826290000000001
770 6 16 20 0.003899500000000002
771 6 17 18 -0.028404000000000006
772 6 17 19 -0.04933000000000001
773 6 17 20 0.004886100000000002
774 6 18 19 -0.04563600000000002
775 6 18 20 -0.026711500000000013
776 6 19 20 0.04149450000000002
777 7 8 9 -0.02298500000000001
778 7 8 10 -0.011376250000000003
779 7 8 11 0.039347500000000014
780 7 8 12 -0.026708500000000013
781 7 8 13 -0.002381500000000004
782 7 8 14 0.007175000000000001
783 7 8 15 0.013373500000000003
784 7 8 16 0.016382000000000008
785 7 8 17 -0.0012220000000000013
786 7 8 18 -0.021992700000000004
787 7 8 19 0.021024000000000004
788 7 8 20 0.06403900000000003
789 7 9 10 0.011770250000000005
790 7 9 11 0.03316150000000001
791 7 9 12 -0.014633700000000006
792 7 9 13 0.0044555
793 7 9 14 0.03857500000000002
794 7 9 15 0.014262000000000004
795 7 9 16 0.05665900000000002
796 7 9 17 0.02578750000000001
797 7 9 18 0.030085800000000013
798 7 9 19 0.049625000000000016
799 7 9 20 0.044469900000000014
800 7 10 11 0.008249750000000004
801 7 10 12 -0.049985750000000016
802 7 10 13 0.012590250000000002
803 7 10 14 0.009200250000000002
804 7 10 15 0.005248700000000002
805 7 10 16 0.03318925000000001
806 7 10 17 -0.0003882500000000012
807 7 10 18 -0.01805645000000001
808 7 10 19 0.022973750000000005
809 7 10 20 0.059613750000000014
810 7 11 12 -0.048190250000000025
811 7 11 13 -0.011979000000000007
812 7 11 14 -0.015026500000000007
813 7 11 15 -0.02418150000000001
814 7 11 16 0.011659000000000008
815 7 11 17 -0.008775000000000005
816 7 11 18 -0.02228461000000001
817 7 11 19 -0.000991500000000001
818 7 11 20 0.03437000000000001
819 7 12 13 0.03175750000000001
820 7 12 14 0.02926250000000001
821 7 12 15 0.021653000000000006
822 7 12 16 0.06286450000000003
823 7 12 17 0.021970500000000004
824 7 12 18 0.051136800000000024
825 7 12 19 0.06464650000000002
826 7 12 20 0.06473970000000003
827 7 13 14 -0.02834400000000001
828 7 13 15 -4.4499999999997334e-5
829 7 13 16 0.023878000000000014
830 7 13 17 0.0014880000000000008
831 7 13 18 -0.020711450000000003
832 7 13 19 -0.0006644999999999988
833 7 13 20 0.035123000000000015
834 7 14 15 0.009672500000000006
835 7 14 16 0.021923500000000012
836 7 14 17 -0.016040250000000006
837 7 14 18 -0.041916700000000015
838 7 14 19 -0.010111000000000004
839 7 14 20 -0.002131499999999998
840 7 15 16 0.008694500000000004
841 7 15 17 -0.005818000000000004
842 7 15 18 -0.03370670000000001
843 7 15 19 -0.01578650000000001
844 7 15 20 0.004631500000000001
845 7 16 17 -0.04346200000000002
846 7 16 18 -0.015544700000000007
847 7 16 19 0.006210099999999999
848 7 16 20 0.02417400000000001
849 7 17 18 -0.04055170000000001
850 7 17 19 0.0037229999999999997
851 7 17 20 0.033740600000000016
852 7 18 19 0.019564700000000008
853 7 18 20 0.01429070000000001
854 7 19 20 0.01729600000000001
855 8 9 10 0.0001615000000000006
856 8 9 11 -0.02917100000000001
857 8 9 12 -0.010910200000000004
858 8 9 13 -0.016148000000000006
859 8 9 14 0.008415000000000008
860 8 9 15 -0.022096500000000005
861 8 9 16 0.01729200000000001
862 8 9 17 0.004024500000000002
863 8 9 18 0.029093500000000008
864 8 9 19 0.005616000000000004
865 8 9 20 -0.04255410000000002
866 8 10 11 -0.04247400000000002
867 8 10 12 -0.03465350000000001
868 8 10 13 0.0035955000000000023
869 8 10 14 -0.009351000000000002
870 8 10 15 -0.01950105000000001
871 8 10 16 0.0054310000000000035
872 8 10 17 -0.010542500000000003
873 8 10 18 -0.007440000000000005
874 8 10 19 -0.009426500000000003
875 8 10 20 -0.015801500000000003
876 8 11 12 0.017865750000000007
877 8 11 13 0.02975000000000001
878 8 11 14 0.01714600000000001
879 8 11 15 0.0017925000000000016
880 8 11 16 0.034624500000000016
881 8 11 17 0.03179450000000002
882 8 11 18 0.03905559000000001
883 8 11 19 0.017332000000000007
884 8 11 20 0.009678500000000003
885 8 12 13 0.007430500000000007
886 8 12 14 -0.004621
887 8 12 15 -0.018429000000000004
888 8 12 16 0.01977400000000001
889 8 12 17 -0.0035160000000000013
890 8 12 18 0.04642100000000002
891 8 12 19 0.01691400000000001
892 8 12 20 -0.026007800000000005
893 8 13 14 -0.03790050000000002
894 8 13 15 -0.015799500000000005
895 8 13 16 0.005114500000000002
896 8 13 17 0.0003284999999999984
897 8 13 18 -0.0011002500000000038
898 8 13 19 -0.024070000000000008
899 8 13 20 -0.031297500000000006
900 8 14 15 0.003474
901 8 14 16 0.012716500000000006
902 8 14 17 -0.007643250000000003
903 8 14 18 -0.012749000000000007
904 8 14 19 -0.02396000000000001
905 8 14 20 -0.05899550000000002
906 8 15 16 0.005686000000000003
907 8 15 17 0.008777500000000004
908 8 15 18 0.0016594999999999976
909 8 15 19 -0.02343700000000001
910 8 15 20 -0.04603400000000001
911 8 16 17 -0.025858000000000013
912 8 16 18 0.022830000000000007
913 8 16 19 0.0015681000000000007
914 8 16 20 -0.023483000000000007
915 8 17 18 -0.01978100000000001
916 8 17 19 -0.018523000000000005
917 8 17 20 -0.03152040000000001
918 8 18 19 -0.023452000000000004
919 8 18 20 -0.07174100000000003
920 8 19 20 -0.025719000000000013
921 9 10 11 -0.013141500000000006
922 9 10 12 -0.023581800000000007
923 9 10 13 0.019905000000000006
924 9 10 14 -0.01760450000000001
925 9 10 15 0.0027569500000000015
926 9 10 16 -0.011699500000000005
927 9 10 17 -0.014405500000000003
928 9 10 18 -0.036372000000000015
929 9 10 19 -0.014881000000000005
930 9 10 20 0.026914100000000014
931 9 11 12 -0.0003950500000000004
932 9 11 13 0.016727000000000006
933 9 11 14 -0.02044000000000001
934 9 11 15 -0.005282000000000002
935 9 11 16 -0.011838500000000004
936 9 11 17 -0.001401
937 9 11 18 -0.01920891000000001
938 9 11 19 -0.017455000000000005
939 9 11 20 0.02306160000000001
940 9 12 13 0.012668300000000006
941 9 12 14 -0.02394620000000001
942 9 12 15 -0.007242700000000002
943 9 12 16 -0.008428200000000005
944 9 12 17 -0.018450700000000004
945 9 12 18 0.0064173000000000025
946 9 12 19 0.0003878000000000008
947 9 12 20 0.005636100000000002
948 9 13 14 -0.062463500000000026
949 9 13 15 -0.009851000000000009
950 9 13 16 -0.028325500000000014
951 9 13 17 -0.01984400000000001
952 9 13 18 -0.04634175000000002
953 9 13 19 -0.045834000000000014
954 9 13 20 -0.004891400000000003
955 9 14 15 0.03398550000000001
956 9 14 16 0.0038395000000000026
957 9 14 17 -0.0032527499999999987
958 9 14 18 -0.03342750000000001
959 9 14 19 -0.02116100000000001
960 9 14 20 -0.008026400000000001
961 9 15 16 -0.03370250000000002
962 9 15 17 -0.017343500000000005
963 9 15 18 -0.04953050000000002
964 9 15 19 -0.05114950000000002
965 9 15 20 -0.02557640000000001
966 9 16 17 -0.012590500000000003
967 9 16 18 0.011028500000000004
968 9 16 19 0.013244100000000005
969 9 16 20 0.036363100000000016
970 9 17 18 -0.04485000000000002
971 9 17 19 -0.020114500000000007
972 9 17 20 0.015058200000000004
973 9 18 19 2.5500000000001917e-5
974 9 18 20 -9.33999999999963e-5
975 9 19 20 0.022451100000000012
976 10 11 12 0.01004525
977 10 11 13 -0.016319500000000008
978 10 11 14 -0.015977000000000005
979 10 11 15 -0.021180450000000007
980 10 11 16 -0.013280500000000004
981 10 11 17 -0.00013699999999999967
982 10 11 18 0.004021590000000002
983 10 11 19 -0.015715500000000004
984 10 11 20 -0.01699400000000001
985 10 12 13 -0.030818500000000002
986 10 12 14 -0.029923500000000013
987 10 12 15 -0.033581450000000006
988 10 12 16 -0.020310500000000006
989 10 12 17 -0.027627000000000006
990 10 12 18 0.019207500000000013
991 10 12 19 -0.008313
992 10 12 20 -0.04485980000000002
993 10 13 14 -0.02495400000000001
994 10 13 15 0.007297050000000001
995 10 13 16 0.0032789999999999994
996 10 13 17 0.014466500000000004
997 10 13 18 0.009935250000000005
998 10 13 19 -0.011048000000000002
999 10 13 20 -0.011900500000000001
1000 10 14 15 0.013624050000000007
1001 10 14 16 -0.0020655000000000014
1002 10 14 17 -0.006451750000000002
1003 10 14 18 -0.014660000000000003
1004 10 14 19 -0.02388450000000001
1005 10 14 20 -0.052545000000000015
1006 10 15 16 -0.019246050000000004
1007 10 15 17 -0.00018105000000000071
1008 10 15 18 -0.010401550000000002
1009 10 15 19 -0.03351155000000001
1010 10 15 20 -0.04973355000000002
1011 10 16 17 -0.009884500000000004
1012 10 16 18 0.03570100000000002
1013 10 16 19 0.01642560000000001
1014 10 16 20 -0.0022505000000000003
1015 10 17 18 -0.022883500000000005
1016 10 17 19 -0.01963900000000001
1017 10 17 20 -0.026261400000000015
1018 10 18 19 -0.021465500000000005
1019 10 18 20 -0.06337950000000002
1020 10 19 20 -0.019344000000000007
1021 11 12 13 -0.004453749999999999
1022 11 12 14 -0.0039012500000000024
1023 11 12 15 -0.00235575
1024 11 12 16 0.003015250000000001
1025 11 12 17 -0.017444750000000005
1026 11 12 18 0.02523116000000001
1027 11 12 19 0.01744775000000001
1028 11 12 20 -0.017820550000000004
1029 11 13 14 -0.02529650000000001
1030 11 13 15 0.012158000000000002
1031 11 13 16 0.00023999999999999865
1032 11 13 17 -0.0017160000000000042
1033 11 13 18 -0.010405840000000003
1034 11 13 19 -0.011652000000000006
1035 11 13 20 -0.011226000000000002
1036 11 14 15 0.01882750000000001
1037 11 14 16 -0.0047620000000000015
1038 11 14 17 -0.02229175000000001
1039 11 14 18 -0.03465859000000001
1040 11 14 19 -0.024146000000000008
1041 11 14 20 -0.05152800000000002
1042 11 15 16 -0.027146000000000014
1043 11 15 17 -0.02122450000000001
1044 11 15 18 -0.03560359000000001
1045 11 15 19 -0.03897650000000002
1046 11 15 20 -0.053920000000000017
1047 11 16 17 -0.023028000000000007
1048 11 16 18 0.018398910000000008
1049 11 16 19 0.01886060000000001
1050 11 16 20 0.0014630000000000023
1051 11 17 18 -0.027042090000000008
1052 11 17 19 -0.004060500000000004
1053 11 17 20 -0.009404400000000002
1054 11 18 19 -0.0017284100000000003
1055 11 18 20 -0.04236391000000001
1056 11 19 20 -0.018065500000000005
1057 12 13 14 -0.02584900000000001
1058 12 13 15 0.010060000000000003
1059 12 13 16 -0.007228999999999999
1060 12 13 17 0.011275000000000004
1061 12 13 18 -0.040090750000000015
1062 12 13 19 -0.03355350000000002
1063 12 13 20 0.0021408000000000017
1064 12 14 15 0.017282000000000006
1065 12 14 16 -0.011678500000000005
1066 12 14 17 -0.008748250000000003
1067 12 14 18 -0.06379100000000003
1068 12 14 19 -0.045495000000000015
1069 12 14 20 -0.037608700000000016
1070 12 15 16 -0.03251700000000002
1071 12 15 17 -0.006135500000000002
1072 12 15 18 -0.06319050000000001
1073 12 15 19 -0.05878000000000003
1074 12 15 20 -0.038455200000000016
1075 12 16 17 -0.002567999999999999
1076 12 16 18 -0.003817000000000002
1077 12 16 19 0.004428100000000002
1078 12 16 20 0.02229880000000001
1079 12 17 18 -0.06971800000000003
1080 12 17 19 -0.038953000000000015
1081 12 17 20 -0.009028600000000003
1082 12 18 19 0.006055000000000006
1083 12 18 20 0.0006878000000000025
1084 12 19 20 0.017202800000000008
1085 13 14 15 -0.01862700000000001
1086 13 14 16 -0.03029850000000001
1087 13 14 17 -0.04587225000000001
1088 13 14 18 -0.04954925000000002
1089 13 14 19 -0.03779050000000002
1090 13 14 20 -0.06559850000000003
1091 13 15 16 -0.015228000000000007
1092 13 15 17 -0.007350500000000002
1093 13 15 18 -0.013039750000000004
1094 13 15 19 -0.01516650000000001
1095 13 15 20 -0.030536000000000015
1096 13 16 17 -0.021072000000000007
1097 13 16 18 0.029044750000000008
1098 13 16 19 0.030752600000000012
1099 13 16 20 0.012929000000000006
1100 13 17 18 -0.018352250000000007
1101 13 17 19 0.0058755
1102 13 17 20 0.00010559999999999846
1103 13 18 19 -0.0004822499999999995
1104 13 18 20 -0.04154375000000002
1105 13 19 20 -0.018491500000000004
1106 14 15 16 -0.0035565000000000015
1107 14 15 17 0.019894750000000006
1108 14 15 18 0.01788250000000001
1109 14 15 19 0.003997000000000001
1110 14 15 20 0.016435500000000002
1111 14 16 17 -0.0054982500000000005
1112 14 16 18 0.04829550000000002
1113 14 16 19 0.03824460000000002
1114 14 16 20 0.04822900000000002
1115 14 17 18 -0.014675250000000006
1116 14 17 19 -0.002206250000000002
1117 14 17 20 0.01983185000000001
1118 14 18 19 -0.012241000000000004
1119 14 18 20 -0.025494500000000007
1120 14 19 20 0.009316500000000004
1121 15 16 17 -0.028949500000000013
1122 15 16 18 0.026856500000000002
1123 15 16 19 0.03069110000000001
1124 15 16 20 0.028237000000000012
1125 15 17 18 -0.012663000000000008
1126 15 17 19 0.013691500000000002
1127 15 17 20 0.023291100000000006
1128 15 18 19 0.0016445000000000034
1129 15 18 20 -0.024047500000000006
1130 15 19 20 -0.003122000000000001
1131 16 17 18 -0.06846900000000003
1132 16 17 19 -0.045949100000000014
1133 16 17 20 -0.03389540000000001
1134 16 18 19 -0.0021901
1135 16 18 20 -0.02542800000000001
1136 16 19 20 -0.0006679000000000007
1137 17 18 19 -0.02471000000000001
1138 17 18 20 -0.060001600000000016
1139 17 19 20 -0.012721600000000005
1140 18 19 20 0.02257000000000001
