t i j k u[t]=u_ijk
1 1 2 3 0.06674399999999998
2 1 2 4 0.024488999999999993
3 1 2 5 0.0414605
4 1 2 6 -0.011356499999999997
5 1 2 7 -0.0026244999999999984
6 1 2 8 -0.0011739999999999969
7 1 2 9 -0.008099999999999994
8 1 2 10 0.025500499999999992
9 1 2 11 0.018989999999999993
10 1 2 12 0.061282499999999976
11 1 2 13 -0.005304499999999993
12 1 2 14 -0.008643999999999999
13 1 2 15 0.052103
14 1 2 16 0.018574499999999994
15 1 2 17 0.02121949999999999
16 1 2 18 -0.013553499999999993
17 1 2 19 -0.016826999999999998
18 1 2 20 -0.019541499999999996
19 1 3 4 0.025973499999999993
20 1 3 5 -0.0063459999999999975
21 1 3 6 -0.023427499999999997
22 1 3 7 -0.007308550000000001
23 1 3 8 0.019715999999999994
24 1 3 9 -0.008894999999999997
25 1 3 10 -0.035220499999999995
26 1 3 11 -0.030109
27 1 3 12 0.0024429999999999916
28 1 3 13 0.007651500000000001
29 1 3 14 -0.029546999999999997
30 1 3 15 -0.009796499999999996
31 1 3 16 0.002517899999999996
32 1 3 17 -0.012006500000000005
33 1 3 18 0.01676149999999999
34 1 3 19 -0.009837000000000002
35 1 3 20 0.0012481849999999982
36 1 4 5 -0.0036589999999999973
37 1 4 6 -0.05183799999999999
38 1 4 7 -0.01241
39 1 4 8 0.014844499999999995
40 1 4 9 -0.048699499999999986
41 1 4 10 -0.0344045
42 1 4 11 0.011567499999999994
43 1 4 12 -0.005323500000000007
44 1 4 13 -0.004076499999999993
45 1 4 14 -0.029078999999999994
46 1 4 15 0.05062949999999998
47 1 4 16 0.0034760999999999963
48 1 4 17 -0.011339500000000006
49 1 4 18 0.025638499999999988
50 1 4 19 -0.019396999999999998
51 1 4 20 -0.02239499999999999
52 1 5 6 -0.002709000000000005
53 1 5 7 -0.028730499999999996
54 1 5 8 -0.022571499999999994
55 1 5 9 -0.037398499999999994
56 1 5 10 -0.021083499999999998
57 1 5 11 -0.002162000000000005
58 1 5 12 0.0025909999999999913
59 1 5 13 0.003007500000000001
60 1 5 14 -0.0657145
61 1 5 15 0.013203499999999995
62 1 5 16 -0.0007110000000000045
63 1 5 17 0.00453974999999999
64 1 5 18 -0.006914000000000002
65 1 5 19 -0.036402
66 1 5 20 -0.05622549999999998
67 1 6 7 0.021541499999999995
68 1 6 8 0.0575565
69 1 6 9 0.018177999999999996
70 1 6 10 0.02634499999999999
71 1 6 11 0.030753499999999993
72 1 6 12 0.04285399999999998
73 1 6 13 0.0194145
74 1 6 14 -0.025368499999999995
75 1 6 15 -0.015098499999999992
76 1 6 16 -0.014852499999999998
77 1 6 17 0.04126449999999998
78 1 6 18 0.033858999999999986
79 1 6 19 0.044111999999999985
80 1 6 20 0.009701000000000001
81 1 7 8 0.03590899999999999
82 1 7 9 0.004092500000000002
83 1 7 10 0.02447199999999999
84 1 7 11 -0.04417149999999999
85 1 7 12 0.052319499999999984
86 1 7 13 0.0251261
87 1 7 14 -0.027363499999999992
88 1 7 15 0.03399649999999999
89 1 7 16 -0.021092999999999997
90 1 7 17 0.0033829999999999963
91 1 7 18 0.024671499999999996
92 1 7 19 -0.05078099999999999
93 1 7 20 -0.04992499999999998
94 1 8 9 -0.04095399999999999
95 1 8 10 -0.010962000000000001
96 1 8 11 -0.029010499999999995
97 1 8 12 0.027251999999999985
98 1 8 13 -0.01925349999999999
99 1 8 14 -0.04135299999999999
100 1 8 15 -0.008034999999999997
101 1 8 16 -0.024040499999999996
102 1 8 17 -0.008245500000000003
103 1 8 18 -0.023989
104 1 8 19 -0.042439
105 1 8 20 0.021946499999999994
106 1 9 10 0.044075499999999976
107 1 9 11 0.004746499999999996
108 1 9 12 0.028761999999999985
109 1 9 13 -0.017098999999999993
110 1 9 14 0.02340299999999999
111 1 9 15 0.022985999999999996
112 1 9 16 0.06396399999999998
113 1 9 17 0.037179999999999984
114 1 9 18 0.07672499999999999
115 1 9 19 0.030084999999999983
116 1 9 20 -0.012695799999999998
117 1 10 11 -0.03762424999999999
118 1 10 12 -0.03572149999999999
119 1 10 13 0.012057000000000005
120 1 10 14 -0.03501399999999999
121 1 10 15 -0.0033244999999999933
122 1 10 16 -0.014157999999999995
123 1 10 17 0.010000499999999996
124 1 10 18 -0.007371999999999995
125 1 10 19 -0.050321999999999985
126 1 10 20 0.0034785
127 1 11 12 0.04831349999999998
128 1 11 13 -0.009678499999999993
129 1 11 14 0.006051499999999999
130 1 11 15 0.010667500000000002
131 1 11 16 0.04347249999999999
132 1 11 17 0.05732749999999998
133 1 11 18 0.026749499999999996
134 1 11 19 0.017720099999999992
135 1 11 20 0.023557499999999995
136 1 12 13 -0.0006098499999999895
137 1 12 14 -0.003510499999999996
138 1 12 15 0.015366000000000003
139 1 12 16 -0.004472999999999994
140 1 12 17 -0.028736999999999995
141 1 12 18 0.004123300000000005
142 1 12 19 -0.021480999999999993
143 1 12 20 -0.009411499999999991
144 1 13 14 -0.0606615
145 1 13 15 0.005796499999999997
146 1 13 16 0.013400999999999993
147 1 13 17 0.023732499999999983
148 1 13 18 0.0013989999999999949
149 1 13 19 -0.0319355
150 1 13 20 -0.01850115
151 1 14 15 0.06388099999999998
152 1 14 16 0.008317
153 1 14 17 0.035244999999999985
154 1 14 18 0.005313
155 1 14 19 -0.0037309999999999986
156 1 14 20 -0.03187399999999999
157 1 15 16 -0.027029999999999995
158 1 15 17 0.00636749999999999
159 1 15 18 0.004808999999999998
160 1 15 19 -0.05509049999999998
161 1 15 20 -0.028428999999999996
162 1 16 17 0.011740349999999993
163 1 16 18 0.03493599999999999
164 1 16 19 -0.002067000000000001
165 1 16 20 -0.005271199999999997
166 1 17 18 -0.02560949999999999
167 1 17 19 -0.03271199999999999
168 1 17 20 -0.023552999999999984
169 1 18 19 -0.049857499999999985
170 1 18 20 -0.05146149999999999
171 1 19 20 0.0218
172 2 3 4 0.06822849999999998
173 2 3 5 0.018937499999999993
174 2 3 6 0.05467299999999999
175 2 3 7 0.06205994999999998
176 2 3 8 0.08763399999999996
177 2 3 9 0.06594899999999998
178 2 3 10 0.006022999999999999
179 2 3 11 0.017644999999999997
180 2 3 12 0.007904499999999998
181 2 3 13 0.07969999999999998
182 2 3 14 0.04584099999999998
183 2 3 15 0.004844499999999997
184 2 3 16 0.05068739999999999
185 2 3 17 0.033517999999999985
186 2 3 18 0.09705899999999996
187 2 3 19 0.07373399999999998
188 2 3 20 0.08753368499999997
189 2 4 5 -0.020630499999999993
190 2 4 6 -0.015992499999999993
191 2 4 7 0.014703499999999993
192 2 4 8 0.040507499999999995
193 2 4 9 -0.016110499999999996
194 2 4 10 -0.035415999999999996
195 2 4 11 0.017066499999999995
196 2 4 12 -0.042116999999999995
197 2 4 13 0.025716999999999997
198 2 4 14 0.004054000000000001
199 2 4 15 0.02301549999999999
200 2 4 16 0.009390599999999997
201 2 4 17 -0.00807
202 2 4 18 0.06368099999999997
203 2 4 19 0.021919
204 2 4 20 0.021635500000000002
205 2 5 6 0.05010799999999998
206 2 5 7 0.015354499999999993
207 2 5 8 0.020063
208 2 5 9 0.012161999999999996
209 2 5 10 -0.005123499999999996
210 2 5 11 0.020308499999999993
211 2 5 12 -0.017230999999999993
212 2 5 13 0.04977249999999999
213 2 5 14 -0.015609999999999997
214 2 5 15 0.0025609999999999986
215 2 5 16 0.022174999999999993
216 2 5 17 0.024780749999999994
217 2 5 18 0.048099999999999976
218 2 5 19 0.021885499999999995
219 2 5 20 0.004776500000000004
220 2 6 7 0.012809499999999995
221 2 6 8 0.04737399999999999
222 2 6 9 0.014921499999999996
223 2 6 10 -0.010511999999999995
224 2 6 11 0.0004070000000000017
225 2 6 12 -0.029784999999999985
226 2 6 13 0.013362499999999996
227 2 6 14 -0.02808099999999999
228 2 6 15 -0.07855799999999999
229 2 6 16 -0.04478349999999999
230 2 6 17 0.008688499999999997
231 2 6 18 0.03605599999999999
232 2 6 19 0.04958249999999998
233 2 6 20 0.017885999999999996
234 2 7 8 0.034458499999999996
235 2 7 9 0.009567999999999998
236 2 7 10 -0.003652999999999998
237 2 7 11 -0.06578599999999998
238 2 7 12 -0.011587499999999992
239 2 7 13 0.02780609999999999
240 2 7 14 -0.02134399999999999
241 2 7 15 -0.020730999999999996
242 2 7 16 -0.04229199999999999
243 2 7 17 -0.02046099999999999
244 2 7 18 0.03560049999999999
245 2 7 19 -0.03657849999999999
246 2 7 20 -0.03300799999999998
247 2 8 9 -0.03402799999999999
248 2 8 10 -0.03763649999999999
249 2 8 11 -0.04917449999999999
250 2 8 12 -0.03520449999999999
251 2 8 13 -0.015122999999999992
252 2 8 14 -0.03388299999999999
253 2 8 15 -0.06131199999999999
254 2 8 16 -0.04378899999999998
255 2 8 17 -0.03063899999999999
256 2 8 18 -0.011609500000000003
257 2 8 19 -0.02678599999999999
258 2 8 20 0.04031399999999999
259 2 9 10 0.010474999999999998
260 2 9 11 -0.022343499999999995
261 2 9 12 -0.04062049999999998
262 2 9 13 -0.019894499999999996
263 2 9 14 0.023946999999999996
264 2 9 15 -0.037216999999999986
265 2 9 16 0.037289499999999996
266 2 9 17 0.007860499999999996
267 2 9 18 0.08217849999999997
268 2 9 19 0.038811999999999985
269 2 9 20 -0.0012542999999999955
270 2 10 11 -0.031113749999999985
271 2 10 12 -0.07150349999999997
272 2 10 13 0.04286199999999998
273 2 10 14 -0.0008694999999999992
274 2 10 15 -0.029926999999999995
275 2 10 16 -0.007231999999999997
276 2 10 17 0.014281499999999996
277 2 10 18 0.031681999999999995
278 2 10 19 -0.007994499999999996
279 2 10 20 0.04852049999999999
280 2 11 12 0.0060209999999999994
281 2 11 13 0.014615999999999992
282 2 11 14 0.033685499999999986
283 2 11 15 -0.022445499999999993
284 2 11 16 0.04388799999999998
285 2 11 17 0.05509799999999998
286 2 11 18 0.05929299999999998
287 2 11 19 0.05353709999999999
288 2 11 20 0.06208899999999999
289 2 12 13 0.06597714999999997
290 2 12 14 0.06641599999999998
291 2 12 15 0.024545499999999987
292 2 12 16 0.038235
293 2 12 17 0.011325999999999994
294 2 12 18 0.07895929999999997
295 2 12 19 0.056628499999999984
296 2 12 20 0.07141249999999999
297 2 13 14 -0.057321999999999984
298 2 13 15 -0.05161099999999999
299 2 13 16 -0.010477999999999994
300 2 13 17 -0.002791500000000002
301 2 13 18 0.009647999999999992
302 2 13 19 -0.020412999999999994
303 2 13 20 -0.004264149999999998
304 2 14 15 0.0031339999999999914
305 2 14 16 -0.018901499999999995
306 2 14 17 0.005381499999999996
307 2 14 18 0.010222499999999994
308 2 14 19 0.004452
309 2 14 20 -0.02097649999999999
310 2 15 16 0.0064985
311 2 15 17 0.03725099999999999
312 2 15 18 0.07046549999999997
313 2 15 19 0.013839500000000001
314 2 15 20 0.04321549999999999
315 2 16 17 0.009095349999999997
316 2 16 18 0.06706399999999998
317 2 16 19 0.03333449999999999
318 2 16 20 0.03284479999999999
319 2 17 18 0.009163499999999995
320 2 17 19 0.005334500000000002
321 2 17 20 0.017207999999999998
322 2 18 19 -0.04658399999999998
323 2 18 20 -0.04547349999999998
324 2 19 20 0.02451449999999999
325 3 4 5 0.02866049999999999
326 3 4 6 -0.002436999999999994
327 3 4 7 0.02087204999999999
328 3 4 8 0.021101999999999992
329 3 4 9 -0.013831
330 3 4 10 0.02678949999999999
331 3 4 11 0.06764999999999997
332 3 4 12 0.01820699999999999
333 3 4 13 0.014245500000000001
334 3 4 14 0.026441499999999986
335 3 4 15 0.08639949999999998
336 3 4 16 0.026931699999999996
337 3 4 17 0.026640499999999994
338 3 4 18 0.03485049999999999
339 3 4 19 0.01641349999999999
340 3 4 20 0.0023303150000000042
341 3 5 6 0.014372499999999996
342 3 5 7 -0.027767949999999996
343 3 5 8 -0.04863349999999998
344 3 5 9 -0.03484949999999999
345 3 5 10 0.007790999999999996
346 3 5 11 0.021600999999999995
347 3 5 12 -0.006197999999999998
348 3 5 13 -0.010989999999999996
349 3 5 14 -0.04251349999999999
350 3 5 15 0.016653999999999995
351 3 5 16 -0.009574899999999997
352 3 5 17 0.010200249999999998
353 3 5 18 -0.030021499999999993
354 3 5 19 -0.03291099999999999
355 3 5 20 -0.06381968499999997
356 3 6 7 0.005422549999999998
357 3 6 8 0.014412999999999994
358 3 6 9 0.003645499999999998
359 3 6 10 0.03813799999999999
360 3 6 11 0.03743499999999999
361 3 6 12 0.0169835
362 3 6 13 -0.011664499999999998
363 3 6 14 -0.019248999999999992
364 3 6 15 -0.02872949999999999
365 3 6 16 -0.04079789999999999
366 3 6 17 0.02984349999999999
367 3 6 18 -0.006329999999999999
368 3 6 19 0.030521499999999993
369 3 6 20 -0.014974684999999995
370 3 7 8 0.008884449999999997
371 3 7 9 0.0056789499999999994
372 3 7 10 0.05238394999999998
373 3 7 11 -0.021371049999999996
374 3 7 12 0.042567949999999986
375 3 7 13 0.01016605
376 3 7 14 -0.0051250499999999964
377 3 7 15 0.03648444999999999
378 3 7 16 -0.030919449999999994
379 3 7 17 0.008080950000000002
380 3 7 18 0.000601449999999999
381 3 7 19 -0.04825254999999999
382 3 7 20 -0.058481734999999986
383 3 8 9 -0.012343
384 3 8 10 0.043974499999999986
385 3 8 11 0.020814499999999993
386 3 8 12 0.04452499999999998
387 3 8 13 -0.007188999999999993
388 3 8 14 0.007910000000000004
389 3 8 15 0.021477499999999993
390 3 8 16 -0.006842399999999999
391 3 8 17 0.023476999999999998
392 3 8 18 -0.021034499999999994
393 3 8 19 -0.012886
394 3 8 20 0.04041431499999999
395 3 9 10 0.07040099999999998
396 3 9 11 0.025960499999999997
397 3 9 12 0.017423999999999995
398 3 9 13 -0.03364549999999999
399 3 9 14 0.04405499999999998
400 3 9 15 0.023887499999999992
401 3 9 16 0.05255109999999999
402 3 9 17 0.040291499999999994
403 3 9 18 0.05106849999999999
404 3 9 19 0.031026999999999992
405 3 9 20 -0.022838984999999996
406 3 10 11 -0.04273574999999998
407 3 10 12 -0.07338499999999996
408 3 10 13 -0.030814999999999995
409 3 10 14 -0.04068749999999998
410 3 10 15 -0.028748499999999993
411 3 10 16 -0.05189639999999998
412 3 10 17 -0.013213499999999993
413 3 10 18 -0.05935399999999999
414 3 10 19 -0.07570549999999998
415 3 10 20 -0.03299018499999999
416 3 11 12 0.015761499999999998
417 3 11 13 -0.04743899999999999
418 3 11 14 0.0054895
419 3 11 15 -0.009644999999999997
420 3 11 16 0.010845599999999993
421 3 11 17 0.03922499999999998
422 3 11 18 -0.020120999999999993
423 3 11 19 -0.002551900000000001
424 3 11 20 -0.007799684999999998
425 3 12 13 -0.005818349999999998
426 3 12 14 0.028479499999999994
427 3 12 15 0.02760549999999999
428 3 12 16 -0.0045479
429 3 12 17 -0.014287499999999996
430 3 12 18 -0.010195199999999996
431 3 12 19 -0.009200999999999997
432 3 12 20 -0.008216684999999998
433 3 13 14 -0.02346299999999999
434 3 13 15 0.023244499999999994
435 3 13 16 0.018534599999999995
436 3 13 17 0.043390499999999985
437 3 13 18 -0.007710999999999999
438 3 13 19 -0.014446999999999998
439 3 13 20 -0.012097834999999998
440 3 14 15 0.04413049999999998
441 3 14 16 -0.023747899999999992
442 3 14 17 0.01770449999999999
443 3 14 18 -0.04099549999999999
444 3 14 19 -0.023440999999999993
445 3 14 20 -0.06266918499999999
446 3 15 16 -0.03934439999999999
447 3 15 17 0.0085775
448 3 15 18 -0.02174899999999999
449 3 15 19 -0.05504999999999999
450 3 15 20 -0.03947368499999999
451 3 16 17 0.02626474999999999
452 3 16 18 0.020692399999999993
453 3 16 19 0.010287899999999997
454 3 16 20 -0.004001484999999998
455 3 17 18 -0.05437749999999998
456 3 17 19 -0.03488149999999999
457 3 17 20 -0.03680768499999999
458 3 18 19 -0.023259
459 3 18 20 -0.03594818499999999
460 3 19 20 0.010714814999999997
461 4 5 6 0.04546999999999998
462 4 5 7 -0.019979499999999994
463 4 5 8 -0.041074999999999987
464 4 5 9 0.007642000000000002
465 4 5 10 0.009662000000000007
466 4 5 11 -0.017388499999999994
467 4 5 12 0.0042555000000000015
468 4 5 13 0.0034249999999999966
469 4 5 14 -0.04029449999999999
470 4 5 15 -0.04108499999999998
471 4 5 16 -0.007846099999999996
472 4 5 17 0.012220249999999998
473 4 5 18 -0.036211499999999994
474 4 5 19 -0.020663999999999995
475 4 5 20 -0.03748949999999999
476 4 6 7 -0.017886499999999993
477 4 6 8 -0.009125999999999999
478 4 6 9 0.015039499999999997
479 4 6 10 0.008911500000000006
480 4 6 11 -0.03265199999999999
481 4 6 12 -0.0036604999999999945
482 4 6 13 -0.02834699999999999
483 4 6 14 -0.04812749999999998
484 4 6 15 -0.11756599999999996
485 4 6 16 -0.07016659999999998
486 4 6 17 0.0007660000000000026
487 4 6 18 -0.04361749999999998
488 4 6 19 0.011670999999999999
489 4 6 20 -0.019741999999999992
490 4 7 8 0.008654499999999996
491 4 7 9 0.040381999999999994
492 4 7 10 0.046466499999999994
493 4 7 11 -0.06814899999999999
494 4 7 12 0.04523299999999998
495 4 7 13 0.01679259999999999
496 4 7 14 -0.0106945
497 4 7 15 -0.029042999999999992
498 4 7 16 -0.03697909999999999
499 4 7 17 0.0023125
500 4 7 18 -0.013376999999999995
501 4 7 19 -0.04379399999999999
502 4 7 20 -0.039939999999999996
503 4 8 9 0.022589999999999992
504 4 8 10 0.038286999999999995
505 4 8 11 -0.025733499999999992
506 4 8 12 0.04741999999999998
507 4 8 13 -0.0003325000000000022
508 4 8 14 0.0025705000000000025
509 4 8 15 -0.043819999999999984
510 4 8 16 -0.012672099999999999
511 4 8 17 0.017938499999999996
512 4 8 18 -0.034782999999999994
513 4 8 19 -0.0081975
514 4 8 20 0.059185999999999975
515 4 9 10 0.029780499999999998
516 4 9 11 -0.05552049999999998
517 4 9 12 -0.014613999999999995
518 4 9 13 -0.06172199999999999
519 4 9 14 0.0037824999999999985
520 4 9 15 -0.07634299999999997
521 4 9 16 0.011788399999999996
522 4 9 17 -0.00018000000000000232
523 4 9 18 0.0023869999999999937
524 4 9 19 0.0007824999999999968
525 4 9 20 -0.03900029999999999
526 4 10 11 -0.08359624999999997
527 4 10 12 -0.06480249999999999
528 4 10 13 -0.018271000000000003
529 4 10 14 -0.0403395
530 4 10 15 -0.08835849999999998
531 4 10 16 -0.05203859999999999
532 4 10 17 -0.013064500000000001
533 4 10 18 -0.06741499999999999
534 4 10 19 -0.06532949999999998
535 4 10 20 -0.008531000000000009
536 4 11 12 0.06520449999999998
537 4 11 13 0.005965499999999988
538 4 11 14 0.04669799999999998
539 4 11 15 -0.028394499999999993
540 4 11 16 0.05156389999999998
541 4 11 17 0.0802345
542 4 11 18 0.0126785
543 4 11 19 0.04868459999999998
544 4 11 20 0.05751999999999998
545 4 12 13 -0.0018568500000000039
546 4 12 14 0.020244999999999996
547 4 12 15 -0.04058699999999999
548 4 12 16 -0.013272599999999997
549 4 12 17 -0.022720999999999998
550 4 12 18 -0.026838699999999993
551 4 12 19 -0.007407500000000001
552 4 12 20 0.007659999999999994
553 4 13 14 -0.03565899999999999
554 4 13 15 -0.048909499999999974
555 4 13 16 0.005848400000000002
556 4 13 17 0.030995499999999995
557 4 13 18 -0.02831599999999999
558 4 13 19 -0.016614999999999994
559 4 13 20 -0.00018265000000000013
560 4 14 15 -0.0158275
561 4 14 16 -0.024238099999999995
562 4 14 17 0.017505499999999993
563 4 14 18 -0.04940449999999999
564 4 14 19 -0.013412999999999998
565 4 14 20 -0.03855799999999999
566 4 15 16 0.02012339999999999
567 4 15 17 0.06833649999999998
568 4 15 18 0.029799999999999983
569 4 15 19 0.01493599999999999
570 4 15 20 0.04459549999999999
571 4 16 17 0.02655594999999999
572 4 16 18 0.012773599999999998
573 4 16 19 0.020806099999999994
574 4 16 20 0.02059989999999999
575 4 17 18 -0.06258749999999998
576 4 17 19 -0.024654499999999996
577 4 17 20 -0.012497499999999998
578 4 18 19 -0.004822000000000003
579 4 18 20 -0.0034280000000000022
580 4 19 20 0.024797999999999994
581 5 6 7 0.04756299999999999
582 5 6 8 0.07741899999999996
583 5 6 9 0.05286749999999998
584 5 6 10 0.04471949999999999
585 5 6 11 0.030206499999999997
586 5 6 12 0.03755399999999999
587 5 6 13 0.013697999999999995
588 5 6 14 0.03763699999999999
589 5 6 15 -0.03101099999999999
590 5 6 16 -0.016850499999999997
591 5 6 17 0.03401574999999999
592 5 6 18 0.03806399999999999
593 5 6 19 0.07780499999999997
594 5 6 20 0.06321749999999998
595 5 7 8 0.02974999999999999
596 5 7 9 0.0127605
597 5 7 10 0.016824999999999996
598 5 7 11 -0.07073999999999998
599 5 7 12 0.020997999999999992
600 5 7 13 -0.006611899999999998
601 5 7 14 0.0096205
602 5 7 15 -0.0079375
603 5 7 16 -0.04911249999999999
604 5 7 17 -0.029887249999999987
605 5 7 18 0.002855000000000001
606 5 7 19 -0.04310949999999999
607 5 7 20 -0.022429999999999995
608 5 8 9 -0.026126999999999994
609 5 8 10 -0.012449999999999998
610 5 8 11 -0.049419999999999985
611 5 8 12 0.002089499999999999
612 5 8 13 -0.044832499999999983
613 5 8 14 0.0017900000000000077
614 5 8 15 -0.04380999999999998
615 5 8 16 -0.04590099999999999
616 5 8 17 -0.03535674999999999
617 5 8 18 -0.03964649999999999
618 5 8 19 -0.02860849999999999
619 5 8 20 0.055600499999999976
620 5 9 10 0.02776049999999999
621 5 9 11 -0.030489999999999993
622 5 9 12 -0.011227499999999998
623 5 9 13 -0.057504999999999994
624 5 9 14 0.051718999999999994
625 5 9 15 -0.027615999999999995
626 5 9 16 0.027276499999999995
627 5 9 17 -0.004758250000000001
628 5 9 18 0.04624049999999998
629 5 9 19 0.029088499999999993
630 5 9 20 0.006131199999999998
631 5 10 11 -0.056545749999999985
632 5 10 12 -0.05939599999999999
633 5 10 13 -0.012033999999999994
634 5 10 14 0.009617000000000002
635 5 10 15 -0.037611499999999985
636 5 10 16 -0.034530499999999985
637 5 10 17 -0.015622749999999994
638 5 10 18 -0.021541499999999988
639 5 10 19 -0.035003499999999986
640 5 10 20 0.03862049999999998
641 5 11 12 0.04356049999999999
642 5 11 13 -0.014848000000000002
643 5 11 14 0.06960399999999999
644 5 11 15 -0.004697999999999998
645 5 11 16 0.04202149999999999
646 5 11 17 0.05062574999999999
647 5 11 18 0.031501499999999995
648 5 11 19 0.05196009999999998
649 5 11 20 0.07762099999999998
650 5 12 13 -0.0010263499999999992
651 5 12 14 0.06479499999999999
652 5 12 15 0.004753499999999998
653 5 12 16 -0.001170999999999998
654 5 12 17 -0.030685749999999994
655 5 12 18 0.0136283
656 5 12 19 0.017511999999999996
657 5 12 20 0.049404999999999984
658 5 13 14 0.008060500000000002
659 5 13 15 -0.004399499999999994
660 5 13 16 0.0171195
661 5 13 17 0.022200249999999994
662 5 13 18 0.011320499999999995
663 5 13 19 0.007473999999999997
664 5 13 20 0.040731849999999986
665 5 14 15 -0.015037000000000007
666 5 14 16 -0.05668649999999999
667 5 14 17 -0.03500924999999999
668 5 14 18 -0.053487499999999986
669 5 14 19 -0.033043499999999996
670 5 14 20 -0.041363
671 5 15 16 -0.013115499999999999
672 5 15 17 0.015031249999999994
673 5 15 18 0.02492649999999999
674 5 15 19 -0.005484999999999993
675 5 15 20 0.04099999999999998
676 5 16 17 0.006489599999999997
677 5 16 18 0.04113899999999998
678 5 16 19 0.03362399999999999
679 5 16 20 0.050243299999999984
680 5 17 18 -0.014155749999999996
681 5 17 19 0.008229750000000001
682 5 17 20 0.037212249999999995
683 5 18 19 -0.020369499999999995
684 5 18 20 -0.0021500000000000013
685 5 19 20 0.04162349999999999
686 6 7 8 -0.00010600000000000605
687 6 7 9 0.007455999999999997
688 6 7 10 0.019668499999999995
689 6 7 11 -0.05338349999999999
690 6 7 12 0.031006999999999993
691 6 7 13 0.02725309999999999
692 6 7 14 0.019546499999999987
693 6 7 15 0.07063649999999998
694 6 7 16 0.015300999999999999
695 6 7 17 -0.016339999999999993
696 6 7 18 0.012353999999999993
697 6 7 19 -0.07335149999999999
698 6 7 20 -0.038084499999999986
699 6 8 9 -0.0015755000000000016
700 6 8 10 0.020249499999999993
701 6 8 11 -0.0022074999999999977
702 6 8 12 0.041954499999999985
703 6 8 13 0.0188885
704 6 8 14 0.041571999999999984
705 6 8 15 0.06461999999999998
706 6 8 16 0.04836849999999998
707 6 8 17 0.008046499999999998
708 6 8 18 -0.0002915
709 6 8 19 -0.028994499999999993
710 6 8 20 0.06980199999999998
711 6 9 10 0.03590849999999999
712 6 9 11 -0.007828999999999996
713 6 9 12 0.004086
714 6 9 13 -0.018335499999999994
715 6 9 14 0.06694949999999997
716 6 9 15 0.056262499999999986
717 6 9 16 0.09699449999999998
718 6 9 17 0.014093499999999993
719 6 9 18 0.06104399999999998
720 6 9 19 0.0041509999999999984
721 6 9 20 -0.004218799999999999
722 6 10 11 -0.04203274999999999
723 6 10 12 -0.052230499999999985
724 6 10 13 0.018987499999999994
725 6 10 14 0.016699499999999996
726 6 10 15 0.038118999999999986
727 6 10 16 0.027039499999999998
728 6 10 17 -0.004918999999999997
729 6 10 18 -0.014885999999999995
730 6 10 19 -0.06808899999999998
731 6 10 20 0.020122499999999995
732 6 11 12 0.03621299999999999
733 6 11 13 0.0016604999999999975
734 6 11 14 0.062173499999999986
735 6 11 15 0.056519499999999986
736 6 11 16 0.08907849999999998
737 6 11 17 0.04681649999999999
738 6 11 18 0.023643999999999995
739 6 11 19 0.0043616
740 6 11 20 0.04460999999999998
741 6 12 13 0.022829649999999993
742 6 12 14 0.06471199999999998
743 6 12 15 0.07331849999999997
744 6 12 16 0.05323349999999999
745 6 12 17 -0.027147499999999995
746 6 12 18 0.013118299999999994
747 6 12 19 -0.022738999999999992
748 6 12 20 0.023741499999999992
749 6 13 14 -0.015878499999999997
750 6 13 15 0.04030949999999999
751 6 13 16 0.047667999999999995
752 6 13 17 0.0018824999999999975
753 6 13 18 -0.013045499999999996
754 6 13 19 -0.05663299999999998
755 6 13 20 -0.00878765
756 6 14 15 0.05361099999999998
757 6 14 16 -0.0021989999999999952
758 6 14 17 -0.03138799999999999
759 6 14 18 -0.05391449999999998
760 6 14 19 -0.07321149999999998
761 6 14 20 -0.06694349999999999
762 6 15 16 -0.02727599999999999
763 6 15 17 -0.049995499999999984
764 6 15 18 -0.04414849999999999
765 6 15 19 -0.11430099999999996
766 6 15 20 -0.05322849999999999
767 6 16 17 -0.04437664999999998
768 6 16 18 -0.013775499999999998
769 6 16 19 -0.06103149999999999
770 6 16 20 -0.029824699999999996
771 6 17 18 -0.018203999999999998
772 6 17 19 -0.03555949999999999
773 6 17 20 0.008010499999999999
774 6 18 19 -0.06011049999999998
775 6 18 20 -0.027303499999999998
776 6 19 20 0.05621099999999999
777 7 8 9 -0.009137500000000002
778 7 8 10 0.0004749999999999975
779 7 8 11 0.05106999999999999
780 7 8 12 0.010841499999999995
781 7 8 13 -0.008470599999999998
782 7 8 14 0.02191949999999999
783 7 8 15 -0.006122499999999997
784 7 8 16 0.0329615
785 7 8 17 0.024280499999999993
786 7 8 18 -0.0127515
787 7 8 19 0.044250999999999985
788 7 8 20 0.10778049999999996
789 7 9 10 0.02369599999999999
790 7 9 11 0.05301049999999999
791 7 9 12 -0.019464999999999996
792 7 9 13 -0.03813259999999999
793 7 9 14 0.054858999999999984
794 7 9 15 -0.0069179999999999945
795 7 9 16 0.08914949999999998
796 7 9 17 0.037889499999999986
797 7 9 18 0.056145999999999974
798 7 9 19 0.08495849999999998
799 7 9 20 0.04132169999999999
800 7 10 11 0.031019249999999995
801 7 10 12 -0.06356899999999999
802 7 10 13 0.011402899999999999
803 7 10 14 0.016821499999999996
804 7 10 15 -0.012848999999999992
805 7 10 16 0.031407
806 7 10 17 0.031089499999999992
807 7 10 18 -0.0075714999999999975
808 7 10 19 0.024930999999999988
809 7 10 20 0.07787549999999996
810 7 11 12 -0.04817749999999999
811 7 11 13 -0.0789761
812 7 11 14 -0.010756499999999999
813 7 11 15 -0.06750049999999998
814 7 11 16 0.020393999999999992
815 7 11 17 0.009772999999999995
816 7 11 18 -0.042093499999999985
817 7 11 19 0.024329599999999996
818 7 11 20 0.02931099999999999
819 7 12 13 0.02658354999999999
820 7 12 14 0.07617249999999998
821 7 12 15 0.03368899999999999
822 7 12 16 0.06893949999999999
823 7 12 17 0.020199499999999992
824 7 12 18 0.031771299999999995
825 7 12 19 0.08161949999999998
826 7 12 20 0.09283299999999997
827 7 13 14 -0.008171899999999996
828 7 13 15 -0.0030738999999999953
829 7 13 16 0.05962009999999998
830 7 13 17 0.04547559999999999
831 7 13 18 0.0018535999999999997
832 7 13 19 0.04397159999999999
833 7 13 20 0.05654994999999999
834 7 14 15 0.0025209999999999946
835 7 14 16 0.0020464999999999997
836 7 14 17 0.0044984999999999956
837 7 14 18 -0.04672199999999999
838 7 14 19 0.019686499999999996
839 7 14 20 -0.0093125
840 7 15 16 0.02805949999999999
841 7 15 17 0.036980999999999986
842 7 15 18 0.014133999999999994
843 7 15 19 0.029686999999999988
844 7 15 20 0.055492499999999986
845 7 16 17 -0.012735649999999998
846 7 16 18 -0.010828499999999998
847 7 16 19 0.027620999999999993
848 7 16 20 0.023560799999999993
849 7 17 18 -0.04689799999999999
850 7 17 19 0.021452
851 7 17 20 0.02975499999999999
852 7 18 19 0.025594999999999993
853 7 18 20 0.023134999999999992
854 7 19 20 0.02094399999999999
855 8 9 10 0.014083499999999994
856 8 9 11 -0.007197000000000001
857 8 9 12 -0.039443999999999986
858 8 9 13 -0.038799499999999994
859 8 9 14 0.023801999999999986
860 8 9 15 -0.009933
861 8 9 16 0.04705049999999999
862 8 9 17 0.004471499999999994
863 8 9 18 0.05975999999999999
864 8 9 19 0.03156999999999999
865 8 9 20 -0.07559629999999998
866 8 10 11 -0.019575749999999996
867 8 10 12 -0.07393549999999997
868 8 10 13 0.02034849999999999
869 8 10 14 -0.004623000000000002
870 8 10 15 -0.006251499999999999
871 8 10 16 -0.0010794999999999989
872 8 10 17 0.007283999999999997
873 8 10 18 0.005655000000000001
874 8 10 19 -0.018844999999999994
875 8 10 20 -0.029429999999999998
876 8 11 12 -0.007948999999999996
877 8 11 13 -0.0194355
878 8 11 14 0.018393999999999987
879 8 11 15 -0.010307999999999996
880 8 11 16 0.03850249999999999
881 8 11 17 0.036562499999999984
882 8 11 18 0.021728000000000004
883 8 11 19 0.03114859999999999
884 8 11 20 -0.02739949999999999
885 8 12 13 0.04589564999999999
886 8 12 14 0.06509449999999999
887 8 12 15 0.05065299999999998
888 8 12 16 0.04681949999999999
889 8 12 17 0.006760499999999995
890 8 12 18 0.05536429999999999
891 8 12 19 0.04820999999999999
892 8 12 20 -0.0041059999999999985
893 8 13 14 -0.03856199999999999
894 8 13 15 -0.005421999999999997
895 8 13 16 0.018188
896 8 13 17 0.012724499999999996
897 8 13 18 0.006134500000000002
898 8 13 19 -0.008749999999999997
899 8 13 20 -0.05970114999999998
900 8 14 15 0.030562999999999986
901 8 14 16 -0.008995499999999993
902 8 14 17 0.0021374999999999996
903 8 14 18 -0.01205099999999999
904 8 14 19 -0.002644999999999995
905 8 14 20 -0.09517349999999997
906 8 15 16 -0.011024499999999994
907 8 15 17 0.006577999999999999
908 8 15 18 0.020763000000000004
909 8 15 19 -0.020686499999999993
910 8 15 20 -0.05841049999999999
911 8 16 17 -0.004054650000000002
912 8 16 18 0.03488449999999999
913 8 16 19 0.016331499999999995
914 8 16 20 -0.05125819999999998
915 8 17 18 -0.009865999999999993
916 8 17 19 0.0014815000000000017
917 8 17 20 -0.05374499999999998
918 8 18 19 -0.0314075
919 8 18 20 -0.09739699999999997
920 8 19 20 -0.042585499999999984
921 9 10 11 0.0017047499999999975
922 9 10 12 -0.020407999999999992
923 9 10 13 0.07323149999999999
924 9 10 14 -0.014341499999999998
925 9 10 15 0.017764999999999996
926 9 10 16 -0.03404649999999999
927 9 10 17 0.016895999999999998
928 9 10 18 -0.04002149999999999
929 9 10 19 -0.03633149999999999
930 9 10 20 0.06024979999999998
931 9 11 12 0.024297999999999997
932 9 11 13 0.012167000000000002
933 9 11 14 -0.012604999999999996
934 9 11 15 -0.007571999999999996
935 9 11 16 -0.015744999999999995
936 9 11 17 0.024893999999999996
937 9 11 18 -0.045228999999999984
938 9 11 19 -0.007618399999999995
939 9 11 20 0.040999799999999996
940 9 12 13 0.04525114999999999
941 9 12 14 0.0018484999999999997
942 9 12 15 0.021141999999999994
943 9 12 16 -0.039674999999999995
944 9 12 17 -0.03715499999999999
945 9 12 18 -0.04383969999999999
946 9 12 19 -0.02280399999999999
947 9 12 20 0.03204629999999999
948 9 13 14 -0.10116349999999998
949 9 13 15 -0.034288499999999986
950 9 13 16 -0.06766199999999999
951 9 13 17 -0.030546499999999987
952 9 13 18 -0.09242499999999998
953 9 13 19 -0.0791195
954 9 13 20 -0.022904349999999993
955 9 14 15 0.06429799999999997
956 9 14 16 -0.03224399999999999
957 9 14 17 0.021467999999999994
958 9 14 18 -0.04800899999999999
959 9 14 19 -0.010412999999999995
960 9 14 20 0.004224799999999999
961 9 15 16 -0.06800799999999999
962 9 15 17 -0.007826499999999995
963 9 15 18 -0.04892999999999998
964 9 15 19 -0.06218949999999998
965 9 15 20 0.007252799999999996
966 9 16 17 0.03852434999999999
967 9 16 18 0.022174999999999993
968 9 16 19 0.03181199999999999
969 9 16 20 0.07138859999999998
970 9 17 18 -0.06515449999999999
971 9 17 19 -0.02561699999999999
972 9 17 20 0.026322799999999993
973 9 18 19 -0.0032175
974 9 18 20 0.03795929999999999
975 9 19 20 0.06458079999999998
976 10 11 12 0.04641074999999999
977 10 11 13 -0.05935974999999998
978 10 11 14 0.003441249999999999
979 10 11 15 -0.02363224999999999
980 10 11 16 0.020006249999999993
981 10 11 17 0.009702749999999998
982 10 11 18 -0.003502749999999998
983 10 11 19 0.030417849999999993
984 10 11 20 -0.01754524999999999
985 10 12 13 -0.04838834999999999
986 10 12 14 -0.004217999999999995
987 10 12 15 -0.017030999999999998
988 10 12 16 -0.026036499999999987
989 10 12 17 -0.07445899999999998
990 10 12 18 -0.02422619999999999
991 10 12 19 -0.006880499999999995
992 10 12 20 -0.04861149999999999
993 10 13 14 -0.013590499999999995
994 10 13 15 0.021177999999999995
995 10 13 16 0.039616
996 10 13 17 0.025788999999999992
997 10 13 18 0.020827999999999996
998 10 13 19 0.03044349999999999
999 10 13 20 -0.009922649999999993
1000 10 14 15 0.032191499999999984
1001 10 14 16 -0.012538999999999996
1002 10 14 17 -0.009769499999999997
1003 10 14 18 -0.022328999999999995
1004 10 14 19 0.011576999999999995
1005 10 14 20 -0.07036649999999998
1006 10 15 16 -0.016196499999999996
1007 10 15 17 -0.0069574999999999975
1008 10 15 18 0.0088565
1009 10 15 19 -0.008092999999999993
1010 10 15 20 -0.035231999999999986
1011 10 16 17 -0.012418149999999998
1012 10 16 18 0.028149999999999994
1013 10 16 19 0.03409699999999999
1014 10 16 20 -0.02290769999999999
1015 10 17 18 -0.008236999999999998
1016 10 17 19 0.02761049999999999
1017 10 17 20 -0.01703099999999999
1018 10 18 19 -0.006907499999999998
1019 10 18 20 -0.06231199999999997
1020 10 19 20 -0.03200049999999999
1021 11 12 13 0.057382149999999986
1022 11 12 14 0.03875149999999999
1023 11 12 15 0.05301199999999999
1024 11 12 16 0.000368000000000003
1025 11 12 17 -0.037750999999999986
1026 11 12 18 0.025687299999999996
1027 11 12 19 0.009112399999999998
1028 11 12 20 0.015344499999999995
1029 11 13 14 -0.07639149999999999
1030 11 13 15 -0.014549499999999993
1031 11 13 16 -0.03974999999999999
1032 11 13 17 -0.0432735
1033 11 13 18 -0.035029
1034 11 13 19 -0.05933409999999998
1035 11 13 20 -0.05173714999999998
1036 11 14 15 0.05926499999999997
1037 11 14 16 -0.029103999999999988
1038 11 14 17 -0.016031
1039 11 14 18 -0.015385
1040 11 14 19 -0.015399599999999996
1041 11 14 20 -0.049379999999999986
1042 11 15 16 -0.05983499999999997
1043 11 15 17 -0.04029249999999999
1044 11 15 18 -0.011272999999999997
1045 11 15 19 -0.06214309999999998
1046 11 15 20 -0.041318999999999995
1047 11 16 17 -0.0021146500000000018
1048 11 16 18 0.05165899999999998
1049 11 16 19 0.023685399999999995
1050 11 16 20 0.014643799999999993
1051 11 17 18 0.004968499999999997
1052 11 17 19 0.0068953999999999994
1053 11 17 20 0.010216999999999999
1054 11 18 19 -0.04082809999999999
1055 11 18 20 -0.04826949999999998
1056 11 19 20 0.015962599999999993
1057 12 13 14 -0.05776084999999998
1058 12 13 15 -0.010179349999999995
1059 12 13 16 0.017264149999999995
1060 12 13 17 0.05185964999999999
1061 12 13 18 -0.0033341499999999993
1062 12 13 19 -0.011064349999999999
1063 12 13 20 -0.009699499999999996
1064 12 14 15 0.045004499999999975
1065 12 14 16 0.009279499999999996
1066 12 14 17 0.060471499999999984
1067 12 14 18 -0.0023208
1068 12 14 19 0.014239499999999995
1069 12 14 20 -0.025972999999999993
1070 12 15 16 -0.007191
1071 12 15 17 0.05047049999999999
1072 12 15 18 0.016051699999999995
1073 12 15 19 -0.018243499999999996
1074 12 15 20 -0.003651500000000001
1075 12 16 17 0.03600434999999999
1076 12 16 18 0.026339699999999994
1077 12 16 19 0.014940999999999994
1078 12 16 20 -0.00033269999999999974
1079 12 17 18 -0.05846979999999999
1080 12 17 19 -0.03996799999999999
1081 12 17 20 -0.042878499999999986
1082 12 18 19 -0.024253199999999996
1083 12 18 20 -0.03792669999999999
1084 12 19 20 0.009730499999999994
1085 13 14 15 -0.0025770000000000064
1086 13 14 16 -0.06574549999999998
1087 13 14 17 -0.049148999999999984
1088 13 14 18 -0.05674749999999998
1089 13 14 19 -0.032456999999999986
1090 13 14 20 -0.07403434999999998
1091 13 15 16 -0.03463449999999999
1092 13 15 17 -0.011568499999999994
1093 13 15 18 0.009206500000000001
1094 13 15 19 -0.017358499999999995
1095 13 15 20 -0.004131349999999999
1096 13 16 17 0.0014088500000000016
1097 13 16 18 0.046937999999999994
1098 13 16 19 0.04326949999999999
1099 13 16 20 0.026630949999999997
1100 13 17 18 -0.003276
1101 13 17 19 0.022955999999999997
1102 13 17 20 0.018680649999999997
1103 13 18 19 -0.016523
1104 13 18 20 -0.03156134999999999
1105 13 19 20 0.008365649999999997
1106 14 15 16 0.02853399999999999
1107 14 15 17 0.035003499999999986
1108 14 15 18 0.06337699999999998
1109 14 15 19 0.012521499999999993
1110 14 15 20 0.06732599999999997
1111 14 16 17 -0.015187649999999994
1112 14 16 18 0.037939999999999995
1113 14 16 19 0.009980999999999995
1114 14 16 20 0.034919799999999994
1115 14 17 18 0.004322499999999995
1116 14 17 19 0.006263999999999995
1117 14 17 20 0.043565999999999994
1118 14 18 19 -0.04081349999999999
1119 14 18 20 -0.014274499999999996
1120 14 19 20 0.04994299999999999
1121 15 16 17 -0.021657149999999997
1122 15 16 18 0.0030969999999999978
1123 15 16 19 0.025993499999999992
1124 15 16 20 -0.003872199999999997
1125 15 17 18 -0.024050999999999996
1126 15 17 19 0.02874599999999999
1127 15 17 20 0.0112435
1128 15 18 19 0.010041999999999994
1129 15 18 20 -0.01822349999999999
1130 15 19 20 -0.004861499999999995
1131 16 17 18 -0.048805149999999985
1132 16 17 19 -0.018904649999999995
1133 16 17 20 -0.006541449999999998
1134 16 18 19 -0.012854499999999998
1135 16 18 20 -0.011254299999999995
1136 16 19 20 0.025004199999999994
1137 17 18 19 -0.04275499999999999
1138 17 18 20 -0.05351799999999999
1139 17 19 20 0.012640999999999994
1140 18 19 20 0.023403999999999987
