t i j k u[t]=u_ijk
1 1 2 3 0.0035364999999999984
2 1 2 4 0.019309
3 1 2 5 0.0343745
4 1 2 6 0.032518500000000006
5 1 2 7 0.031090100000000002
6 1 2 8 0.018366080000000003
7 1 2 9 0.025842800000000006
8 1 2 10 0.0388125
9 1 2 11 -0.01243850000000001
10 1 2 12 -0.0016776000000000015
11 1 2 13 0.019584824999999997
12 1 2 14 0.018455999999999997
13 1 2 15 0.052906499999999995
14 1 2 16 0.024391500000000003
15 1 2 17 0.056354
16 1 2 18 0.07242000000000001
17 1 2 19 0.04367
18 1 2 20 0.05868
19 1 3 4 0.033524000000000005
20 1 3 5 0.026038
21 1 3 6 -0.010116000000000002
22 1 3 7 0.005901599999999999
23 1 3 8 -0.03211842000000001
24 1 3 9 -0.010398700000000002
25 1 3 10 0.0321155
26 1 3 11 0.005801500000000002
27 1 3 12 -0.013698100000000005
28 1 3 13 0.0066463250000000015
29 1 3 14 0.029444500000000002
30 1 3 15 0.043673000000000003
31 1 3 16 0.011097500000000001
32 1 3 17 -0.0005305000000000005
33 1 3 18 0.05910800000000001
34 1 3 19 0.013042500000000009
35 1 3 20 0.017740000000000002
36 1 4 5 -0.004259999999999999
37 1 4 6 -0.024185500000000002
38 1 4 7 -0.0182424
39 1 4 8 -0.0021929200000000014
40 1 4 9 -0.026538200000000005
41 1 4 10 -0.018438500000000003
42 1 4 11 -0.07965700000000002
43 1 4 12 -0.04154010000000001
44 1 4 13 -0.05437317500000002
45 1 4 14 -0.014806500000000004
46 1 4 15 0.0006429999999999993
47 1 4 16 -0.021388500000000005
48 1 4 17 0.011771500000000006
49 1 4 18 0.03123900000000001
50 1 4 19 -0.007463499999999999
51 1 4 20 -0.008814
52 1 5 6 -0.027887500000000003
53 1 5 7 -0.011473400000000003
54 1 5 8 -0.037594920000000004
55 1 5 9 -0.029462700000000005
56 1 5 10 -0.0046520000000000025
57 1 5 11 -0.01586825
58 1 5 12 -0.04147760000000001
59 1 5 13 -0.021092225000000006
60 1 5 14 0.0084625
61 1 5 15 0.006223999999999999
62 1 5 16 -0.014183500000000002
63 1 5 17 0.025428910000000002
64 1 5 18 0.01611900000000001
65 1 5 19 -0.003143999999999999
66 1 5 20 -0.021528500000000002
67 1 6 7 0.0149761
68 1 6 8 0.029589080000000004
69 1 6 9 0.0030762999999999993
70 1 6 10 0.0344375
71 1 6 11 -0.013715499999999999
72 1 6 12 0.0025304
73 1 6 13 0.020459675000000004
74 1 6 14 0.030120500000000005
75 1 6 15 0.05369080000000001
76 1 6 16 0.04469815000000001
77 1 6 17 0.055201500000000014
78 1 6 18 0.03909050000000001
79 1 6 19 0.032206000000000005
80 1 6 20 0.0418855
81 1 7 8 -0.029659520000000005
82 1 7 9 -0.030330300000000008
83 1 7 10 0.02582165000000001
84 1 7 11 0.0012760000000000002
85 1 7 12 -0.0028096000000000006
86 1 7 13 -0.03226327500000001
87 1 7 14 -0.02024860000000001
88 1 7 15 -0.010706100000000003
89 1 7 16 -0.039238600000000005
90 1 7 17 0.031597400000000005
91 1 7 18 0.05197040000000001
92 1 7 19 -0.006201599999999997
93 1 7 20 0.017925400000000005
94 1 8 9 -0.011383280000000003
95 1 8 10 0.02620722
96 1 8 11 -0.019251580000000004
97 1 8 12 -0.016490180000000004
98 1 8 13 -0.026627255000000006
99 1 8 14 0.01631442
100 1 8 15 0.026751419999999998
101 1 8 16 -0.01069508
102 1 8 17 0.0019719199999999994
103 1 8 18 0.04631592000000002
104 1 8 19 -0.012389080000000004
105 1 8 20 0.035161420000000006
106 1 9 10 0.03026020000000001
107 1 9 11 -0.022740300000000005
108 1 9 12 0.016976100000000004
109 1 9 13 -0.025568975000000004
110 1 9 14 0.03694220000000001
111 1 9 15 0.0055917
112 1 9 16 0.012157200000000003
113 1 9 17 0.01698520000000001
114 1 9 18 0.03858020000000001
115 1 9 19 0.005951199999999999
116 1 9 20 0.026753200000000005
117 1 10 11 -0.030234500000000004
118 1 10 12 -0.0097371
119 1 10 13 -0.012896175000000001
120 1 10 14 -0.007728000000000003
121 1 10 15 -0.023760000000000007
122 1 10 16 -0.019101500000000004
123 1 10 17 -0.0008669999999999985
124 1 10 18 0.016518500000000005
125 1 10 19 -0.0091445
126 1 10 20 0.003731500000000001
127 1 11 12 -0.005740950000000001
128 1 11 13 -0.020402675000000006
129 1 11 14 0.023489500000000003
130 1 11 15 0.0323514
131 1 11 16 0.008641350000000003
132 1 11 17 0.04403150000000001
133 1 11 18 0.039426
134 1 11 19 0.004065000000000003
135 1 11 20 0.031568650000000004
136 1 12 13 -0.022970575000000007
137 1 12 14 0.0480906
138 1 12 15 0.006719599999999998
139 1 12 16 0.03942860000000001
140 1 12 17 0.019875600000000004
141 1 12 18 0.07647810000000002
142 1 12 19 0.05473460000000001
143 1 12 20 0.0237706
144 1 13 14 0.04406267500000001
145 1 13 15 0.046840175000000005
146 1 13 16 0.03777467500000001
147 1 13 17 0.03023367500000001
148 1 13 18 0.078537675
149 1 13 19 0.03065252500000001
150 1 13 20 0.032646575000000004
151 1 14 15 0.008190000000000003
152 1 14 16 -0.030630499999999998
153 1 14 17 0.023699000000000005
154 1 14 18 0.03333230000000001
155 1 14 19 -0.017706
156 1 14 20 0.019070000000000004
157 1 15 16 -0.031223000000000004
158 1 15 17 0.021714000000000008
159 1 15 18 0.010096000000000006
160 1 15 19 -0.0261825
161 1 15 20 -0.0025602499999999996
162 1 16 17 0.028594350000000004
163 1 16 18 0.05336000000000002
164 1 16 19 -0.005515499999999999
165 1 16 20 0.035091500000000005
166 1 17 18 0.020881535000000003
167 1 17 19 -0.0524255
168 1 17 20 0.003926999999999997
169 1 18 19 -0.022849500000000005
170 1 18 20 -0.029841165000000006
171 1 19 20 0.016864
172 2 3 4 0.0177515
173 2 3 5 -0.0048
174 2 3 6 -0.03909800000000001
175 2 3 7 -0.021652
176 2 3 8 -0.04694800000000001
177 2 3 9 -0.03270500000000001
178 2 3 10 -0.003160499999999997
179 2 3 11 0.021776500000000004
180 2 3 12 -0.008483999999999998
181 2 3 13 -0.009402
182 2 3 14 0.014525
183 2 3 15 -0.005697
184 2 3 16 -0.009757500000000002
185 2 3 17 -0.053348
186 2 3 18 -0.009775500000000001
187 2 3 19 -0.027091000000000004
188 2 3 20 -0.037403500000000006
189 2 4 5 -0.0193255
190 2 4 6 -0.037395
191 2 4 7 -0.030023500000000005
192 2 4 8 -0.00125
193 2 4 9 -0.03307200000000001
194 2 4 10 -0.037942000000000004
195 2 4 11 -0.0479095
196 2 4 12 -0.0205535
197 2 4 13 -0.054649
198 2 4 14 -0.013953499999999999
199 2 4 15 -0.032954500000000005
200 2 4 16 -0.026471000000000005
201 2 4 17 -0.025273499999999997
202 2 4 18 -0.021872000000000003
203 2 4 19 -0.031824500000000006
204 2 4 20 -0.048185000000000006
205 2 5 6 -0.0260315
206 2 5 7 -0.008189000000000002
207 2 5 8 -0.02158650000000001
208 2 5 9 -0.02093100000000001
209 2 5 10 -0.00909
210 2 5 11 0.03094475000000001
211 2 5 12 -0.005425500000000001
212 2 5 13 -0.006302550000000002
213 2 5 14 0.024381000000000003
214 2 5 15 -0.012308000000000003
215 2 5 16 -0.004200500000000002
216 2 5 17 0.00344941
217 2 5 18 -0.0219265
218 2 5 19 -0.012439500000000001
219 2 5 20 -0.04583400000000001
220 2 6 7 0.016404500000000006
221 2 6 8 0.04374150000000001
222 2 6 9 0.009752000000000002
223 2 6 10 0.028143500000000005
224 2 6 11 0.031241500000000012
225 2 6 12 0.036726500000000016
226 2 6 13 0.03339335
227 2 6 14 0.044183000000000014
228 2 6 15 0.0333028
229 2 6 16 0.05282515000000001
230 2 6 17 0.031366000000000005
231 2 6 18 -0.0008110000000000007
232 2 6 19 0.021054500000000004
233 2 6 20 0.015724000000000005
234 2 7 8 -0.016935500000000003
235 2 7 9 -0.025083000000000008
236 2 7 10 0.01809925
237 2 7 11 0.044804600000000014
238 2 7 12 0.029958100000000005
239 2 7 13 -0.020758000000000006
240 2 7 14 -0.007614500000000002
241 2 7 15 -0.0325225
242 2 7 16 -0.032540000000000006
243 2 7 17 0.0063335
244 2 7 18 0.010640500000000002
245 2 7 19 -0.0187815
246 2 7 20 -0.009664500000000001
247 2 8 9 -0.018860000000000002
248 2 8 10 0.005760800000000004
249 2 8 11 0.011553000000000008
250 2 8 12 0.003553500000000005
251 2 8 13 -0.027846000000000003
252 2 8 14 0.016224500000000006
253 2 8 15 -0.007789
254 2 8 16 -0.016720500000000003
255 2 8 17 -0.036016000000000006
256 2 8 18 -0.007737999999999998
257 2 8 19 -0.037693000000000004
258 2 8 20 -0.005152499999999999
259 2 9 10 0.017290500000000007
260 2 9 11 0.015541000000000011
261 2 9 12 0.04449650000000001
262 2 9 13 -0.019311000000000002
263 2 9 14 0.044329000000000014
264 2 9 15 -0.021472000000000005
265 2 9 16 0.013608500000000003
266 2 9 17 -0.013525999999999998
267 2 9 18 -0.007996999999999997
268 2 9 19 -0.011876
269 2 9 20 -0.006083999999999999
270 2 10 11 0.021016500000000004
271 2 10 12 0.030753000000000003
272 2 10 13 0.0063315
273 2 10 14 0.0126285
274 2 10 15 -0.03785400000000001
275 2 10 16 -0.004680500000000005
276 2 10 17 -0.018408500000000005
277 2 10 18 -0.017089000000000007
278 2 10 19 -0.014002000000000004
279 2 10 20 -0.016136000000000005
280 2 11 12 -0.016501850000000005
281 2 11 13 -0.052426000000000014
282 2 11 14 -0.0074050000000000045
283 2 11 15 -0.03299360000000001
284 2 11 16 -0.02818865000000001
285 2 11 17 -0.02476100000000001
286 2 11 18 -0.04543250000000001
287 2 11 19 -0.052043500000000006
288 2 11 20 -0.039549850000000004
289 2 12 13 -0.04423300000000001
290 2 12 14 0.027957000000000003
291 2 12 15 -0.04786450000000001
292 2 12 16 0.013359500000000002
293 2 12 17 -0.03815600000000001
294 2 12 18 0.0023805
295 2 12 19 0.009387000000000001
296 2 12 20 -0.03658700000000001
297 2 13 14 0.04519150000000001
298 2 13 15 0.013518500000000001
299 2 13 16 0.032968000000000004
300 2 13 17 -0.006535500000000001
301 2 13 18 0.025702500000000003
302 2 13 19 0.006567350000000001
303 2 13 20 -0.006448600000000003
304 2 14 15 -0.026260500000000003
305 2 14 16 -0.03656600000000001
306 2 14 17 -0.014199000000000003
307 2 14 18 -0.020631700000000003
308 2 14 19 -0.04292000000000001
309 2 14 20 -0.021154000000000003
310 2 15 16 -0.0027080000000000025
311 2 15 17 0.0182665
312 2 15 18 -0.009417500000000002
313 2 15 19 -0.016946000000000003
314 2 15 20 -0.008333750000000003
315 2 16 17 -0.0033681499999999994
316 2 16 18 0.005331500000000003
317 2 16 19 -0.024794
318 2 16 20 0.0008030000000000011
319 2 17 18 0.004815535000000001
320 2 17 19 -0.039741500000000006
321 2 17 20 0.001601
322 2 18 19 0.005900500000000001
323 2 18 20 -0.016101165
324 2 19 20 0.001853999999999999
325 3 4 5 0.0032260000000000014
326 3 4 6 0.019454500000000007
327 3 4 7 0.009380000000000003
328 3 4 8 0.0634495
329 3 4 9 0.0173845
330 3 4 10 -0.017030000000000007
331 3 4 11 -0.0519345
332 3 4 12 0.005681999999999999
333 3 4 13 -0.027495500000000006
334 3 4 14 -0.010727000000000004
335 3 4 15 -0.009506000000000002
336 3 4 16 0.0010379999999999947
337 3 4 17 0.045826000000000006
338 3 4 18 0.0056549999999999994
339 3 4 19 0.013017999999999997
340 3 4 20 0.00697
341 3 5 6 0.008266500000000003
342 3 5 7 0.008663
343 3 5 8 0.020561500000000003
344 3 5 9 0.006973999999999999
345 3 5 10 -0.010729500000000003
346 3 5 11 0.004368250000000001
347 3 5 12 -0.001741499999999999
348 3 5 13 -0.0017005500000000003
349 3 5 14 0.005056
350 3 5 15 -0.011411000000000001
351 3 5 16 0.0007569999999999994
352 3 5 17 0.05199741000000001
353 3 5 18 -0.016951
354 3 5 19 0.0098515
355 3 5 20 -0.013230500000000003
356 3 6 7 -0.001041500000000001
357 3 6 8 0.05159150000000001
358 3 6 9 0.0033589999999999987
359 3 6 10 -0.007794000000000003
360 3 6 11 -0.029633000000000007
361 3 6 12 0.0061125000000000025
362 3 6 13 0.0036973500000000003
363 3 6 14 -0.009440000000000002
364 3 6 15 -9.820000000000073e-5
365 3 6 16 0.023484650000000003
366 3 6 17 0.04561600000000001
367 3 6 18 -0.030133500000000004
368 3 6 19 0.009047499999999998
369 3 6 20 0.014029500000000006
370 3 7 8 0.008360500000000005
371 3 7 9 -0.014030000000000006
372 3 7 10 -0.000392250000000001
373 3 7 11 0.0013761000000000003
374 3 7 12 0.016790100000000002
375 3 7 13 -0.03300800000000001
376 3 7 14 -0.04379150000000001
377 3 7 15 -0.04847750000000001
378 3 7 16 -0.04443450000000001
379 3 7 17 0.0380295
380 3 7 18 -0.0012359999999999984
381 3 7 19 -0.013342500000000004
382 3 7 20 0.006087000000000002
383 3 8 9 -0.03310300000000001
384 3 8 10 -0.038026700000000004
385 3 8 11 -0.05717150000000001
386 3 8 12 -0.034910500000000004
387 3 8 13 -0.06539200000000002
388 3 8 14 -0.04524850000000001
389 3 8 15 -0.049040000000000014
390 3 8 16 -0.05391100000000001
391 3 8 17 -0.02961600000000001
392 3 8 18 -0.044910500000000006
393 3 8 19 -0.05755000000000002
394 3 8 20 -0.014697000000000005
395 3 9 10 -0.012254000000000003
396 3 9 11 -0.03894050000000001
397 3 9 12 0.020275500000000005
398 3 9 13 -0.042614000000000006
399 3 9 14 -0.0029010000000000004
400 3 9 15 -0.04848000000000001
401 3 9 16 -0.009339000000000002
402 3 9 17 0.007117000000000003
403 3 9 18 -0.0309265
404 3 9 19 -0.017490000000000006
405 3 9 20 -0.001385499999999998
406 3 10 11 -0.0039204999999999995
407 3 10 12 0.036076500000000004
408 3 10 13 0.012573000000000003
409 3 10 14 -0.005057000000000001
410 3 10 15 -0.03531750000000001
411 3 10 16 0.0019164999999999992
412 3 10 17 0.031779
413 3 10 18 -0.010474000000000002
414 3 10 19 0.0099285
415 3 10 20 0.018107
416 3 11 12 0.013758650000000002
417 3 11 13 -0.021247500000000002
418 3 11 14 -0.00015350000000000089
419 3 11 15 -0.005520100000000002
420 3 11 16 0.003345349999999999
421 3 11 17 0.050363500000000005
422 3 11 18 -0.0138805
423 3 11 19 -0.0031760000000000043
424 3 11 20 0.019630150000000006
425 3 12 13 -0.043315000000000006
426 3 12 14 0.004947999999999999
427 3 12 15 -0.050651500000000016
428 3 12 16 0.014633
429 3 12 17 0.006707999999999999
430 3 12 18 0.003672000000000001
431 3 12 19 0.027994
432 3 12 20 -0.007667500000000001
433 3 13 14 0.0212645
434 3 13 15 0.0098135
435 3 13 16 0.033323500000000006
436 3 13 17 0.037410500000000006
437 3 13 18 0.026076000000000005
438 3 13 19 0.024256350000000003
439 3 13 20 0.021552900000000007
440 3 14 15 -0.0060385000000000005
441 3 14 16 -0.012283500000000003
442 3 14 17 0.053674000000000006
443 3 14 18 0.003668800000000003
444 3 14 19 -0.0013040000000000026
445 3 14 20 0.030774500000000007
446 3 15 16 0.0013524999999999982
447 3 15 17 0.0659175
448 3 15 18 -0.005339
449 3 15 19 0.004447999999999997
450 3 15 20 0.023372750000000005
451 3 16 17 0.040222350000000004
452 3 16 18 0.0053495000000000036
453 3 16 19 -0.007460500000000001
454 3 16 20 0.028449000000000002
455 3 17 18 -0.038756965000000004
456 3 17 19 -0.06599850000000002
457 3 17 20 -0.0143435
458 3 18 19 0.023215999999999997
459 3 18 20 0.011526835000000001
460 3 19 20 0.012166500000000005
461 4 5 6 -0.007962
462 4 5 7 0.0025090000000000004
463 4 5 8 -0.039662
464 4 5 9 -0.007184500000000002
465 4 5 10 0.009526500000000005
466 4 5 11 0.059528750000000005
467 4 5 12 -0.0041975
468 4 5 13 0.029020950000000004
469 4 5 14 0.019009000000000005
470 4 5 15 0.0013210000000000016
471 4 5 16 0.0029450000000000036
472 4 5 17 0.00939741
473 4 5 18 -0.019379999999999998
474 4 5 19 5.950000000000262e-5
475 4 5 20 -0.0169745
476 4 6 7 0.009033000000000001
477 4 6 8 0.0075965000000000026
478 4 6 9 0.005429000000000001
479 4 6 10 0.028690500000000008
480 4 6 11 0.04175600000000001
481 4 6 12 0.019885000000000007
482 4 6 13 0.050647350000000015
483 4 6 14 0.020741500000000006
484 4 6 15 0.028862300000000007
485 4 6 16 0.04190115000000001
486 4 6 17 0.0192445
487 4 6 18 -0.016334
488 4 6 19 0.015484000000000001
489 4 6 20 0.02651400000000001
490 4 7 8 -0.04570900000000001
491 4 7 9 -0.022034500000000005
492 4 7 10 0.026017750000000013
493 4 7 11 0.0626906
494 4 7 12 0.02048810000000001
495 4 7 13 0.003867500000000002
496 4 7 14 -0.023684500000000008
497 4 7 15 -0.029591500000000003
498 4 7 16 -0.036092500000000007
499 4 7 17 0.0015834999999999977
500 4 7 18 0.0024890000000000025
501 4 7 19 -0.0169805
502 4 7 20 0.008497000000000003
503 4 8 9 0.012961999999999998
504 4 8 10 0.04245280000000001
505 4 8 11 0.05821250000000001
506 4 8 12 0.022857000000000002
507 4 8 13 0.025553000000000006
508 4 8 14 0.028928000000000006
509 4 8 15 0.023915500000000003
510 4 8 16 0.008500500000000001
511 4 8 17 -0.011992500000000003
512 4 8 18 0.012884000000000001
513 4 8 19 -0.007118500000000001
514 4 8 20 0.04178250000000001
515 4 9 10 0.022160500000000007
516 4 9 11 0.03037850000000001
517 4 9 12 0.031978000000000006
518 4 9 13 0.0022660000000000015
519 4 9 14 0.025210500000000007
520 4 9 15 -0.021589500000000005
521 4 9 16 0.007007500000000003
522 4 9 17 -0.021324500000000003
523 4 9 18 -0.019197000000000002
524 4 9 19 -0.013123500000000001
525 4 9 20 0.009029000000000002
526 4 10 11 0.030984000000000008
527 4 10 12 0.0133645
528 4 10 13 0.023038500000000003
529 4 10 14 -0.011360000000000006
530 4 10 15 -0.04284150000000001
531 4 10 16 -0.016151500000000003
532 4 10 17 -0.031077000000000014
533 4 10 18 -0.033159000000000015
534 4 10 19 -0.020119500000000005
535 4 10 20 -0.005893000000000003
536 4 11 12 -0.04385785000000001
537 4 11 13 -0.0456865
538 4 11 14 -0.04136100000000001
539 4 11 15 -0.0479486
540 4 11 16 -0.04962715000000001
541 4 11 17 -0.04739700000000001
542 4 11 18 -0.07147
543 4 11 19 -0.06812850000000001
544 4 11 20 -0.039274350000000006
545 4 12 13 -0.0101375
546 4 12 14 0.021357000000000004
547 4 12 15 -0.03546350000000001
548 4 12 16 0.019277000000000006
549 4 12 17 -0.03343600000000001
550 4 12 18 0.0036990000000000005
551 4 12 19 0.020658000000000006
552 4 12 20 -0.0089555
553 4 13 14 0.004495999999999999
554 4 13 15 -0.008176000000000003
555 4 13 16 0.004790000000000001
556 4 13 17 -0.03591100000000001
557 4 13 18 -0.007074500000000003
558 4 13 19 -0.01625715
559 4 13 20 -0.012912600000000003
560 4 14 15 -0.007259500000000001
561 4 14 16 -0.0240485
562 4 14 17 -0.0028790000000000013
563 4 14 18 -0.012713200000000003
564 4 14 19 -0.025049000000000002
565 4 14 20 0.013077500000000002
566 4 15 16 -0.009191500000000002
567 4 15 17 0.0105855
568 4 15 18 -0.020500000000000004
569 4 15 19 -0.018076000000000005
570 4 15 20 0.006896749999999999
571 4 16 17 -0.0045656500000000036
572 4 16 18 0.0007324999999999986
573 4 16 19 -0.019440500000000003
574 4 16 20 0.022517000000000002
575 4 17 18 0.0014140350000000012
576 4 17 19 -0.0331905
577 4 17 20 0.024512500000000007
578 4 18 19 0.015853000000000003
579 4 18 20 0.010211835000000002
580 4 19 20 0.018214500000000005
581 5 6 7 -0.0014379999999999992
582 5 6 8 0.039296500000000005
583 5 6 9 0.004651500000000004
584 5 6 10 0.011202000000000004
585 5 6 11 -0.02573475
586 5 6 12 0.016120500000000006
587 5 6 13 0.013664400000000004
588 5 6 14 -0.0062295
589 5 6 15 0.0195793
590 5 6 16 0.030994150000000005
591 5 6 17 0.0018850900000000007
592 5 6 18 -0.004916000000000005
593 5 6 19 0.007462500000000004
594 5 6 20 0.03552650000000001
595 5 7 8 -0.0035379999999999973
596 5 7 9 -0.012341000000000005
597 5 7 10 0.019000250000000007
598 5 7 11 0.005670850000000001
599 5 7 12 0.027194600000000006
600 5 7 13 -0.022644450000000007
601 5 7 14 -0.04018450000000001
602 5 7 15 -0.028403500000000012
603 5 7 16 -0.03652850000000001
604 5 7 17 -0.005304910000000001
605 5 7 18 0.024378000000000004
606 5 7 19 -0.014531000000000002
607 5 7 20 0.027980500000000002
608 5 8 9 -0.019515500000000005
609 5 8 10 -0.006735700000000002
610 5 8 11 -0.04097825000000001
611 5 8 12 -0.0126075
612 5 8 13 -0.04312995000000001
613 5 8 14 -0.029743
614 5 8 15 -0.017067500000000006
615 5 8 16 -0.034106500000000005
616 5 8 17 -0.061051910000000015
617 5 8 18 -0.007398000000000003
618 5 8 19 -0.046840000000000014
619 5 8 20 0.019095
620 5 9 10 0.0054495
621 5 9 11 -0.03633475
622 5 9 12 0.028991000000000006
623 5 9 13 -0.03393945
624 5 9 14 -0.000983000000000001
625 5 9 15 -0.03009500000000001
626 5 9 16 -0.0031220000000000015
627 5 9 17 -0.03790641000000001
628 5 9 18 -0.0070015
629 5 9 19 -0.020367500000000007
630 5 9 20 0.018819000000000002
631 5 10 11 -0.019018250000000004
632 5 10 12 0.02708850000000001
633 5 10 13 0.0035440500000000004
634 5 10 14 -0.020842500000000007
635 5 10 15 -0.03463600000000001
636 5 10 16 -0.009570000000000004
637 5 10 17 -0.030947910000000002
638 5 10 18 -0.004252500000000004
639 5 10 19 -0.010652500000000002
640 5 10 20 0.020608
641 5 11 12 0.019868400000000005
642 5 11 13 -0.015178700000000005
643 5 11 14 -0.0008412500000000004
644 5 11 15 0.010259150000000002
645 5 11 16 0.006956599999999999
646 5 11 17 0.0027343400000000005
647 5 11 18 0.007438750000000001
648 5 11 19 -0.008659250000000004
649 5 11 20 0.0372289
650 5 12 13 -0.043355950000000004
651 5 12 14 -0.0018495000000000002
652 5 12 15 -0.040982000000000005
653 5 12 16 0.012134500000000003
654 5 12 17 -0.04703091000000001
655 5 12 18 0.018881500000000002
656 5 12 19 0.016401000000000002
657 5 12 20 0.0038215000000000007
658 5 13 14 0.014507950000000004
659 5 13 15 0.019523950000000005
660 5 13 16 0.030865950000000003
661 5 13 17 -0.01628746
662 5 13 18 0.04132645000000001
663 5 13 19 0.012704300000000002
664 5 13 20 0.033082850000000004
665 5 14 15 0.010428500000000002
666 5 14 16 -0.0079845
667 5 14 17 0.006732590000000002
668 5 14 18 0.025675800000000002
669 5 14 19 -0.006099500000000002
670 5 14 20 0.04906100000000001
671 5 15 16 -0.010815500000000002
672 5 15 17 0.0025090900000000003
673 5 15 18 0.00020099999999999567
674 5 15 19 -0.016814500000000003
675 5 15 20 0.025192250000000003
676 5 16 17 -0.011018060000000003
677 5 16 18 0.0230575
678 5 16 19 -0.016555
679 5 16 20 0.0424365
680 5 17 18 0.030191444999999997
681 5 17 19 -0.023852590000000003
682 5 17 20 0.050884410000000005
683 5 18 19 -0.0035865000000000016
684 5 18 20 0.007806335000000002
685 5 19 20 0.0352485
686 6 7 8 -0.0442725
687 6 7 9 -0.018430500000000006
688 6 7 10 0.006360250000000001
689 6 7 11 0.029967599999999997
690 6 7 12 0.0096361
691 6 7 13 -0.037746850000000005
692 6 7 14 -0.035393000000000015
693 6 7 15 -0.04942080000000001
694 6 7 16 -0.06896065000000001
695 6 7 17 -0.008628000000000002
696 6 7 18 0.027856000000000002
697 6 7 19 -0.023431500000000004
698 6 7 20 -0.008984000000000002
699 6 8 9 0.015129500000000004
700 6 8 10 0.021358800000000004
701 6 8 11 0.024053
702 6 8 12 0.010568499999999998
703 6 8 13 -0.017497850000000002
704 6 8 14 0.015783000000000005
705 6 8 15 0.0026496999999999996
706 6 8 16 -0.025804150000000005
707 6 8 17 -0.023640500000000005
708 6 8 18 0.036814500000000014
709 6 8 19 -0.015006000000000005
710 6 8 20 0.022865000000000003
711 6 9 10 -0.0011010000000000002
712 6 9 11 -0.005948500000000002
713 6 9 12 0.017522
714 6 9 13 -0.04295235000000001
715 6 9 14 0.009898000000000002
716 6 9 15 -0.04502280000000001
717 6 9 16 -0.02946465000000001
718 6 9 17 -0.035140000000000005
719 6 9 18 0.002566000000000002
720 6 9 19 -0.023178500000000005
721 6 9 20 -0.012056000000000002
722 6 10 11 0.017918499999999997
723 6 10 12 0.022170000000000002
724 6 10 13 0.0010816500000000008
725 6 10 14 -0.0034110000000000034
726 6 10 15 -0.04301330000000001
727 6 10 16 -0.029362150000000004
728 6 10 17 -0.021631000000000004
729 6 10 18 0.011865499999999998
730 6 10 19 -0.006913000000000002
731 6 10 20 -0.0037165000000000006
732 6 11 12 -0.021986850000000006
733 6 11 13 -0.054577850000000004
734 6 11 14 -0.0203465
735 6 11 15 -0.03505490000000001
736 6 11 16 -0.049772300000000005
737 6 11 17 -0.024885500000000005
738 6 11 18 -0.01338
739 6 11 19 -0.041856500000000005
740 6 11 20 -0.02403235
741 6 12 13 -0.04089985000000001
742 6 12 14 0.020500500000000005
743 6 12 15 -0.0444408
744 6 12 16 -0.0027391499999999992
745 6 12 17 -0.032795500000000005
746 6 12 18 0.03991800000000001
747 6 12 19 0.025059
748 6 12 20 -0.015584500000000001
749 6 13 14 0.034401850000000005
750 6 13 15 0.013609050000000001
751 6 13 16 0.013536200000000002
752 6 13 17 -0.004508150000000001
753 6 13 18 0.05990685000000001
754 6 13 19 0.018906199999999998
755 6 13 20 0.01122075
756 6 14 15 -0.015380300000000003
757 6 14 16 -0.04520815000000001
758 6 14 17 -0.0013820000000000002
759 6 14 18 0.024362300000000003
760 6 14 19 -0.019791500000000004
761 6 14 20 0.007305000000000002
762 6 15 16 -0.022230350000000003
763 6 15 17 0.0202033
764 6 15 18 0.0246963
765 6 15 19 -0.0046977000000000034
766 6 15 20 0.009245050000000001
767 6 16 17 0.018091000000000006
768 6 16 18 0.05896765000000001
769 6 16 19 0.006976650000000002
770 6 16 20 0.03790415000000001
771 6 17 18 0.03699253500000001
772 6 17 19 -0.029430000000000008
773 6 17 20 0.017243000000000005
774 6 18 19 -0.015965
775 6 18 20 -0.032636165
776 6 19 20 0.007184500000000002
777 7 8 9 -0.010712499999999996
778 7 8 10 -0.029273950000000003
779 7 8 11 -0.050187100000000005
780 7 8 12 -0.043340100000000006
781 7 8 13 -0.024023500000000003
782 7 8 14 0.006903500000000008
783 7 8 15 0.007798000000000003
784 7 8 16 -0.001115999999999995
785 7 8 17 -0.05928500000000001
786 7 8 18 -0.03531400000000001
787 7 8 19 -0.035847000000000004
788 7 8 20 -0.012423499999999999
789 7 9 10 -0.02589175000000001
790 7 9 11 -0.05434660000000001
791 7 9 12 -0.010544600000000006
792 7 9 13 -0.023636000000000004
793 7 9 14 0.02686050000000001
794 7 9 15 -0.014032500000000005
795 7 9 16 0.021065500000000004
796 7 9 17 -0.04494250000000001
797 7 9 18 -0.04372050000000001
798 7 9 19 -0.01817750000000001
799 7 9 20 -0.021502500000000004
800 7 10 11 -0.005688850000000002
801 7 10 12 0.018894150000000005
802 7 10 13 0.045188750000000014
803 7 10 14 0.03834225
804 7 10 15 0.012767750000000001
805 7 10 16 0.04595875000000001
806 7 10 17 -0.006642750000000001
807 7 10 18 -0.009630250000000002
808 7 10 19 0.022878750000000003
809 7 10 20 0.011627750000000001
810 7 11 12 -0.00165535
811 7 11 13 0.013136600000000003
812 7 11 14 0.04501410000000001
813 7 11 15 0.044333500000000005
814 7 11 16 0.04915595000000001
815 7 11 17 0.013710100000000005
816 7 11 18 -0.011268400000000003
817 7 11 19 0.0115426
818 7 11 20 0.014919250000000004
819 7 12 13 0.006483100000000004
820 7 12 14 0.06552960000000002
821 7 12 15 0.014616100000000007
822 7 12 16 0.07585760000000001
823 7 12 17 -0.014531400000000002
824 7 12 18 0.0216981
825 7 12 19 0.05812660000000002
826 7 12 20 0.0030356
827 7 13 14 0.03204800000000001
828 7 13 15 0.025283000000000003
829 7 13 16 0.04475000000000001
830 7 13 17 -0.033627000000000004
831 7 13 18 -0.005696000000000004
832 7 13 19 0.004590849999999997
833 7 13 20 -0.017542100000000005
834 7 14 15 -0.0013525000000000039
835 7 14 16 -0.011640500000000002
836 7 14 17 -0.02814700000000001
837 7 14 18 -0.03888670000000002
838 7 14 19 -0.03175300000000002
839 7 14 20 -0.019104000000000006
840 7 15 16 -0.002690499999999999
841 7 15 17 -0.020589500000000007
842 7 15 18 -0.052580500000000016
843 7 15 19 -0.03068700000000001
844 7 15 20 -0.031191750000000008
845 7 16 17 -0.04224165000000001
846 7 16 18 -0.037849000000000015
847 7 16 19 -0.0385525
848 7 16 20 -0.022072500000000002
849 7 17 18 0.0005085349999999989
850 7 17 19 -0.014626499999999999
851 7 17 20 0.017599
852 7 18 19 0.03532250000000001
853 7 18 20 0.004203835000000001
854 7 19 20 -0.007263
855 8 9 10 -0.007330300000000001
856 8 9 11 -0.014871999999999998
857 8 9 12 0.022083000000000002
858 8 9 13 -0.010325000000000003
859 8 9 14 0.009244500000000001
860 8 9 15 -0.03254300000000001
861 8 9 16 0.011469
862 8 9 17 0.0036300000000000004
863 8 9 18 -0.019119
864 8 9 19 0.0069570000000000005
865 8 9 20 -0.019791500000000004
866 8 10 11 0.015224300000000003
867 8 10 12 0.032960300000000005
868 8 10 13 0.03993830000000002
869 8 10 14 0.0021648000000000006
870 8 10 15 -0.02430420000000001
871 8 10 16 0.017800800000000002
872 8 10 17 0.0233683
873 8 10 18 -0.003590200000000005
874 8 10 19 0.029451800000000007
875 8 10 20 -0.005222700000000001
876 8 11 12 -0.008502350000000002
877 8 11 13 -0.013027000000000002
878 8 11 14 -0.012076500000000004
879 8 11 15 -0.013651600000000003
880 8 11 16 8.484999999999884e-5
881 8 11 17 0.022808000000000005
882 8 11 18 -0.026141500000000005
883 8 11 19 -0.0027975000000000005
884 8 11 20 -0.022844350000000003
885 8 12 13 -0.0128335
886 8 12 14 0.015286000000000003
887 8 12 15 -0.036522000000000006
888 8 12 16 0.03363350000000001
889 8 12 17 0.0014135000000000011
890 8 12 18 0.013672000000000002
891 8 12 19 0.050633500000000005
892 8 12 20 -0.027881000000000006
893 8 13 14 0.0011209999999999985
894 8 13 15 -0.006538500000000003
895 8 13 16 0.0218425
896 8 13 17 0.0016345
897 8 13 18 0.005594499999999999
898 8 13 19 0.01641435
899 8 13 20 -0.029142100000000004
900 8 14 15 -0.0022469999999999994
901 8 14 16 -0.0036209999999999997
902 8 14 17 0.038041500000000006
903 8 14 18 0.0033308
904 8 14 19 0.010997500000000004
905 8 14 20 0.000223000000000001
906 8 15 16 0.0062235
907 8 15 17 0.04649350000000001
908 8 15 18 -0.009468500000000003
909 8 15 19 0.012957999999999999
910 8 15 20 -0.010970250000000003
911 8 16 17 0.015927350000000007
912 8 16 18 -0.003651000000000001
913 8 16 19 -0.0038214999999999976
914 8 16 20 -0.010765000000000004
915 8 17 18 -0.023462465000000005
916 8 17 19 -0.0380645
917 8 17 20 -0.029262500000000007
918 8 18 19 0.03585550000000001
919 8 18 20 -0.018686665000000005
920 8 19 20 -0.03068650000000001
921 9 10 11 0.022766
922 9 10 12 0.0035470000000000007
923 9 10 13 0.04293300000000001
924 9 10 14 -0.014410000000000003
925 9 10 15 0.0009085000000000012
926 9 10 16 -0.0009985000000000024
927 9 10 17 0.012408
928 9 10 18 0.008198499999999997
929 9 10 19 0.015164500000000004
930 9 10 20 0.0072385
931 9 11 12 -0.04545735
932 9 11 13 -0.017574
933 9 11 14 -0.036193
934 9 11 15 0.004019400000000004
935 9 11 16 -0.026256150000000006
936 9 11 17 0.004306000000000001
937 9 11 18 -0.021894500000000004
938 9 11 19 -0.024626500000000003
939 9 11 20 -0.01792485
940 9 12 13 0.0195745
941 9 12 14 0.028124500000000007
942 9 12 15 0.018104000000000006
943 9 12 16 0.0442475
944 9 12 17 0.0198665
945 9 12 18 0.05487400000000001
946 9 12 19 0.06575950000000001
947 9 12 20 0.013993500000000006
948 9 13 14 -0.018448500000000003
949 9 13 15 0.015679500000000006
950 9 13 16 4.8499999999998556e-5
951 9 13 17 -0.012320500000000003
952 9 13 18 0.014388500000000002
953 9 13 19 -0.0008676499999999998
954 9 13 20 -0.019675600000000005
955 9 14 15 0.039540500000000006
956 9 14 16 -0.0058455
957 9 14 17 0.04365600000000001
958 9 14 18 0.0316943
959 9 14 19 0.013285000000000002
960 9 14 20 0.029259000000000007
961 9 15 16 -0.03778850000000001
962 9 15 17 0.010320499999999998
963 9 15 18 -0.02289250000000001
964 9 15 19 -0.026542000000000003
965 9 15 20 -0.023721750000000007
966 9 16 17 0.023766350000000006
967 9 16 18 0.026937000000000003
968 9 16 19 0.0006905000000000023
969 9 16 20 0.020495500000000003
970 9 17 18 -0.0007134650000000008
971 9 17 19 -0.0413915
972 9 17 20 -0.005841
973 9 18 19 0.009779500000000003
974 9 18 20 -0.018014165
975 9 19 20 -0.003938000000000002
976 10 11 12 -0.026238350000000004
977 10 11 13 -0.03774100000000001
978 10 11 14 0.0009830000000000008
979 10 11 15 0.025876900000000008
980 10 11 16 -0.0024916499999999998
981 10 11 17 0.014664000000000002
982 10 11 18 -0.0073269999999999984
983 10 11 19 -0.017025000000000005
984 10 11 20 -0.0023973500000000008
985 10 12 13 -0.0198115
986 10 12 14 0.04608150000000001
987 10 12 15 0.020742500000000014
988 10 12 16 0.048793
989 10 12 17 0.011005500000000003
990 10 12 18 0.05022250000000001
991 10 12 19 0.05414200000000001
992 10 12 20 0.010302000000000002
993 10 13 14 0.03889450000000001
994 10 13 15 0.057704000000000005
995 10 13 16 0.04398000000000001
996 10 13 17 0.018204500000000005
997 10 13 18 0.049123000000000014
998 10 13 19 0.026900850000000004
999 10 13 20 0.016018900000000003
1000 10 14 15 0.024222000000000007
1001 10 14 16 -0.019257000000000003
1002 10 14 17 0.016838000000000002
1003 10 14 18 0.009085800000000003
1004 10 14 19 -0.016289500000000005
1005 10 14 20 0.0076105
1006 10 15 16 -0.035881500000000004
1007 10 15 17 -0.0011790000000000023
1008 10 15 18 -0.030182500000000004
1009 10 15 19 -0.04079800000000001
1010 10 15 20 -0.030051750000000006
1011 10 16 17 0.010359850000000002
1012 10 16 18 0.017740000000000002
1013 10 16 19 -0.015472500000000004
1014 10 16 20 0.012258500000000002
1015 10 17 18 0.003496035000000002
1016 10 17 19 -0.04414800000000001
1017 10 17 20 -0.0006715000000000027
1018 10 18 19 0.002813499999999997
1019 10 18 20 -0.017054165000000003
1020 10 19 20 0.003988
1021 11 12 13 -0.008308850000000001
1022 11 12 14 0.018860150000000003
1023 11 12 15 -0.031372750000000005
1024 11 12 16 0.025046300000000004
1025 11 12 17 -0.02989685000000001
1026 11 12 18 0.03131115
1027 11 12 19 0.044928650000000014
1028 11 12 20 -0.013539
1029 11 13 14 0.00017049999999999986
1030 11 13 15 -0.005913900000000002
1031 11 13 16 0.008730650000000001
1032 11 13 17 -0.0342005
1033 11 13 18 0.018709
1034 11 13 19 0.006184850000000002
1035 11 13 20 -0.019324750000000005
1036 11 14 15 -0.0006719000000000004
1037 11 14 16 -0.01578235
1038 11 14 17 0.0031570000000000005
1039 11 14 18 0.017395800000000003
1040 11 14 19 0.0017185000000000008
1041 11 14 20 0.010990850000000002
1042 11 15 16 -0.007512950000000003
1043 11 15 17 0.0100339
1044 11 15 18 0.0030213999999999996
1045 11 15 19 0.0021039000000000006
1046 11 15 20 -0.001777500000000001
1047 11 16 17 -0.006795800000000001
1048 11 16 18 0.022575350000000004
1049 11 16 19 -0.0009391499999999984
1050 11 16 20 0.012164200000000002
1051 11 17 18 0.025487035
1052 11 17 19 -0.012459
1053 11 17 20 0.016389850000000004
1054 11 18 19 0.012511500000000002
1055 11 18 20 -0.021983815000000004
1056 11 19 20 -0.010639650000000004
1057 12 13 14 -0.0269985
1058 12 13 15 0.017150000000000002
1059 12 13 16 -0.02462450000000001
1060 12 13 17 -0.0126125
1061 12 13 18 -0.020911
1062 12 13 19 -0.04705265000000001
1063 12 13 20 -0.014094600000000004
1064 12 14 15 0.04956100000000001
1065 12 14 16 -0.021968500000000005
1066 12 14 17 0.051914
1067 12 14 18 0.0049448
1068 12 14 19 -0.024350000000000007
1069 12 14 20 0.043390000000000005
1070 12 15 16 -0.063932
1071 12 15 17 0.008558000000000003
1072 12 15 18 -0.05966250000000001
1073 12 15 19 -0.07419750000000003
1074 12 15 20 -0.019611250000000004
1075 12 16 17 0.048147350000000005
1076 12 16 18 0.016310500000000002
1077 12 16 19 -0.0208215
1078 12 16 20 0.05074950000000001
1079 12 17 18 -0.035720965000000014
1080 12 17 19 -0.08728450000000001
1081 12 17 20 3.19999999999987e-5
1082 12 18 19 -0.0011060000000000015
1083 12 18 20 0.022866335000000005
1084 12 19 20 0.04782800000000001
1085 13 14 15 0.0054125000000000015
1086 13 14 16 -0.024342500000000006
1087 13 14 17 0.037528000000000006
1088 13 14 18 -0.0011427000000000002
1089 13 14 19 -0.004295850000000001
1090 13 14 20 0.030486100000000002
1091 13 15 16 -0.022157500000000004
1092 13 15 17 0.03832050000000001
1093 13 15 18 -0.021601500000000006
1094 13 15 19 -0.009994850000000005
1095 13 15 20 0.011633349999999999
1096 13 16 17 0.036135350000000004
1097 13 16 18 0.012597
1098 13 16 19 0.0016066500000000016
1099 13 16 20 0.04021960000000001
1100 13 17 18 -0.027422465000000007
1101 13 17 19 -0.052844350000000005
1102 13 17 20 0.0015141000000000017
1103 13 18 19 0.02503565
1104 13 18 20 0.016049935
1105 13 19 20 0.01486995
1106 14 15 16 0.007597499999999999
1107 14 15 17 0.0062050000000000004
1108 14 15 18 -0.015046300000000002
1109 14 15 19 -0.0002865000000000007
1110 14 15 20 -0.013440250000000004
1111 14 16 17 -0.02573515
1112 14 16 18 -0.0106028
1113 14 16 19 -0.01844
1114 14 16 20 -0.014609000000000002
1115 14 17 18 0.011248235000000002
1116 14 17 19 -0.011020499999999999
1117 14 17 20 0.008556000000000001
1118 14 18 19 0.028188800000000007
1119 14 18 20 -0.015578865000000003
1120 14 19 20 -0.019912000000000006
1121 15 16 17 -0.024342650000000004
1122 15 16 18 0.012041000000000003
1123 15 16 19 -0.010556
1124 15 16 20 0.0064287500000000004
1125 15 17 18 0.03249953500000001
1126 15 17 19 -0.004528999999999995
1127 15 17 20 0.028201250000000004
1128 15 18 19 0.013429000000000002
1129 15 18 20 -0.017184915000000002
1130 15 19 20 -0.006758250000000001
1131 16 17 18 -0.003884115000000001
1132 16 17 19 -0.01831565
1133 16 17 20 -0.0025701499999999993
1134 16 18 19 0.03602600000000001
1135 16 18 20 -0.011572665
1136 16 19 20 -0.023743
1137 17 18 19 0.050457535000000005
1138 17 18 20 -0.012886630000000001
1139 17 19 20 -0.0394885
1140 18 19 20 0.023855665000000005
