t i j k u[t]=u_ijk
1 1 2 3 0.05815549999999997
2 1 2 4 0.04763099999999999
3 1 2 5 0.03465599999999999
4 1 2 6 0.045812999999999986
5 1 2 7 0.135401
6 1 2 8 0.10256149999999999
7 1 2 9 0.045810999999999984
8 1 2 10 0.08046999999999999
9 1 2 11 0.060197
10 1 2 12 0.0871465
11 1 2 13 0.11190049999999999
12 1 2 14 -0.006790500000000009
13 1 2 15 0.07480349999999998
14 1 2 16 0.09638999999999998
15 1 2 17 0.0458145
16 1 2 18 0.04054649999999999
17 1 2 19 0.07216849999999998
18 1 2 20 0.03669749999999999
19 1 3 4 -0.015792499999999987
20 1 3 5 -0.021060499999999996
21 1 3 6 -0.010933999999999998
22 1 3 7 0.004481000000000002
23 1 3 8 -0.0490415
24 1 3 9 -0.037883999999999994
25 1 3 10 0.011157500000000013
26 1 3 11 -0.025825999999999995
27 1 3 12 -0.03942249999999999
28 1 3 13 -0.005666499999999997
29 1 3 14 0.015923
30 1 3 15 -0.054708
31 1 3 16 0.0361935
32 1 3 17 -0.0470005
33 1 3 18 -0.0581585
34 1 3 19 0.0
35 1 3 20 -0.02835799999999999
36 1 4 5 0.047223
37 1 4 6 -0.031207499999999996
38 1 4 7 0.047223499999999995
39 1 4 8 0.026949999999999988
40 1 4 9 0.015005499999999998
41 1 4 10 -0.038014999999999986
42 1 4 11 0.036065999999999994
43 1 4 12 0.009116500000000001
44 1 4 13 -0.013373999999999997
45 1 4 14 -0.0093835
46 1 4 15 -0.0200505
47 1 4 16 -0.023217499999999988
48 1 4 17 -0.0005525000000000001
49 1 4 18 0.03283900000000001
50 1 4 19 0.008084999999999997
51 1 4 20 -0.011156999999999999
52 1 5 6 -0.046213
53 1 5 7 0.039925499999999996
54 1 5 8 0.007707499999999988
55 1 5 9 0.006299499999999999
56 1 5 10 0.009618999999999997
57 1 5 11 0.0020414999999999986
58 1 5 12 -0.0784285
59 1 5 13 -0.0079925
60 1 5 14 0.004367499999999997
61 1 5 15 -0.0273485
62 1 5 16 0.0414615
63 1 5 17 0.005746499999999998
64 1 5 18 -0.07253949999999999
65 1 5 19 -0.0423625
66 1 5 20 -0.019794499999999996
67 1 6 7 0.06931449999999999
68 1 6 8 0.010146999999999986
69 1 6 9 0.019263
70 1 6 10 0.06830449999999999
71 1 6 11 0.0168235
72 1 6 12 0.051481000000000006
73 1 6 13 0.0044804999999999975
74 1 6 14 0.025039
75 1 6 15 -0.014384500000000005
76 1 6 16 0.08767449999999999
77 1 6 17 0.007708000000000002
78 1 6 18 0.011555499999999995
79 1 6 19 0.014782499999999997
80 1 6 20 -0.0212835
81 1 7 8 -0.034657499999999994
82 1 7 9 -0.036065999999999994
83 1 7 10 -0.034657499999999994
84 1 7 11 -0.034657499999999994
85 1 7 12 0.005888999999999999
86 1 7 13 -0.072542
87 1 7 14 -0.021174
88 1 7 15 -0.0928155
89 1 7 16 -0.018737499999999994
90 1 7 17 -0.016824
91 1 7 18 0.020272999999999996
92 1 7 19 -0.0255415
93 1 7 20 -0.036065999999999994
94 1 8 9 0.007707500000000011
95 1 8 10 0.02027350000000001
96 1 8 11 -0.014383999999999989
97 1 8 12 1.1102230246251564e-17
98 1 8 13 0.01886450000000001
99 1 8 14 0.0023260000000000112
100 1 8 15 0.056971500000000015
101 1 8 16 0.050577500000000004
102 1 8 17 -0.05148049999999998
103 1 8 18 0.049662500000000005
104 1 8 19 0.0051140000000000066
105 1 8 20 -0.015792499999999987
106 1 9 10 0.036983499999999996
107 1 9 11 0.05493249999999999
108 1 9 12 0.02695
109 1 9 13 0.0034494999999999994
110 1 9 14 -0.023214999999999996
111 1 9 15 -0.029389499999999995
112 1 9 16 0.0317125
113 1 9 17 0.041333499999999995
114 1 9 18 0.047223
115 1 9 19 -0.0145145
116 1 9 20 0.0346565
117 1 10 11 0.005889499999999997
118 1 10 12 -0.009115999999999999
119 1 10 13 -0.005667000000000002
120 1 10 14 -0.0467155
121 1 10 15 0.005888999999999999
122 1 10 16 0.038012000000000004
123 1 10 17 -0.005666499999999999
124 1 10 18 0.020272999999999996
125 1 10 19 0.020272999999999996
126 1 10 20 -0.014384500000000001
127 1 11 12 0.0437735
128 1 11 13 -0.06404649999999999
129 1 11 14 -0.0323315
130 1 11 15 0.039924999999999995
131 1 11 16 0.099619
132 1 11 17 0.0188645
133 1 11 18 0.0405465
134 1 11 19 0.032616
135 1 11 20 -0.038107499999999996
136 1 12 13 -0.058157999999999994
137 1 12 14 0.05058199999999999
138 1 12 15 -0.009116500000000001
139 1 12 16 0.004763000000000006
140 1 12 17 -0.018232500000000002
141 1 12 18 0.015005
142 1 12 19 -0.016425500000000003
143 1 12 20 -0.042872499999999994
144 1 13 14 0.006676999999999998
145 1 13 15 -0.020273499999999996
146 1 13 16 0.074078
147 1 13 17 0.027980999999999995
148 1 13 18 -0.05108049999999999
149 1 13 19 -0.0366985
150 1 13 20 0.010934499999999998
151 1 14 15 -0.002326499999999999
152 1 14 16 0.020270499999999993
153 1 14 17 0.037599
154 1 14 18 0.006790000000000002
155 1 14 19 -0.068416
156 1 14 20 0.0019314999999999996
157 1 15 16 0.06496199999999999
158 1 15 17 0.042365
159 1 15 18 -0.005268
160 1 15 19 0.012342999999999998
161 1 15 20 0.013373999999999997
162 1 16 17 -0.07407799999999999
163 1 16 18 -0.010031
164 1 16 19 -0.06173499999999999
165 1 16 20 -0.07752749999999999
166 1 17 18 -0.0119445
167 1 17 19 -0.062241
168 1 17 20 -0.047223
169 1 18 19 -0.06608800000000001
170 1 18 20 -0.047223
171 1 19 20 -0.03606599999999999
172 2 3 4 -0.005267999999999989
173 2 3 5 0.002438999999999998
174 2 3 6 0.0014085000000000011
175 2 3 7 -0.0727645
176 2 3 8 -0.09344749999999999
177 2 3 9 -0.025539500000000007
178 2 3 10 -0.011156999999999988
179 2 3 11 -0.027867499999999996
180 2 3 12 -0.0684135
181 2 3 13 -0.059411500000000006
182 2 3 14 0.080869
183 2 3 15 -0.07135599999999999
184 2 3 16 -0.002040999999999998
185 2 3 17 -0.0346595
186 2 3 18 -0.0405495
187 2 3 19 -0.014012999999999996
188 2 3 20 -0.006899999999999996
189 2 4 5 0.06019799999999999
190 2 4 6 -0.029389499999999995
191 2 4 7 -0.040546500000000006
192 2 4 8 -0.027980499999999995
193 2 4 9 0.01682549999999999
194 2 4 10 -0.07085399999999999
195 2 4 11 0.023499999999999997
196 2 4 12 -0.030398999999999995
197 2 4 13 -0.07764349999999999
198 2 4 14 0.045038
199 2 4 15 -0.047223
200 2 4 16 -0.07197649999999998
201 2 4 17 0.0012639999999999928
202 2 4 18 0.0399235
203 2 4 19 -0.0164525
204 2 4 20 -0.00022349999999999868
205 2 5 6 -0.057369999999999984
206 2 5 7 -0.0608195
207 2 5 8 -0.06019799999999999
208 2 5 9 -0.004855500000000004
209 2 5 10 -0.036195
210 2 5 11 -0.023499499999999996
211 2 5 12 -0.13091899999999998
212 2 5 13 -0.08523699999999998
213 2 5 14 0.045813999999999994
214 2 5 15 -0.06749599999999999
215 2 5 16 -0.020272499999999995
216 2 5 17 -0.005412000000000005
217 2 5 18 -0.07843
218 2 5 19 -0.07987499999999999
219 2 5 20 -0.021835999999999994
220 2 6 7 -0.0202735
221 2 6 8 -0.04660149999999999
222 2 6 9 0.01926499999999999
223 2 6 10 0.0336475
224 2 6 11 0.0024395000000000024
225 2 6 12 0.01014750000000001
226 2 6 13 -0.06160699999999999
227 2 6 14 0.0776425
228 2 6 15 -0.043375
229 2 6 16 0.037097500000000005
230 2 6 17 0.007706499999999993
231 2 6 18 0.01682199999999999
232 2 6 19 -0.011572999999999998
233 2 6 20 -0.012168
234 2 7 8 -0.0018179999999999887
235 2 7 9 0.05352399999999999
236 2 7 10 0.020273499999999993
237 2 7 11 0.040546500000000006
238 2 7 12 0.05414349999999999
239 2 7 13 -0.049041499999999995
240 2 7 14 0.12101749999999999
241 2 7 15 -0.032218000000000004
242 2 7 16 0.020273499999999996
243 2 7 17 0.0727625
244 2 7 18 0.11512750000000001
245 2 7 19 0.037691
246 2 7 20 0.0626375
247 2 8 9 0.06445799999999999
248 2 8 10 0.04236500000000001
249 2 8 11 0.027980499999999995
250 2 8 12 0.015414999999999993
251 2 8 13 0.0095255
252 2 8 14 0.11167799999999997
253 2 8 15 0.08472949999999999
254 2 8 16 0.056749
255 2 8 17 0.005266499999999996
256 2 8 18 0.11167749999999996
257 2 8 19 0.035507
258 2 8 20 0.0500715
259 2 9 10 0.0023245000000000067
260 2 9 11 0.0405465
261 2 9 12 -0.014385499999999994
262 2 9 13 -0.06263999999999999
263 2 9 14 0.029386500000000003
264 2 9 15 -0.05838199999999999
265 2 9 16 -0.01886649999999999
266 2 9 17 0.04132999999999999
267 2 9 18 0.05248749999999999
268 2 9 19 -0.04087199999999999
269 2 9 20 0.04377
270 2 10 11 0.026162499999999995
271 2 10 12 -0.015792500000000004
272 2 10 13 -0.03709749999999999
273 2 10 14 0.040544999999999984
274 2 10 15 0.011555499999999998
275 2 10 16 0.022092
276 2 10 17 0.028988999999999994
277 2 10 18 0.06019649999999999
278 2 10 19 0.0285745
279 2 10 20 0.029387999999999997
280 2 11 12 0.016824
281 2 11 13 -0.11575
282 2 11 14 0.034656
283 2 11 15 0.025318499999999997
284 2 11 16 0.063426
285 2 11 17 0.03324699999999999
286 2 11 18 0.06019699999999998
287 2 11 19 0.0206445
288 2 11 20 -0.014607999999999996
289 2 12 13 -0.082912
290 2 12 14 0.14451899999999998
291 2 12 15 0.0032264999999999985
292 2 12 16 -0.0044804999999999975
293 2 12 17 0.02309949999999999
294 2 12 18 0.06160499999999999
295 2 12 19 -0.0014474999999999959
296 2 12 20 0.007576500000000002
297 2 13 14 0.12536799999999998
298 2 13 15 0.0168235
299 2 13 16 0.0895885
300 2 13 17 0.094067
301 2 13 18 0.020273500000000007
302 2 13 19 0.0030334999999999997
303 2 13 20 0.08613749999999999
304 2 14 15 -0.08392049999999998
305 2 14 16 -0.08290999999999998
306 2 14 17 -0.015006000000000004
307 2 14 18 -0.040547
308 2 14 19 -0.14737499999999998
309 2 14 20 -0.041556499999999996
310 2 15 16 0.0433755
311 2 15 17 0.07135399999999999
312 2 15 18 0.028988999999999987
313 2 15 19 0.014978
314 2 15 20 0.05148
315 2 16 17 -0.023502500000000006
316 2 16 18 0.045812499999999985
317 2 16 19 -0.03751349999999999
318 2 16 20 -0.017834999999999986
319 2 17 18 -0.006676499999999999
320 2 17 19 -0.08859499999999998
321 2 17 20 -0.03810599999999999
322 2 18 19 -0.09770999999999999
323 2 18 20 -0.04337399999999998
324 2 19 20 -0.00059499999999999
325 3 4 5 0.052491
326 3 4 6 -0.036065999999999994
327 3 4 7 0.026950000000000012
328 3 4 8 0.06019900000000001
329 3 4 9 0.03709700000000001
330 3 4 10 -0.06496499999999998
331 3 4 11 0.04609950000000001
332 3 4 12 0.032746500000000005
333 3 4 13 -0.023499999999999986
334 3 4 14 -0.04109899999999998
335 3 4 15 0.018865000000000014
336 3 4 16 -0.07520349999999998
337 3 4 17 0.030655500000000006
338 3 4 18 0.07520500000000001
339 3 4 19 -0.007707499999999989
340 3 4 20 0.0014085000000000096
341 3 5 6 -0.05633950000000001
342 3 5 7 0.014383999999999997
343 3 5 8 0.0356885
344 3 5 9 0.023122999999999998
345 3 5 10 -0.02259900000000001
346 3 5 11 0.006806999999999997
347 3 5 12 -0.060066499999999995
348 3 5 13 -0.023386499999999998
349 3 5 14 -0.032616
350 3 5 15 0.006298999999999998
351 3 5 16 -0.015792500000000004
352 3 5 17 0.0316865
353 3 5 18 -0.0354415
354 3 5 19 -0.06342300000000001
355 3 5 20 -0.012497
356 3 6 7 0.053899499999999996
357 3 6 8 0.04825449999999999
358 3 6 9 0.046213000000000004
359 3 6 10 0.04621299999999999
360 3 6 11 0.031715499999999994
361 3 6 12 0.07996950000000001
362 3 6 13 -0.0007869999999999987
363 3 6 14 -0.0018179999999999971
364 3 6 15 0.029389500000000002
365 3 6 16 0.04054699999999999
366 3 6 17 0.0437745
367 3 6 18 0.05878
368 3 6 19 0.0038484999999999986
369 3 6 20 -0.003859500000000004
370 3 7 8 0.018865000000000007
371 3 7 9 0.006298999999999998
372 3 7 10 -0.04133400000000001
373 3 7 11 -0.004350500000000001
374 3 7 12 0.049792499999999996
375 3 7 13 -0.0623945
376 3 7 14 -0.032616
377 3 7 15 -0.033626500000000004
378 3 7 16 -0.05045
379 3 7 17 0.0346575
380 3 7 18 0.0829125
381 3 7 19 -0.0210605
382 3 7 20 -0.003227000000000002
383 3 8 9 -0.003449999999999997
384 3 8 10 -0.03992550000000001
385 3 8 11 -0.0375995
386 3 8 12 -0.009618999999999997
387 3 8 13 -0.024510499999999998
388 3 8 14 -0.06263849999999999
389 3 8 15 0.062638
390 3 8 16 -0.034657499999999994
391 3 8 17 -0.0535215
392 3 8 18 0.058779499999999985
393 3 8 19 -0.043927499999999994
394 3 8 20 -0.036475999999999995
395 3 9 10 -0.012058000000000013
396 3 9 11 0.04287449999999999
397 3 9 12 0.0284885
398 3 9 13 -0.028768
399 3 9 14 -0.077022
400 3 9 15 -0.012565499999999999
401 3 9 16 -0.042365
402 3 9 17 0.05044999999999999
403 3 9 18 0.06749749999999999
404 3 9 19 -0.052398499999999994
405 3 9 20 0.025130499999999997
406 3 10 11 0.04287300000000001
407 3 10 12 0.04146400000000001
408 3 10 13 0.011157000000000009
409 3 10 14 -0.051480999999999985
410 3 10 15 0.0717545
411 3 10 16 0.01297600000000001
412 3 10 17 0.0524915
413 3 10 18 0.089589
414 3 10 19 0.03143050000000001
415 3 10 20 0.025131000000000004
416 3 11 12 0.05737
417 3 11 13 -0.08420599999999999
418 3 11 14 -0.0740805
419 3 11 15 0.06880699999999998
420 3 11 16 0.0375995
421 3 11 17 0.040039
422 3 11 18 0.07287899999999999
423 3 11 19 0.00679
424 3 11 20 -0.0355755
425 3 12 13 -0.091914
426 3 12 14 -0.004763500000000009
427 3 12 15 0.006168999999999999
428 3 12 16 -0.070853
429 3 12 17 -0.010654499999999999
430 3 12 18 0.03374099999999999
431 3 12 19 -0.055848
432 3 12 20 -0.053937
433 3 13 14 -0.014912499999999999
434 3 13 15 0.028768
435 3 13 16 0.03221800000000001
436 3 13 17 0.06931499999999999
437 3 13 18 0.0014114999999999987
438 3 13 19 -0.042365
439 3 13 20 0.033625999999999996
440 3 14 15 0.06830449999999999
441 3 14 16 -5.551115123125782e-18
442 3 14 17 0.1005225
443 3 14 18 0.0808715
444 3 14 19 -0.052493
445 3 14 20 0.0462125
446 3 15 16 -0.0259395
447 3 15 17 0.034657499999999994
448 3 15 18 -0.001817500000000005
449 3 15 19 -0.042365
450 3 15 20 -0.012976
451 3 16 17 0.009116
452 3 16 18 0.084321
453 3 16 19 -0.025541499999999998
454 3 16 20 -0.01297599999999999
455 3 17 18 -0.0007865000000000052
456 3 17 19 -0.10924149999999999
457 3 17 20 -0.06586550000000001
458 3 18 19 -0.12424650000000001
459 3 18 20 -0.07702349999999998
460 3 19 20 -0.007707999999999989
461 4 5 6 0.032217499999999996
462 4 5 7 0.039924999999999995
463 4 5 8 0.027980499999999995
464 4 5 9 0.038516999999999996
465 4 5 10 0.09485699999999998
466 4 5 11 0.0131985
467 4 5 12 -0.040322
468 4 5 13 0.052604500000000005
469 4 5 14 0.060974
470 4 5 15 0.039924999999999995
471 4 5 16 0.11190199999999999
472 4 5 17 0.053522
473 4 5 18 -0.058155500000000006
474 4 5 19 -0.0032244999999999965
475 4 5 20 0.03858549999999999
476 4 6 7 -0.009116500000000001
477 4 6 8 -0.0480105
478 4 6 9 -0.02695
479 4 6 10 0.07511199999999998
480 4 6 11 -0.05044999999999999
481 4 6 12 0.011157000000000009
482 4 6 13 -0.013352999999999995
483 4 6 14 0.003214999999999998
484 4 6 15 -0.0255415
485 4 6 16 0.0796845
486 4 6 17 -0.022947
487 4 6 18 -0.052491
488 4 6 19 -0.024510000000000004
489 4 6 20 -0.041333999999999996
490 4 7 8 -0.014383999999999989
491 4 7 9 -0.003848000000000001
492 4 7 10 0.05058099999999998
493 4 7 11 -0.023499999999999997
494 4 7 12 0.04399599999999999
495 4 7 13 -0.011944499999999995
496 4 7 14 0.03543299999999999
497 4 7 15 -0.0255415
498 4 7 16 0.0517035
499 4 7 17 0.030952
500 4 7 18 0.03465749999999998
501 4 7 19 0.013596999999999995
502 4 7 20 0.022314499999999994
503 4 8 9 0.019652
504 4 8 10 0.08523849999999998
505 4 8 11 -0.023499999999999997
506 4 8 12 0.017833499999999995
507 4 8 13 0.0591885
508 4 8 14 0.0386595
509 4 8 15 0.10397199999999998
510 4 8 16 0.10074499999999999
511 4 8 17 -0.023977999999999985
512 4 8 18 0.043773499999999986
513 4 8 19 0.023978999999999993
514 4 8 20 0.0223145
515 4 9 10 0.09000399999999999
516 4 9 11 0.03387199999999999
517 4 9 12 0.03283899999999999
518 4 9 13 0.03182899999999999
519 4 9 14 0.001174
520 4 9 15 0.005666499999999999
521 4 9 16 0.06993549999999998
522 4 9 17 0.056891500000000005
523 4 9 18 0.02938949999999999
524 4 9 19 -0.007594
525 4 9 20 0.060819
526 4 10 11 -0.06819149999999999
527 4 10 12 -0.056247499999999985
528 4 10 13 -0.03030799999999999
529 4 10 14 -0.07534699999999998
530 4 10 15 -0.012075499999999992
531 4 10 16 0.0232145
532 4 10 17 -0.04312899999999999
533 4 10 18 -0.050581
534 4 10 19 -0.025826999999999992
535 4 10 20 -0.041242499999999994
536 4 11 12 0.070723
537 4 11 13 -0.0146065
538 4 11 14 0.013117999999999994
539 4 11 15 0.09604149999999999
540 4 11 16 0.15890249999999997
541 4 11 17 0.055483000000000005
542 4 11 18 0.04377349999999998
543 4 11 19 0.060597
544 4 11 20 0.009115499999999997
545 4 12 13 -0.0356675
546 4 12 14 0.06908199999999999
547 4 12 15 0.0200505
548 4 12 16 0.037096999999999984
549 4 12 17 -0.008563499999999998
550 4 12 18 -0.00871750000000001
551 4 12 19 -0.015393999999999998
552 4 12 20 -0.022598999999999998
553 4 13 14 0.0026864999999999997
554 4 13 15 -0.013596999999999998
555 4 13 16 0.0839215
556 4 13 17 0.015159500000000001
557 4 13 18 -0.0972935
558 4 13 19 -0.0581575
559 4 13 20 0.0087175
560 4 14 15 0.008340499999999997
561 4 14 16 0.03410449999999999
562 4 14 17 0.028768
563 4 14 18 -0.03543250000000001
564 4 14 19 -0.0858845
565 4 14 20 0.0037049999999999995
566 4 15 16 0.06812899999999998
567 4 15 17 0.022867000000000002
568 4 15 18 -0.058157500000000015
569 4 15 19 -0.015792499999999998
570 4 15 20 0.004480500000000001
571 4 16 17 -0.096743
572 4 16 18 -0.06608749999999998
573 4 16 19 -0.0930375
574 4 16 20 -0.08958799999999997
575 4 17 18 -0.04533600000000001
576 4 17 19 -0.0708785
577 4 17 20 -0.0366185
578 4 18 19 -0.04133399999999999
579 4 18 20 -0.003226999999999988
580 4 19 20 -0.016823999999999985
581 5 6 7 -0.016823999999999995
582 5 6 8 -0.0437735
583 5 6 9 -0.033249499999999994
584 5 6 10 0.012472499999999997
585 5 6 11 -0.031430999999999994
586 5 6 12 0.08369650000000001
587 5 6 13 -0.03373999999999999
588 5 6 14 -0.025541499999999998
589 5 6 15 -0.033248999999999994
590 5 6 16 2.775557561562891e-18
591 5 6 17 -0.0442515
592 5 6 18 0.037882
593 5 6 19 0.010931999999999997
594 5 6 20 -0.047701999999999994
595 5 7 8 -0.0024394999999999886
596 5 7 9 -0.002440000000000003
597 5 7 10 -0.004350999999999999
598 5 7 11 0.0032264999999999985
599 5 7 12 0.124243
600 5 7 13 -0.024623999999999997
601 5 7 14 0.014383999999999994
602 5 7 15 -0.0255415
603 5 7 16 -0.020273499999999996
604 5 7 17 0.017354999999999995
605 5 7 18 0.132738
606 5 7 19 0.05674649999999998
607 5 7 20 0.023653999999999994
608 5 8 9 0.009115499999999997
609 5 8 10 0.018361999999999993
610 5 8 11 -0.008718000000000002
611 5 8 12 0.08613599999999999
612 5 8 13 0.03456449999999999
613 5 8 14 0.005665999999999998
614 5 8 15 0.0920275
615 5 8 16 0.016823499999999995
616 5 8 17 -0.049519499999999994
617 5 8 18 0.12990949999999998
618 5 8 19 0.055184
619 5 8 20 0.011709499999999998
620 5 9 10 0.033664
621 5 9 11 0.05919049999999999
622 5 9 12 0.111678
623 5 9 13 0.017741499999999997
624 5 9 14 -0.021282999999999993
625 5 9 15 0.004258500000000003
626 5 9 16 -0.0034494999999999964
627 5 9 17 0.0418865
628 5 9 18 0.126062
629 5 9 19 0.0341475
630 5 9 20 0.060750499999999985
631 5 10 11 0.013467
632 5 10 12 0.0789315
633 5 10 13 0.011944499999999997
634 5 10 14 -0.041463999999999994
635 5 10 15 0.0428565
636 5 10 16 0.006169500000000002
637 5 10 17 -0.001793999999999998
638 5 10 18 0.1024315
639 5 10 19 0.07225449999999999
640 5 10 20 0.015028999999999997
641 5 11 12 0.12424349999999998
642 5 11 13 -0.0540125
643 5 11 14 -0.034657499999999994
644 5 11 15 0.06931499999999999
645 5 11 16 0.060198999999999996
646 5 11 17 0.015159499999999998
647 5 11 18 0.11512750000000001
648 5 11 19 0.07701999999999999
649 5 11 20 -0.016271499999999998
650 5 12 13 -0.12859399999999999
651 5 12 14 -0.032214000000000007
652 5 12 15 -0.06019649999999999
653 5 12 16 -0.11512699999999998
654 5 12 17 -0.1024075
655 5 12 18 0.009115999999999999
656 5 12 19 -0.052491499999999996
657 5 12 20 -0.1015065
658 5 13 14 -0.005682999999999999
659 5 13 15 -0.0009174999999999987
660 5 13 16 0.02462400000000001
661 5 13 17 0.014241999999999998
662 5 13 18 0.013466500000000013
663 5 13 19 -0.0023285
664 5 13 20 0.022736499999999996
665 5 14 15 0.029389499999999995
666 5 14 16 -0.0168235
667 5 14 17 0.03621999999999999
668 5 14 18 0.083697
669 5 14 19 -0.021686000000000004
670 5 14 20 0.026093499999999995
671 5 15 16 -0.003848
672 5 15 17 0.00927
673 5 15 18 0.03992299999999999
674 5 15 19 0.027356999999999992
675 5 15 20 0.005819999999999996
676 5 16 17 -0.038362999999999994
677 5 16 18 0.10397
678 5 16 19 0.022088999999999998
679 5 16 20 -0.01627149999999999
680 5 17 18 0.0663415
681 5 17 19 -0.014131999999999997
682 5 17 20 -0.021682
683 5 18 19 -0.096265
684 5 18 20 -0.09996799999999999
685 5 19 20 -0.05863399999999998
686 6 7 8 0.024510000000000004
687 6 7 9 0.013985499999999994
688 6 7 10 -0.0336475
689 6 7 11 0.0178335
690 6 7 12 0.023722499999999983
691 6 7 13 -0.007707999999999997
692 6 7 14 0.023101499999999994
693 6 7 15 -0.009116500000000005
694 6 7 16 -0.037097500000000005
695 6 7 17 0.044782499999999996
696 6 7 18 0.07803199999999999
697 6 7 19 0.028990499999999995
698 6 7 20 0.054532
699 6 8 9 -0.0014085000000000011
700 6 8 10 -0.037883999999999994
701 6 8 11 -0.0210605
702 6 8 12 -0.04133400000000001
703 6 8 13 0.024530999999999994
704 6 8 14 -0.012565999999999999
705 6 8 15 0.08150299999999999
706 6 8 16 -0.02695
707 6 8 17 -0.049041499999999995
708 6 8 18 0.048254
709 6 8 19 0.00047849999999999835
710 6 8 20 0.015638
711 6 9 10 -0.012057999999999994
712 6 9 11 0.05737199999999999
713 6 9 12 -0.0052680000000000105
714 6 9 13 0.018231999999999995
715 6 9 14 -0.028990999999999996
716 6 9 15 0.004258000000000003
717 6 9 16 -0.036699
718 6 9 17 0.052888500000000005
719 6 9 18 0.0549305
720 6 9 19 -0.010033999999999998
721 6 9 20 0.07520299999999999
722 6 10 11 0.05737049999999999
723 6 10 12 0.007707499999999988
724 6 10 13 0.058157
725 6 10 14 -0.0034500000000000025
726 6 10 15 0.08857799999999999
727 6 10 16 0.018642
728 6 10 17 0.05493
729 6 10 18 0.077022
730 6 10 19 0.073795
731 6 10 20 0.07520349999999999
732 6 11 12 0.009115999999999989
733 6 11 13 -0.0517035
734 6 11 14 -0.04054699999999999
735 6 11 15 0.071133
736 6 11 16 0.028768
737 6 11 17 0.027979999999999998
738 6 11 18 0.0458145
739 6 11 19 0.034657
740 6 11 20 -4.999999999977244e-7
741 6 12 13 -0.01115749999999999
742 6 12 14 0.077024
743 6 12 15 0.056749000000000015
744 6 12 16 -0.03143049999999999
745 6 12 17 0.025540500000000008
746 6 12 18 0.054930500000000014
747 6 12 19 0.020273000000000013
748 6 12 20 0.02989200000000001
749 6 13 14 -0.013881499999999998
750 6 13 15 -0.0014084999999999957
751 6 13 16 -0.009115999999999987
752 6 13 17 0.024753499999999998
753 6 13 18 -0.058155499999999985
754 6 13 19 -0.0470005
755 6 13 20 0.036698499999999995
756 6 14 15 0.037097
757 6 14 16 -0.042365
758 6 14 17 0.05493
759 6 14 18 0.020273500000000003
760 6 14 19 -0.05815949999999999
761 6 14 20 0.048254
762 6 15 16 -0.037097
763 6 15 17 0.020272499999999995
764 6 15 18 -0.031208
765 6 15 19 -0.016824
766 6 15 20 0.020272999999999996
767 6 16 17 0.005888500000000001
768 6 16 18 0.06608800000000001
769 6 16 19 0.011157000000000005
770 6 16 20 0.031430500000000014
771 6 17 18 -0.015791999999999997
772 6 17 19 -0.06931549999999999
773 6 17 20 -0.018231499999999998
774 6 18 19 -0.06931499999999999
775 6 18 20 -0.014383999999999997
776 6 19 20 1.1102230246251564e-17
777 7 8 9 0.009116000000000013
778 7 8 10 0.02027350000000001
779 7 8 11 -0.014383999999999989
780 7 8 12 -0.040546499999999985
781 7 8 13 0.056749
782 7 8 14 -0.011157499999999987
783 7 8 15 0.1151295
784 7 8 16 0.03465750000000001
785 7 8 17 -0.06931399999999999
786 7 8 18 -0.005267999999999987
787 7 8 19 -0.004001999999999988
788 7 8 20 -0.014383999999999985
789 7 9 10 0.035574999999999996
790 7 9 11 0.05352399999999999
791 7 9 12 -0.015005
792 7 9 13 0.03992549999999999
793 7 9 14 -0.038106999999999995
794 7 9 15 0.027360000000000006
795 7 9 16 0.014384
796 7 9 17 0.022091499999999993
797 7 9 18 -0.009115999999999996
798 7 9 19 -0.025039
799 7 9 20 0.0346565
800 7 10 11 0.005889499999999997
801 7 10 12 -0.0496625
802 7 10 13 0.032217499999999996
803 7 10 14 -0.060198999999999996
804 7 10 15 0.064047
805 7 10 16 0.022092
806 7 10 17 -0.0235
807 7 10 18 -0.0346575
808 7 10 19 0.011156999999999999
809 7 10 20 -0.012976
810 7 11 12 0.003227000000000002
811 7 11 13 -0.026161999999999998
812 7 11 14 -0.045814999999999995
813 7 11 15 0.098083
814 7 11 16 0.083699
815 7 11 17 0.0010309999999999998
816 7 11 18 -0.014383999999999994
817 7 11 19 0.023500000000000004
818 7 11 20 -0.036698999999999996
819 7 12 13 0.02027299999999999
820 7 12 14 0.07764499999999999
821 7 12 15 0.08958799999999999
822 7 12 16 0.029389499999999995
823 7 12 17 0.0044804999999999975
824 7 12 18 0.0006210000000000007
825 7 12 19 0.015005
826 7 12 20 -0.0009174999999999987
827 7 13 14 -0.044690999999999995
828 7 13 15 5.551115123125782e-18
829 7 13 16 0.020273500000000014
830 7 13 17 -0.027736999999999998
831 7 13 18 -0.14389549999999998
832 7 13 19 -0.083699
833 7 13 20 -0.02554149999999999
834 7 14 15 0.06931499999999999
835 7 14 16 0.017834
836 7 14 17 0.03324899999999999
837 7 14 18 -0.034657
838 7 14 19 -0.0640485
839 7 14 20 0.016823499999999998
840 7 15 16 -0.009115999999999999
841 7 15 17 -0.033626500000000004
842 7 15 18 -0.11835649999999998
843 7 15 19 -0.054930999999999994
844 7 15 20 -0.0433755
845 7 16 17 -0.0759915
846 7 16 18 -0.049041499999999995
847 7 16 19 -0.054930999999999994
848 7 16 20 -0.06019899999999998
849 7 17 18 -0.049041499999999995
850 7 17 19 -0.05352349999999998
851 7 17 20 -0.027980999999999995
852 7 18 19 -0.020273499999999996
853 7 18 20 0.009115999999999997
854 7 19 20 -0.025541499999999984
855 8 9 10 0.024417499999999998
856 8 9 11 0.077024
857 8 9 12 0.034657499999999994
858 8 9 13 -0.007707499999999999
859 8 9 14 -0.0178335
860 8 9 15 -0.07865349999999999
861 8 9 16 -0.011157499999999997
862 8 9 17 0.10052149999999999
863 8 9 18 0.005268
864 8 9 19 -0.011920999999999998
865 8 9 20 0.05815649999999999
866 8 10 11 0.04054699999999999
867 8 10 12 0.0111575
868 8 10 13 -0.0042580000000000005
869 8 10 14 -0.028768
870 8 10 15 -0.030808999999999996
871 8 10 16 0.007708000000000002
872 8 10 17 0.0660875
873 8 10 18 -0.009115999999999997
874 8 10 19 0.0354325
875 8 10 20 0.021681499999999996
876 8 11 12 0.029389499999999995
877 8 11 13 -0.09729499999999999
878 8 11 14 -0.0490415
879 8 11 15 -0.03143050000000001
880 8 11 16 0.034657499999999994
881 8 11 17 0.05596099999999999
882 8 11 18 -0.023500000000000004
883 8 11 19 0.013118
884 8 11 20 -0.036699
885 8 12 13 -0.0770225
886 8 12 14 0.048255999999999986
887 8 12 15 -0.06608800000000001
888 8 12 16 -0.0458145
889 8 12 17 0.033247999999999986
890 8 12 18 -0.034657499999999994
891 8 12 19 -0.0215395
892 8 12 20 -0.02708
893 8 13 14 0.023215499999999997
894 8 13 15 -0.058380499999999995
895 8 13 16 0.04236500000000001
896 8 13 17 0.09832599999999998
897 8 13 18 -0.08187849999999998
898 8 13 19 -0.022948
899 8 13 20 0.04559149999999999
900 8 14 15 -0.056971999999999995
901 8 14 16 -0.027980999999999995
902 8 14 17 0.09140549999999999
903 8 14 18 -0.0405465
904 8 14 19 -0.07120399999999999
905 8 14 20 0.020049999999999995
906 8 15 16 0.071356
907 8 15 17 0.15081699999999998
908 8 15 18 0.002040999999999998
909 8 15 19 0.0642005
910 8 15 20 0.08613799999999999
911 8 16 17 0.027979999999999988
912 8 16 18 -0.009116
913 8 16 19 -0.016271499999999998
914 8 16 20 -0.01115749999999999
915 8 17 18 -0.11308749999999997
916 8 17 19 -0.1188355
917 8 17 20 -0.082911
918 8 18 19 -0.0215395
919 8 18 20 0.018231999999999998
920 8 19 20 -0.015159499999999992
921 9 10 11 -0.012059499999999994
922 9 10 12 0.0009175000000000002
923 9 10 13 0.027866999999999992
924 9 10 14 0.013482999999999995
925 9 10 15 0.07226199999999999
926 9 10 16 0.043283
927 9 10 17 -0.010016499999999996
928 9 10 18 0.010033499999999997
929 9 10 19 0.07177099999999999
930 9 10 20 -0.0120575
931 9 11 12 0.07175599999999999
932 9 11 13 -0.012563500000000003
933 9 11 14 0.04581599999999999
934 9 11 15 0.12424699999999997
935 9 11 16 0.12283899999999999
936 9 11 17 0.03246349999999999
937 9 11 18 0.048255999999999986
938 9 11 19 0.10206299999999997
939 9 11 20 -0.017831500000000004
940 9 12 13 -0.034657499999999994
941 9 12 14 0.10074699999999999
942 9 12 15 0.04722299999999999
943 9 12 16 4.999999999977244e-7
944 9 12 17 -0.032616
945 9 12 18 -0.005268000000000001
946 9 12 19 0.025039000000000002
947 9 12 20 -0.050578999999999985
948 9 13 14 0.0333415
949 9 13 15 0.012565499999999995
950 9 13 16 0.045815
951 9 13 17 -0.009902999999999999
952 9 13 18 -0.09485399999999998
953 9 13 19 -0.018734499999999994
954 9 13 20 -0.0202725
955 9 14 15 0.003848
956 9 14 16 -0.034657
957 9 14 17 -0.0269495
958 9 14 18 -0.06364799999999998
959 9 14 19 -0.07711649999999999
960 9 14 20 -0.05593999999999999
961 9 15 16 0.0038600000000000006
962 9 15 17 -0.02835799999999999
963 9 15 18 -0.0818805
964 9 15 19 -0.002531999999999998
965 9 15 20 -0.05067199999999999
966 9 16 17 -0.083699
967 9 16 18 -0.025541499999999998
968 9 16 19 -0.015507999999999997
969 9 16 20 -0.08047149999999999
970 9 17 18 -0.017834000000000003
971 9 17 19 -0.0063929999999999924
972 9 17 20 -0.040546
973 9 18 19 -0.004350500000000001
974 9 18 20 -0.0346565
975 9 19 20 -0.08523699999999998
976 10 11 12 0.05877899999999999
977 10 11 13 -0.052489999999999995
978 10 11 14 0.020273499999999993
979 10 11 15 0.03992549999999999
980 10 11 16 0.06749649999999999
981 10 11 17 0.030420499999999996
982 10 11 18 0.026163000000000002
983 10 11 19 0.018232500000000002
984 10 11 20 -0.0178335
985 10 12 13 -0.06160699999999999
986 10 12 14 0.0881815
987 10 12 15 -0.0241215
988 10 12 16 -0.042365
989 10 12 17 -0.021682
990 10 12 18 -0.014383999999999994
991 10 12 19 -0.0458145
992 10 12 20 -0.037604
993 10 13 14 0.04772549999999999
994 10 13 15 -0.0318295
995 10 13 16 0.03039900000000001
996 10 13 17 0.027980499999999995
997 10 13 18 -0.07702049999999999
998 10 13 19 -0.0626385
999 10 13 20 0.019652
1000 10 14 15 -0.054930999999999994
1001 10 14 16 -0.064457
1002 10 14 17 -0.0034500000000000025
1003 10 14 18 -0.06019849999999999
1004 10 14 19 -0.1354045
1005 10 14 20 -0.030399499999999996
1006 10 15 16 0.03283899999999999
1007 10 15 17 0.053920499999999996
1008 10 15 18 -0.019652
1009 10 15 19 -0.002040999999999998
1010 10 15 20 0.0336475
1011 10 16 17 -0.030399499999999996
1012 10 16 18 0.007708000000000002
1013 10 16 19 -0.04399599999999999
1014 10 16 20 -0.025130999999999983
1015 10 17 18 -0.037883999999999994
1016 10 17 19 -0.08818049999999998
1017 10 17 20 -0.03850499999999999
1018 10 18 19 -0.066088
1019 10 18 20 -0.012565499999999999
1020 10 19 20 -0.0014084999999999872
1021 11 12 13 0.049662
1022 11 12 14 0.126687
1023 11 12 15 -0.005267999999999997
1024 11 12 16 -0.0510825
1025 11 12 17 0.006676500000000001
1026 11 12 18 0.018232
1027 11 12 19 -0.005268
1028 11 12 20 0.039008499999999995
1029 11 13 14 -0.025037999999999998
1030 11 13 15 -0.12424499999999998
1031 11 13 16 -0.08958749999999997
1032 11 13 17 -0.05493
1033 11 13 18 -0.15567349999999996
1034 11 13 19 -0.133361
1035 11 13 20 -0.0150045
1036 11 14 15 -0.074583
1037 11 14 16 -0.11168
1038 11 14 17 -0.013596999999999998
1039 11 14 18 -0.06608799999999998
1040 11 14 19 -0.1333635
1041 11 14 20 0.0077074999999999965
1042 11 15 16 0.005267999999999996
1043 11 15 17 0.0634255
1044 11 15 18 -0.005889500000000002
1045 11 15 19 0.019651999999999996
1046 11 15 20 0.09140649999999999
1047 11 16 17 0.006676500000000001
1048 11 16 18 0.0490415
1049 11 16 19 0.005268
1050 11 16 20 0.06019900000000001
1051 11 17 18 -0.033626500000000004
1052 11 17 19 -0.07599249999999999
1053 11 17 20 0.009748999999999997
1054 11 18 19 -0.0581575
1055 11 18 20 0.031430999999999994
1056 11 19 20 0.03465750000000001
1057 12 13 14 -0.10206299999999997
1058 12 13 15 -0.06931499999999999
1059 12 13 16 0.011157000000000009
1060 12 13 17 -0.0119445
1061 12 13 18 -0.12424349999999998
1062 12 13 19 -0.078431
1063 12 13 20 -0.004351000000000002
1064 12 14 15 0.05737199999999999
1065 12 14 16 0.06608949999999997
1066 12 14 17 0.1064135
1067 12 14 18 0.04236699999999999
1068 12 14 19 -0.0014085000000000011
1069 12 14 20 0.095386
1070 12 15 16 0.05108249999999999
1071 12 15 17 0.05148099999999999
1072 12 15 18 -0.029389499999999995
1073 12 15 19 0.019652
1074 12 15 20 0.04713
1075 12 16 17 -0.0510825
1076 12 16 18 -0.020273
1077 12 16 19 -0.0405465
1078 12 16 20 -0.029891999999999988
1079 12 17 18 -0.045182
1080 12 17 19 -0.064048
1081 12 17 20 -0.022583
1082 12 18 19 -0.034657499999999994
1083 12 18 20 0.0106545
1084 12 19 20 -0.009618999999999987
1085 13 14 15 0.024623999999999997
1086 13 14 16 -0.047130500000000006
1087 13 14 17 0.016294999999999997
1088 13 14 18 0.0645475
1089 13 14 19 -0.025040499999999997
1090 13 14 20 -0.0023260000000000004
1091 13 15 16 -0.029389500000000006
1092 13 15 17 -0.005889499999999997
1093 13 15 18 0.025538999999999992
1094 13 15 19 0.028768
1095 13 15 20 -0.017833999999999996
1096 13 16 17 -0.027980999999999985
1097 13 16 18 0.11512750000000001
1098 13 16 19 0.04904150000000001
1099 13 16 20 -0.014383999999999977
1100 13 17 18 0.067117
1101 13 17 19 0.00243850000000001
1102 13 17 20 -0.030176499999999995
1103 13 18 19 -0.08046999999999999
1104 13 18 20 -0.10923799999999999
1105 13 19 20 -0.08369899999999998
1106 14 15 16 0.04236499999999999
1107 14 15 17 0.002439500000000001
1108 14 15 18 -0.0143845
1109 14 15 19 0.07843249999999999
1110 14 15 20 0.009115999999999999
1111 14 16 17 -0.0914065
1112 14 16 18 0.0034494999999999994
1113 14 16 19 0.026951499999999996
1114 14 16 20 -0.059188499999999984
1115 14 17 18 0.0188645
1116 14 17 19 0.04377400000000001
1117 14 17 20 -0.0115555
1118 14 18 19 0.009117999999999992
1119 14 18 20 -0.042364499999999986
1120 14 19 20 -0.10641349999999998
1121 15 16 17 -0.05148099999999999
1122 15 16 18 0.060198999999999996
1123 15 16 19 -0.009115999999999999
1124 15 16 20 -0.025939499999999983
1125 15 17 18 0.0356885
1126 15 17 19 -0.03221899999999999
1127 15 17 20 -0.018231999999999995
1128 15 18 19 -0.083699
1129 15 18 20 -0.06586499999999999
1130 15 19 20 -0.037096999999999984
1131 16 17 18 -0.07599149999999999
1132 16 17 19 -0.074584
1133 16 17 20 -0.043773500000000014
1134 16 18 19 -0.014384000000000006
1135 16 18 20 0.02027349999999999
1136 16 19 20 -0.020273499999999996
1137 17 18 19 -0.0157915
1138 17 18 20 -0.011944499999999999
1139 17 19 20 -0.05108399999999998
1140 18 19 20 -0.054930999999999994
