l i j f[l]=f_ij g[l]=g_ij s[l]=s_ij h[l]=h_ij
1 1 2 -0.69315 -0.348132 -0.3450180000000001 5.551115123125783e-17
2 1 3 0.31845 0.32549215000000004 -0.00704215000000001 0.0
3 2 3 0.51083 0.6736241500000001 -0.16279415000000008 0.0
4 1 4 2.220446049250313e-16 -0.10497550000000001 0.10497550000000025 -1.3877787807814457e-17
5 2 4 0.13353 0.2431565 -0.10962650000000002 2.7755575615628914e-17
6 3 4 -0.91629 -0.43046765000000003 -0.48582235 0.0
7 1 5 0.40547 0.006940000000000002 0.3985300000000001 -1.1102230246251565e-16
8 2 5 0.35667 0.35507200000000005 0.0015979999999999675 -5.551115123125783e-17
9 3 5 -0.45199 -0.31855215000000003 -0.13343785000000002 5.551115123125783e-17
10 4 5 -0.33647 0.11191550000000001 -0.44838550000000005 4.163336342344337e-17
11 1 6 -0.98083 -0.24624950000000007 -0.7345805000000001 1.6653345369377348e-16
12 2 6 0.69315 0.10188249999999995 0.5912675000000002 -6.938893903907228e-17
13 3 6 0.09531 -0.5717416500000001 0.6670516500000001 0.0
14 4 6 -0.91629 -0.14127400000000007 -0.7750160000000003 2.7755575615628914e-16
15 5 6 -0.8473 -0.25318950000000007 -0.5941105000000001 1.1102230246251565e-16
16 1 7 -0.10536 -0.009762999999999952 -0.095597 -4.163336342344337e-17
17 2 7 2.220446049250313e-16 0.3383690000000001 -0.33836899999999986 0.0
18 3 7 -0.35667 -0.33525515 -0.021414850000000048 5.551115123125783e-17
19 4 7 0.15415 0.09521250000000006 0.058937500000000004 -5.551115123125783e-17
20 5 7 -0.15415 -0.016702999999999954 -0.1374470000000001 4.163336342344337e-17
21 6 7 0.69315 0.23648650000000013 0.45666350000000017 -2.498001805406602e-16
22 1 8 -0.22314 -0.2627440000000001 0.039604 1.1102230246251565e-16
23 2 8 -0.22314 0.08538799999999996 -0.3085280000000001 1.1102230246251565e-16
24 3 8 -0.69315 -0.5882361500000001 -0.10491385000000006 1.1102230246251565e-16
25 4 8 -0.40547 -0.15776850000000003 -0.2477015 2.7755575615628914e-17
26 5 8 -0.18232 -0.26968400000000003 0.08736400000000001 0.0
27 6 8 -0.18232 -0.01649449999999998 -0.16582550000000007 4.163336342344337e-17
28 7 8 -0.15415 -0.2529810000000001 0.09883100000000006 5.551115123125783e-17
29 1 9 0.91629 0.15506449999999994 0.7612255000000002 -1.1102230246251565e-16
30 2 9 0.33647 0.5031964999999999 -0.16672650000000008 1.1102230246251565e-16
31 3 9 -0.11778 -0.1704276500000001 0.052647650000000046 5.551115123125783e-17
32 4 9 1.6094 0.26003999999999994 1.3493600000000001 -1.1102230246251565e-16
33 5 9 0.18232 0.14812449999999994 0.034195500000000024 5.551115123125783e-17
34 6 9 0.40547 0.401314 0.004155999999999979 0.0
35 7 9 -1.0986 0.1648274999999999 -1.2634275000000001 2.220446049250313e-16
36 8 9 0.40547 0.4178085 -0.012338499999999988 -5.551115123125783e-17
37 1 10 -0.11778 -0.05744399999999995 -0.060336000000000056 1.3877787807814457e-17
38 2 10 0.40547 0.29068800000000006 0.11478199999999995 0.0
39 3 10 -0.87547 -0.38293615 -0.49253385000000016 1.6653345369377348e-16
40 4 10 2.220446049250313e-16 0.04753150000000006 -0.04753149999999983 -6.938893903907228e-18
41 5 10 -0.69315 -0.06438399999999996 -0.6287660000000002 6.938893903907228e-17
42 6 10 -0.40547 0.18880550000000013 -0.5942755000000001 -5.551115123125783e-17
43 7 10 0.33647 -0.047681 0.3841510000000001 -8.326672684688674e-17
44 8 10 0.69315 0.2053000000000001 0.4878500000000001 -1.6653345369377348e-16
45 9 10 1.3863 -0.21250849999999988 1.5988085000000003 -3.3306690738754696e-16
46 1 11 0.91629 0.20367250000000003 0.7126175000000001 -1.1102230246251565e-16
47 2 11 0.33647 0.5518045 -0.21533450000000007 0.0
48 3 11 -0.87547 -0.12181965 -0.75365035 5.551115123125783e-17
49 4 11 -0.13353 0.30864800000000003 -0.44217800000000007 0.0
50 5 11 0.69315 0.19673250000000003 0.49641750000000007 -5.551115123125783e-17
51 6 11 0.69315 0.4499220000000001 0.24322800000000003 -5.551115123125783e-17
52 7 11 -0.15415 0.2134355 -0.36758549999999995 -5.551115123125783e-17
53 8 11 0.69315 0.4664165000000001 0.2267335000000001 -1.6653345369377348e-16
54 9 11 0.18232 0.048608000000000096 0.133712 -8.326672684688674e-17
55 10 11 0.40547 0.2611165 0.14435350000000005 0.0
56 1 12 -0.51083 -0.139098 -0.37173200000000006 5.551115123125783e-17
57 2 12 0.8473 0.20903400000000003 0.6382660000000001 -8.326672684688674e-17
58 3 12 -0.25131 -0.46459015000000004 0.21328015000000006 0.0
59 4 12 -0.69315 -0.03412249999999997 -0.6590275000000002 1.3877787807814457e-16
60 5 12 -0.33647 -0.146038 -0.19043200000000005 5.551115123125783e-17
61 6 12 -0.28768 0.1071515000000001 -0.3948315000000001 2.7755575615628914e-17
62 7 12 1.6094 -0.12933500000000003 1.7387350000000004 -3.885780586188048e-16
63 8 12 -0.18232 0.12364600000000008 -0.3059660000000001 4.163336342344337e-17
64 9 12 2.220446049250313e-16 -0.29416249999999994 0.29416250000000016 0.0
65 10 12 -0.8473 -0.08165400000000003 -0.7656460000000003 2.498001805406602e-16
66 11 12 0.18232 -0.34277050000000003 0.5250905 5.551115123125783e-17
67 1 13 0.40547 -0.18503415 0.5905041500000001 -1.1102230246251565e-16
68 2 13 0.58779 0.16309785000000002 0.4246921500000001 -8.326672684688674e-17
69 3 13 -0.080043 -0.5105263000000001 0.43048330000000007 0.0
70 4 13 -0.40547 -0.08005865000000001 -0.3254113500000001 1.1102230246251565e-16
71 5 13 -0.69315 -0.19197415 -0.5011758500000001 5.551115123125783e-17
72 6 13 -0.33647 0.061215350000000064 -0.39768535000000005 -6.938893903907228e-18
73 7 13 -0.55962 -0.17527115000000007 -0.38434885 8.326672684688674e-17
74 8 13 -1.7918 0.07770985000000005 -1.8695098500000003 1.3877787807814457e-16
75 9 13 -1.0986 -0.34009864999999995 -0.7585013500000001 0.0
76 10 13 -0.33647 -0.12759015000000007 -0.20887984999999998 5.551115123125783e-17
77 11 13 0.40547 -0.38870665000000004 0.79417665 0.0
78 12 13 -0.28768 -0.04593615000000002 -0.24174385000000004 6.938893903907228e-17
79 1 14 -0.51083 -0.100918 -0.4099120000000001 9.71445146547012e-17
80 2 14 0.69315 0.24721400000000004 0.4459360000000001 -1.1102230246251565e-16
81 3 14 -1.4663 -0.42641015000000004 -1.03988985 1.1102230246251565e-16
82 4 14 0.69315 0.004057500000000019 0.6890925000000001 -8.326672684688674e-17
83 5 14 -1.0296 -0.107858 -0.9217420000000002 9.71445146547012e-17
84 6 14 2.220446049250313e-16 0.14533150000000009 -0.14533149999999984 -2.7755575615628914e-17
85 7 14 -0.47 -0.09115500000000004 -0.378845 5.551115123125783e-17
86 8 14 0.55962 0.16182600000000008 0.3977940000000001 -1.6653345369377348e-16
87 9 14 -0.91629 -0.25598249999999995 -0.6603075000000004 2.7755575615628914e-16
88 10 14 0.40547 -0.04347400000000004 0.44894400000000007 -2.7755575615628914e-17
89 11 14 -0.58779 -0.30459050000000004 -0.28319950000000005 5.551115123125783e-17
90 12 14 1.5041 0.03817999999999999 1.4659200000000003 -3.3306690738754696e-16
91 13 14 -0.81093 0.08411615000000003 -0.8950461500000001 2.7755575615628914e-17
92 1 15 -0.13353 -0.3294885 0.19595849999999992 5.551115123125783e-17
93 2 15 0.18232 0.018643500000000007 0.1636765 0.0
94 3 15 -0.51083 -0.65498065 0.14415065 1.1102230246251565e-16
95 4 15 -0.69315 -0.22451300000000002 -0.4686370000000001 5.551115123125783e-17
96 5 15 2.220446049250313e-16 -0.3364285 0.3364285000000002 5.551115123125783e-17
97 6 15 -0.28768 -0.08323899999999994 -0.2044410000000001 4.163336342344337e-17
98 7 15 -0.22314 -0.31972550000000005 0.09658550000000002 5.551115123125783e-17
99 8 15 -0.51083 -0.06674449999999996 -0.4440855000000001 2.7755575615628914e-17
100 9 15 2.220446049250313e-16 -0.48455299999999996 0.4845530000000003 -1.1102230246251565e-16
101 10 15 -0.15415 -0.2720445000000001 0.11789450000000005 0.0
102 11 15 -0.69315 -0.533161 -0.15998900000000005 0.0
103 12 15 -0.69315 -0.19039050000000002 -0.5027595000000001 1.1102230246251565e-16
104 13 15 -1.9459 -0.14445435 -1.8014456500000005 4.996003610813204e-16
105 14 15 -0.40547 -0.2285705 -0.17689950000000004 5.551115123125783e-17
106 1 16 -0.62861 -0.484301 -0.14430900000000008 5.551115123125783e-17
107 2 16 -1.2993 -0.13616899999999996 -1.1631310000000001 1.942890293094024e-16
108 3 16 -0.69315 -0.80979315 0.11664314999999997 0.0
109 4 16 2.220446049250313e-16 -0.3793255 0.3793255000000003 -1.1102230246251565e-16
110 5 16 0.69315 -0.491241 1.184391 5.551115123125783e-17
111 6 16 0.40547 -0.23805149999999992 0.6435215000000001 -1.6653345369377348e-16
112 7 16 0.28768 -0.474538 0.7622180000000001 -5.551115123125783e-17
113 8 16 -0.15415 -0.22155699999999992 0.06740699999999998 -8.326672684688674e-17
114 9 16 -1.4663 -0.6393654999999999 -0.8269345000000001 1.1102230246251565e-16
115 10 16 -0.51083 -0.42685700000000004 -0.08397299999999999 0.0
116 11 16 -0.22314 -0.6879735 0.46483350000000007 0.0
117 12 16 -1.0116 -0.345203 -0.666397 -5.551115123125783e-17
118 13 16 0.13353 -0.29926685 0.43279685000000007 -1.1102230246251565e-16
119 14 16 -0.51083 -0.383383 -0.12744700000000012 5.551115123125783e-17
120 15 16 -0.69315 -0.15481249999999996 -0.5383375 -5.551115123125783e-17
121 1 17 -0.18232 -0.023531999999999942 -0.15878800000000007 0.0
122 2 17 2.220446049250313e-16 0.3246000000000001 -0.3245999999999999 0.0
123 3 17 1.2528 -0.34902415 1.6018241500000003 -4.440892098500626e-16
124 4 17 2.220446049250313e-16 0.08144350000000007 -0.08144349999999985 0.0
125 5 17 2.220446049250313e-16 -0.030471999999999944 0.03047200000000018 -1.3877787807814457e-17
126 6 17 -0.47 0.22271750000000012 -0.6927175000000002 1.1102230246251565e-16
127 7 17 0.40547 -0.01376899999999999 0.41923900000000003 -4.163336342344337e-17
128 8 17 0.40547 0.23921200000000012 0.16625799999999996 -8.326672684688674e-17
129 9 17 -0.69315 -0.17859649999999988 -0.5145535000000001 -5.551115123125783e-17
130 10 17 2.220446049250313e-16 0.03391200000000001 -0.03391199999999982 2.7755575615628914e-17
131 11 17 -0.28768 -0.22720449999999998 -0.060475499999999995 -2.7755575615628914e-17
132 12 17 1.3863 0.11556600000000004 1.2707340000000005 -4.3021142204224816e-16
133 13 17 -0.81093 0.16150215000000007 -0.9724321500000003 1.6653345369377348e-16
134 14 17 -0.15415 0.07738600000000005 -0.2315360000000001 4.163336342344337e-17
135 15 17 -0.69315 0.3059565000000001 -0.9991065000000002 1.1102230246251565e-16
136 16 17 0.18232 0.46076900000000004 -0.27844899999999995 -5.551115123125783e-17
137 1 18 -0.69315 -0.22043700000000002 -0.4727130000000001 8.326672684688674e-17
138 2 18 0.69315 0.127695 0.565455 0.0
139 3 18 -0.45199 -0.5459291500000001 0.09393915000000004 0.0
140 4 18 -0.31845 -0.11546150000000001 -0.20298850000000004 4.163336342344337e-17
141 5 18 -0.15415 -0.22737700000000002 0.073227 2.7755575615628914e-17
142 6 18 -0.15415 0.025812500000000058 -0.17996250000000008 1.3877787807814457e-17
143 7 18 -0.69315 -0.21067400000000008 -0.4824760000000001 1.6653345369377348e-16
144 8 18 -0.22314 0.04230700000000004 -0.26544700000000004 0.0
145 9 18 -0.78846 -0.37550149999999993 -0.4129585000000001 0.0
146 10 18 1.2528 -0.16299300000000005 1.415793 -1.1102230246251565e-16
147 11 18 -1.5041 -0.42410950000000003 -1.0799905 1.1102230246251565e-16
148 12 18 0.25131 -0.08133900000000004 0.3326490000000001 -6.938893903907228e-17
149 13 18 0.33647 -0.03540285000000001 0.37187285000000003 -3.469446951953614e-17
150 14 18 2.220446049250313e-16 -0.11951900000000003 0.11951900000000026 -1.3877787807814457e-17
151 15 18 -0.61904 0.1090515 -0.7280915000000002 1.942890293094024e-16
152 16 18 0.55962 0.263864 0.2957560000000001 -5.551115123125783e-17
153 17 18 0.33647 -0.19690500000000008 0.5333750000000002 -8.326672684688674e-17
154 1 19 0.15415 -0.26731750000000004 0.4214675000000001 -5.551115123125783e-17
155 2 19 -0.11778 0.08081449999999998 -0.1985945000000001 1.1102230246251565e-16
156 3 19 -0.75377 -0.5928096500000001 -0.16096035000000003 1.1102230246251565e-16
157 4 19 0.58779 -0.16234200000000004 0.7501320000000002 -1.6653345369377348e-16
158 5 19 0.11778 -0.27425750000000004 0.3920375 5.551115123125783e-17
159 6 19 0.40547 -0.021067999999999962 0.42653800000000003 -6.938893903907228e-17
160 7 19 -0.40547 -0.2575545000000001 -0.14791550000000003 1.1102230246251565e-16
161 8 19 0.87547 -0.00457349999999998 0.8800435000000002 -2.498001805406602e-16
162 9 19 -0.22314 -0.422382 0.19924199999999997 0.0
163 10 19 -0.28768 -0.2098735000000001 -0.07780649999999992 2.7755575615628914e-17
164 11 19 -0.69315 -0.4709900000000001 -0.22216000000000008 1.1102230246251565e-16
165 12 19 -1.0116 -0.12821950000000004 -0.8833805000000002 2.220446049250313e-16
166 13 19 0.81093 -0.08228335000000003 0.8932133500000001 -5.551115123125783e-17
167 14 19 -1.204 -0.16639950000000003 -1.0376005000000001 2.220446049250313e-16
168 15 19 -0.40547 0.062170999999999976 -0.46764100000000003 5.551115123125783e-17
169 16 19 0.40547 0.21698349999999994 0.18848650000000003 2.7755575615628914e-17
170 17 19 -0.91629 -0.2437855000000001 -0.6725045000000002 2.220446049250313e-16
171 18 19 -0.22314 -0.04688050000000002 -0.17625950000000004 5.551115123125783e-17
172 1 20 -0.98083 -0.5559750000000001 -0.424855 1.1102230246251565e-16
173 2 20 -0.51083 -0.20784300000000003 -0.3029870000000001 1.3877787807814457e-16
174 3 20 -1.1787 -0.8814671500000001 -0.2972328500000001 1.1102230246251565e-16
175 4 20 -0.47 -0.45099950000000005 -0.019000499999999962 5.551115123125783e-17
176 5 20 -0.40547 -0.562915 0.15744500000000003 0.0
177 6 20 -0.15415 -0.3097255 0.1555755 0.0
178 7 20 -1.0986 -0.5462120000000001 -0.5523880000000002 3.3306690738754696e-16
179 8 20 -0.22314 -0.293231 0.07009100000000004 0.0
180 9 20 0.51083 -0.7110395 1.2218695000000004 -3.3306690738754696e-16
181 10 20 -0.69315 -0.4985310000000001 -0.19461900000000007 1.6653345369377348e-16
182 11 20 -0.55962 -0.7596475 0.20002750000000005 0.0
183 12 20 -0.47 -0.41687700000000005 -0.05312299999999994 0.0
184 13 20 -0.8473 -0.37094085000000004 -0.4763591500000001 1.1102230246251565e-16
185 14 20 -0.28768 -0.45505700000000004 0.16737700000000005 0.0
186 15 20 0.28768 -0.22648650000000004 0.5141665000000001 -5.551115123125783e-17
187 16 20 0.22314 -0.07167400000000007 0.2948140000000001 0.0
188 17 20 -1.2528 -0.5324430000000001 -0.720357 2.220446049250313e-16
189 18 20 -0.18232 -0.335538 0.153218 0.0
190 19 20 -0.18232 -0.2886575 0.10633749999999996 5.551115123125783e-17
