t i j k u[t]=u_ijk
1 1 2 3 -0.025038500000000005
2 1 2 4 -0.027981000000000016
3 1 2 5 -0.0370975
4 1 2 6 0.04904150000000001
5 1 2 7 -0.029389499999999995
6 1 2 8 -0.03465750000000001
7 1 2 9 -0.06364850000000002
8 1 2 10 -0.008495000000000004
9 1 2 11 -0.06364850000000002
10 1 2 12 0.03324900000000001
11 1 2 13 -0.025541499999999998
12 1 2 14 0.025541500000000005
13 1 2 15 -0.018865
14 1 2 16 -0.068192
15 1 2 17 -0.02554149999999999
16 1 2 18 0.03465750000000001
17 1 2 19 -0.04825400000000001
18 1 2 20 -0.011157500000000006
19 1 3 4 -0.029892000000000016
20 1 3 5 -0.026950500000000002
21 1 3 6 0.06972950000000001
22 1 3 7 0.0033570000000000023
23 1 3 8 -0.007578000000000003
24 1 3 9 -0.03578100000000001
25 1 3 10 -0.021962000000000002
26 1 3 11 -0.07366550000000001
27 1 3 12 0.028898500000000008
28 1 3 13 -0.008353150000000002
29 1 3 14 -0.031851000000000004
30 1 3 15 -0.0029424999999999985
31 1 3 16 0.0126955
32 1 3 17 0.0876785
33 1 3 18 0.02798050000000001
34 1 3 19 -0.029473500000000007
35 1 3 20 0.006028999999999997
36 1 4 5 -0.037097
37 1 4 6 0.003227000000000008
38 1 4 7 0.012975500000000013
39 1 4 8 -0.00911649999999999
40 1 4 9 0.03465550000000001
41 1 4 10 0.005889000000000023
42 1 4 11 -0.052490999999999996
43 1 4 12 -0.009115999999999992
44 1 4 13 -0.04054699999999999
45 1 4 14 0.060199000000000016
46 1 4 15 -0.027980999999999992
47 1 4 16 0.03143050000000003
48 1 4 17 0.009116000000000023
49 1 4 18 0.018735000000000016
50 1 4 19 0.021682000000000014
51 1 4 20 0.025541500000000016
52 1 5 6 0.026949999999999995
53 1 5 7 0.017834000000000003
54 1 5 8 0.0223145
55 1 5 9 -0.016425000000000006
56 1 5 10 -0.008495000000000004
57 1 5 11 0.009116500000000001
58 1 5 12 0.028991500000000007
59 1 5 13 -0.03465750000000001
60 1 5 14 -0.005665000000000004
61 1 5 15 0.02695000000000002
62 1 5 16 0.08636150000000002
63 1 5 17 0.029389500000000016
64 1 5 18 0.0472235
65 1 5 19 0.018455000000000003
66 1 5 20 0.0490415
67 1 6 7 -0.009115999999999997
68 1 6 8 -0.04700050000000001
69 1 6 9 -0.07458250000000002
70 1 6 10 -0.06342600000000001
71 1 6 11 -0.0601985
72 1 6 12 -0.037884
73 1 6 13 -0.0861385
74 1 6 14 -0.02349999999999999
75 1 6 15 -0.056749
76 1 6 16 0.0026625000000000017
77 1 6 17 -0.06342550000000001
78 1 6 18 -0.0220915
79 1 6 19 -0.036475500000000015
80 1 6 20 -0.007707500000000002
81 1 7 8 -0.0018185000000000002
82 1 7 9 -0.10601250000000002
83 1 7 10 0.0174445
84 1 7 11 -0.05879
85 1 7 12 0.10074350000000003
86 1 7 13 -0.053522500000000015
87 1 7 14 -0.0032264999999999993
88 1 7 15 -0.0097485
89 1 7 16 0.040546500000000006
90 1 7 17 0.024121500000000004
91 1 7 18 -0.005268000000000002
92 1 7 19 -0.03324900000000001
93 1 7 20 -0.011156500000000005
94 1 8 9 -0.036698
95 1 8 10 0.029389500000000002
96 1 8 11 -0.022313999999999997
97 1 8 12 0.005268500000000001
98 1 8 13 -0.12102050000000002
99 1 8 14 0.04236550000000001
100 1 8 15 -0.030022000000000004
101 1 8 16 0.012566
102 1 8 17 0.018232500000000006
103 1 8 18 0.012343500000000004
104 1 8 19 0.024909
105 1 8 20 0.026727500000000005
106 1 9 10 0.12101850000000004
107 1 9 11 0.009116000000000003
108 1 9 12 0.07135600000000003
109 1 9 13 -0.029389000000000002
110 1 9 14 0.025541499999999998
111 1 9 15 0.05249100000000002
112 1 9 16 0.003930000000000012
113 1 9 17 0.020273000000000006
114 1 9 18 0.04104900000000001
115 1 9 19 0.026950000000000005
116 1 9 20 0.1203975
117 1 10 11 -0.03143000000000001
118 1 10 12 -0.022712500000000007
119 1 10 13 -0.04298600000000001
120 1 10 14 0.03992600000000001
121 1 10 15 -0.006920000000000001
122 1 10 16 0.0
123 1 10 17 0.0032270000000000124
124 1 10 18 0.09140850000000002
125 1 10 19 -0.027980500000000002
126 1 10 20 0.008494999999999999
127 1 11 12 0.080472
128 1 11 13 0.04581450000000001
129 1 11 14 0.041966500000000004
130 1 11 15 0.0178335
131 1 11 16 0.06608800000000004
132 1 11 17 0.04054650000000001
133 1 11 18 0.005267000000000011
134 1 11 19 0.0034495000000000003
135 1 11 20 0.06687500000000002
136 1 12 13 -0.060199000000000016
137 1 12 14 0.07520500000000001
138 1 12 15 -0.053522500000000015
139 1 12 16 -0.04469100000000001
140 1 12 17 0.05288950000000002
141 1 12 18 0.021681500000000006
142 1 12 19 -0.08382900000000001
143 1 12 20 0.0
144 1 13 14 0.005268499999999999
145 1 13 15 -0.07034499999999999
146 1 13 16 0.058380499999999995
147 1 13 17 -0.011157000000000002
148 1 13 18 0.07175450000000001
149 1 13 19 0.053112500000000014
150 1 13 20 0.026949999999999995
151 1 14 15 -0.03913850000000001
152 1 14 16 -0.019652500000000003
153 1 14 17 -0.024133
154 1 14 18 0.009116000000000015
155 1 14 19 -0.09344900000000002
156 1 14 20 0.009116
157 1 15 16 -0.009903500000000006
158 1 15 17 -0.03221800000000001
159 1 15 18 -0.002971000000000002
160 1 15 19 -0.03465750000000001
161 1 15 20 0.056749
162 1 16 17 -0.013198499999999998
163 1 16 18 0.03120800000000001
164 1 16 19 -0.018864500000000003
165 1 16 20 0.028768000000000005
166 1 17 18 0.04236500000000001
167 1 17 19 -0.06263800000000001
168 1 17 20 -0.022714500000000002
169 1 18 19 -0.05352200000000001
170 1 18 20 0.005267999999999997
171 1 19 20 0.04763300000000001
172 2 3 4 -0.026949500000000008
173 2 3 5 -0.0148915
174 2 3 6 -0.004350500000000002
175 2 3 7 0.007707999999999992
176 2 3 8 0.0020409999999999985
177 2 3 9 0.0028290000000000012
178 2 3 10 -0.038505500000000005
179 2 3 11 -0.0350555
180 2 3 12 -0.029389000000000002
181 2 3 13 -0.007850150000000002
182 2 3 14 -0.082431
183 2 3 15 -0.009116000000000004
184 2 3 16 0.055849
185 2 3 17 0.0881815
186 2 3 18 -0.03171550000000001
187 2 3 19 -0.006258000000000004
188 2 3 20 -0.007852000000000005
189 2 4 5 -0.027980500000000002
190 2 4 6 -0.07379550000000001
191 2 4 7 0.014383999999999994
192 2 4 8 -0.002439999999999998
193 2 4 9 0.07032300000000001
194 2 4 10 -0.013596999999999988
195 2 4 11 -0.0168235
196 2 4 12 -0.070346
197 2 4 13 -0.042986500000000004
198 2 4 14 0.006676500000000003
199 2 4 15 -0.03709700000000001
200 2 4 16 0.07164150000000001
201 2 4 17 0.006676500000000002
202 2 4 18 -0.04390350000000001
203 2 4 19 0.04195500000000001
204 2 4 20 0.008718000000000005
205 2 5 6 -0.05918900000000001
206 2 5 7 0.01012599999999999
207 2 5 8 0.019874499999999996
208 2 5 9 0.010126000000000003
209 2 5 10 -0.03709750000000001
210 2 5 11 0.03566750000000001
211 2 5 12 -0.04135500000000001
212 2 5 13 -0.04621350000000002
213 2 5 14 -0.06830400000000002
214 2 5 15 0.008717500000000012
215 2 5 16 0.11745600000000002
216 2 5 17 0.017833500000000002
217 2 5 18 -0.024531500000000008
218 2 5 19 0.029611500000000002
219 2 5 20 0.0231015
220 2 6 7 0.069315
221 2 6 8 0.03669850000000001
222 2 6 9 0.038107500000000016
223 2 6 10 -0.005889499999999999
224 2 6 11 0.05249150000000001
225 2 6 12 -0.022091500000000003
226 2 6 13 -0.011555500000000002
227 2 6 14 1.1102230246251568e-17
228 2 6 15 0.011157500000000002
229 2 6 16 0.11989600000000002
230 2 6 17 0.011157499999999996
231 2 6 18 -0.007707500000000002
232 2 6 19 0.06082000000000002
233 2 6 20 0.05249150000000001
234 2 7 8 0.003449500000000011
235 2 7 9 -0.07175350000000001
236 2 7 10 -0.00344999999999999
237 2 7 11 -0.024530999999999994
238 2 7 12 0.038105000000000014
239 2 7 13 -0.0573705
240 2 7 14 -0.0581575
241 2 7 15 -0.020272999999999992
242 2 7 16 0.07934900000000002
243 2 7 17 0.020273500000000003
244 2 7 18 -0.069315
245 2 7 19 -0.014384499999999991
246 2 7 20 -0.029388499999999998
247 2 8 9 -0.007706999999999999
248 2 8 10 0.0032270000000000024
249 2 8 11 0.006677000000000006
250 2 8 12 -0.06263800000000001
251 2 8 13 -0.13013650000000004
252 2 8 14 -0.017833500000000006
253 2 8 15 -0.04581450000000001
254 2 8 16 0.046100499999999996
255 2 8 17 0.00911649999999999
256 2 8 18 -0.05697150000000001
257 2 8 19 0.038505500000000005
258 2 8 20 0.0032275000000000003
259 2 9 10 0.06586500000000002
260 2 9 11 0.009116000000000003
261 2 9 12 -0.025541499999999998
262 2 9 13 -0.06749600000000001
263 2 9 14 -0.06364850000000002
264 2 9 15 0.007707500000000011
265 2 9 16 0.008473500000000002
266 2 9 17 -0.017834000000000017
267 2 9 18 -0.057257000000000016
268 2 9 19 0.011555500000000002
269 2 9 20 0.06790650000000001
270 2 10 11 0.023723500000000005
271 2 10 12 -0.06445650000000001
272 2 10 13 -0.025939500000000008
273 2 10 14 0.005889499999999999
274 2 10 15 0.0034499999999999995
275 2 10 16 0.059697000000000014
276 2 10 17 0.020273500000000003
277 2 10 18 0.048256
278 2 10 19 0.0117785
279 2 10 20 0.011157499999999999
280 2 11 12 -0.01642550000000001
281 2 11 13 0.007707499999999999
282 2 11 14 -0.047223500000000015
283 2 11 15 -0.026950000000000005
284 2 11 16 0.07063150000000001
285 2 11 17 0.0024394999999999894
286 2 11 18 -0.09303900000000001
287 2 11 19 -0.011945000000000006
288 2 11 20 0.014384
289 2 12 13 -0.001408499999999999
290 2 12 14 0.08291250000000001
291 2 12 15 -0.0014085000000000018
292 2 12 16 0.05675
293 2 12 17 0.11168000000000002
294 2 12 18 0.020273000000000003
295 2 12 19 -0.0023260000000000004
296 2 12 20 0.04440650000000001
297 2 13 14 -0.04581450000000001
298 2 13 15 -0.0770215
299 2 13 16 0.10103100000000001
300 2 13 17 -0.011157000000000012
301 2 13 18 0.011555500000000002
302 2 13 19 0.07582500000000002
303 2 13 20 0.012565999999999996
304 2 14 15 0.005268000000000002
305 2 14 16 0.07408100000000001
306 2 14 17 0.026949999999999995
307 2 14 18 1.1102230246251568e-17
308 2 14 19 -0.0196535
309 2 14 20 0.045815000000000015
310 2 15 16 0.0394235
311 2 15 17 -0.025541500000000016
312 2 15 18 -0.0564935
313 2 15 19 -0.005268499999999999
314 2 15 20 0.049041500000000016
315 2 16 17 -0.05584900000000002
316 2 16 18 -0.07164150000000001
317 2 16 19 -0.0388025
318 2 16 20 -0.0282665
319 2 17 18 -0.017833999999999996
320 2 17 19 -0.039925499999999996
321 2 17 20 -0.03709849999999999
322 2 18 19 0.029389500000000002
323 2 18 20 0.05108300000000001
324 2 19 20 0.010536500000000002
325 3 4 5 -0.040038500000000005
326 3 4 6 -0.09639450000000002
327 3 4 7 -0.020273500000000003
328 3 4 8 -0.03143050000000001
329 3 4 9 0.040544500000000004
330 3 4 10 -0.0020409999999999933
331 3 4 11 -0.008717500000000005
332 3 4 12 -0.06790650000000001
333 3 4 13 -0.062085850000000005
334 3 4 14 0.06215800000000002
335 3 4 15 -0.054930500000000014
336 3 4 16 -0.011156999999999992
337 3 4 17 -0.10845450000000001
338 3 4 18 -0.03913750000000001
339 3 4 19 0.021263500000000008
340 3 4 20 -0.010379499999999998
341 3 5 6 -0.06973000000000001
342 3 5 7 -0.012473500000000004
343 3 5 8 0.002942000000000002
344 3 5 9 -0.007594500000000001
345 3 5 10 -0.013483500000000006
346 3 5 11 0.05583150000000001
347 3 5 12 -0.026857500000000006
348 3 5 13 -0.05325485000000002
349 3 5 14 -0.0007645000000000014
350 3 5 15 0.002942000000000012
351 3 5 16 0.04671550000000001
352 3 5 17 -0.0852395
353 3 5 18 -0.007707500000000002
354 3 5 19 0.020978000000000007
355 3 5 20 0.016062000000000007
356 3 6 7 0.057256500000000016
357 3 6 8 0.030307000000000008
358 3 6 9 0.030928000000000004
359 3 6 10 0.028265500000000006
360 3 6 11 0.08319650000000002
361 3 6 12 0.0029470000000000004
362 3 6 13 -0.008055850000000002
363 3 6 14 0.07808050000000001
364 3 6 15 0.015923000000000003
365 3 6 16 0.05969650000000001
366 3 6 17 -0.08137450000000002
367 3 6 18 0.019657500000000005
368 3 6 19 0.0627275
369 3 6 20 0.05599300000000001
370 3 7 8 0.009116500000000005
371 3 7 9 -0.06687450000000002
372 3 7 10 0.0427635
373 3 7 11 0.0182325
374 3 7 12 0.07520199999999999
375 3 7 13 -0.041812350000000005
376 3 7 14 0.0319815
377 3 7 15 -0.003449
378 3 7 16 0.03120800000000001
379 3 7 17 -0.060200000000000004
380 3 7 18 -0.02989150000000001
381 3 7 19 -0.00041849999999999673
382 3 7 20 -0.0138285
383 3 8 9 -0.008495000000000004
384 3 8 10 0.04377350000000001
385 3 8 11 0.04377350000000001
386 3 8 12 -0.03120800000000001
387 3 8 13 -0.12024535000000001
388 3 8 14 0.0666385
389 3 8 15 -0.03465750000000001
390 3 8 16 -0.007707500000000002
391 3 8 17 -0.07702400000000001
392 3 8 18 -0.023215000000000006
393 3 8 19 0.046804500000000006
394 3 8 20 0.013120500000000004
395 3 9 10 0.10719950000000003
396 3 9 11 0.04700050000000001
397 3 9 12 0.006676500000000011
398 3 9 13 -0.05681685000000001
399 3 9 14 0.021611499999999995
400 3 9 15 0.019652500000000014
401 3 9 16 -0.0445465
402 3 9 17 -0.10318650000000003
403 3 9 18 -0.022712500000000007
404 3 9 19 0.020642500000000005
405 3 9 20 0.07858750000000003
406 3 10 11 0.020273500000000003
407 3 10 12 -0.07357300000000001
408 3 10 13 -0.05659485000000001
409 3 10 14 0.049815000000000005
410 3 10 15 -0.0259395
411 3 10 16 -0.0346575
412 3 10 17 -0.10641350000000001
413 3 10 18 0.041466
414 3 10 19 -0.020468999999999998
415 3 10 20 -0.019496
416 3 11 12 -0.022092000000000004
417 3 11 13 -0.01949785
418 3 11 14 0.0001519999999999966
419 3 11 15 -0.052889500000000006
420 3 11 16 -0.020273
421 3 11 17 -0.1207975
422 3 11 18 -0.096379
423 3 11 19 -0.04074250000000001
424 3 11 20 -0.012819499999999996
425 3 12 13 -0.022947350000000002
426 3 12 14 0.13595450000000003
427 3 12 15 -0.021681500000000006
428 3 12 16 -0.028488000000000006
429 3 12 17 -0.005890499999999988
430 3 12 18 0.022599500000000005
431 3 12 19 -0.025457
432 3 12 20 0.02286950000000001
433 3 13 14 0.028766349999999993
434 3 13 15 -0.07575565000000001
435 3 13 16 0.037331850000000014
436 3 13 17 -0.10718865000000001
437 3 13 18 0.035420850000000004
438 3 13 19 0.07423285000000002
439 3 13 20 0.012567849999999998
440 3 14 15 -0.06804700000000001
441 3 14 16 -0.064199
442 3 14 17 -0.14366250000000003
443 3 14 18 -0.0507155
444 3 14 19 -0.09582650000000001
445 3 14 20 -0.028763999999999994
446 3 15 16 -0.025541500000000005
447 3 15 17 -0.12283900000000003
448 3 15 18 -0.03389400000000001
449 3 15 19 -0.008126499999999998
450 3 15 20 0.047777500000000014
451 3 16 17 -0.08818150000000001
452 3 16 18 0.015923
453 3 16 19 0.023304500000000006
454 3 16 20 0.03543450000000001
455 3 17 18 0.10206300000000001
456 3 17 19 0.054514
457 3 17 20 0.058935
458 3 18 19 0.003932000000000003
459 3 18 20 0.027219500000000008
460 3 19 20 0.012130500000000002
461 4 5 6 -0.013374000000000006
462 4 5 7 -0.03223850000000001
463 4 5 8 -0.005666000000000002
464 4 5 9 -0.0881775
465 4 5 10 -0.05148100000000002
466 4 5 11 0.024510500000000005
467 4 5 12 0.0010105000000000031
468 4 5 13 -0.031207500000000003
469 4 5 14 -0.10296100000000001
470 4 5 15 0.017834000000000017
471 4 5 16 0.017833999999999996
472 4 5 17 -0.0168235
473 4 5 18 -0.008608500000000002
474 4 5 19 -0.04032400000000001
475 4 5 20 -0.013597000000000001
476 4 6 7 -0.018864500000000003
477 4 6 8 -0.034657000000000014
478 4 6 9 -0.10601100000000001
479 4 6 10 -0.06608800000000004
480 4 6 11 -0.004480499999999999
481 4 6 12 -0.025541000000000008
482 4 6 13 -0.04236450000000001
483 4 6 14 -0.080472
484 4 6 15 -0.025541000000000008
485 4 6 16 -0.02554100000000002
486 4 6 17 -0.06931450000000003
487 4 6 18 -0.03759950000000001
488 4 6 19 -0.054930500000000014
489 4 6 20 -0.03002200000000001
490 4 7 8 0.020273500000000003
491 4 7 9 -0.12769250000000001
492 4 7 10 0.024530999999999994
493 4 7 11 0.006676500000000003
494 4 7 12 0.12283500000000003
495 4 7 13 0.0
496 4 7 14 -0.05045
497 4 7 15 0.03120800000000001
498 4 7 16 0.022091499999999993
499 4 7 17 0.027980999999999992
500 4 7 18 -0.011027500000000003
501 4 7 19 -0.04195550000000001
502 4 7 20 -0.023722500000000004
503 4 8 9 -0.08047000000000001
504 4 8 10 0.014383999999999994
505 4 8 11 0.02106050000000001
506 4 8 12 0.005268000000000003
507 4 8 13 -0.08959000000000002
508 4 8 14 -0.026949999999999998
509 4 8 15 -0.011157499999999999
510 4 8 16 -0.027981000000000016
511 4 8 17 -1.1102230246251568e-17
512 4 8 18 -0.015508000000000003
513 4 8 19 -0.005889500000000004
514 4 8 20 -0.007930500000000002
515 4 9 10 0.14978500000000003
516 4 9 11 0.09626250000000001
517 4 9 12 0.11512750000000002
518 4 9 13 0.045813500000000014
519 4 9 14 -2.0000000000075516e-6
520 4 9 15 0.11512750000000002
521 4 9 16 0.00715499999999999
522 4 9 17 0.04581249999999999
523 4 9 18 0.05696949999999999
524 4 9 19 0.0399235
525 4 9 20 0.1295115
526 4 10 11 0.02695000000000002
527 4 10 12 -0.007707499999999991
528 4 10 13 0.0034500000000000117
529 4 10 14 -0.014383999999999994
530 4 10 15 0.02695000000000002
531 4 10 16 -0.025541500000000005
532 4 10 17 1.1102230246251568e-17
533 4 10 18 0.07856250000000002
534 4 10 19 -0.04377349999999999
535 4 10 20 -0.011157499999999996
536 4 11 12 0.03709700000000001
537 4 11 13 0.033870500000000005
538 4 11 14 -0.07072350000000001
539 4 11 15 -0.006676500000000003
540 4 11 16 -0.017833500000000016
541 4 11 17 -0.021060500000000013
542 4 11 18 -0.065959
543 4 11 19 -0.07072350000000001
544 4 11 20 -0.011157500000000006
545 4 12 13 -0.028768000000000012
546 4 12 14 0.005889999999999996
547 4 12 15 -0.03465750000000001
548 4 12 16 -0.08523750000000002
549 4 12 17 0.0346575
550 4 12 18 -0.006169500000000004
551 4 12 19 -0.11462700000000003
552 4 12 20 -0.03465750000000001
553 4 13 14 -0.0954775
554 4 13 15 -0.08291100000000001
555 4 13 16 -0.013597000000000012
556 4 13 17 -0.06082000000000002
557 4 13 18 0.012472500000000003
558 4 13 19 -0.009116500000000001
559 4 13 20 -0.039138500000000014
560 4 14 15 0.049041500000000016
561 4 14 16 0.009115999999999992
562 4 14 17 0.026949999999999995
563 4 14 18 0.05058000000000002
564 4 14 19 -0.05493200000000001
565 4 14 20 0.04377350000000001
566 4 15 16 -0.06931500000000003
567 4 15 17 -0.06931500000000003
568 4 15 18 -0.04968700000000001
569 4 15 19 -0.08432050000000002
570 4 15 20 0.0032264999999999967
571 4 16 17 0.009116000000000003
572 4 16 18 0.04390350000000002
573 4 16 19 -0.009115999999999992
574 4 16 20 0.03465700000000002
575 4 17 18 0.03274600000000001
576 4 17 19 -0.075204
577 4 17 20 -0.039139999999999994
578 4 18 19 -0.05646900000000002
579 4 18 20 -0.0015385000000000028
580 4 19 20 0.04377350000000001
581 5 6 7 0.0
582 5 6 8 -0.042365000000000014
583 5 6 9 -0.031207500000000003
584 5 6 10 -0.027981000000000002
585 5 6 11 -0.042365000000000014
586 5 6 12 -0.03992550000000001
587 5 6 13 -0.024531000000000004
588 5 6 14 0.009115000000000014
589 5 6 15 -0.05674900000000003
590 5 6 16 -0.056749000000000015
591 5 6 17 -0.06586500000000003
592 5 6 18 -0.042365000000000014
593 5 6 19 -0.02798050000000001
594 5 6 20 -0.02979900000000001
595 5 7 8 -0.006299000000000002
596 5 7 9 -0.07175350000000001
597 5 7 10 0.04377350000000001
598 5 7 11 -0.05007250000000002
599 5 7 12 0.08958600000000001
600 5 7 13 -0.0010309999999999987
601 5 7 14 0.02027250000000001
602 5 7 15 -0.018864500000000017
603 5 7 16 -0.027981000000000002
604 5 7 17 0.01256599999999999
605 5 7 18 -0.03465750000000001
606 5 7 19 -0.033870000000000004
607 5 7 20 -0.042364000000000006
608 5 8 9 0.002041499999999999
609 5 8 10 0.060199000000000016
610 5 8 11 -0.009116000000000004
611 5 8 12 -0.0014085000000000018
612 5 8 13 -0.06404850000000001
613 5 8 14 0.070345
614 5 8 15 -0.034657500000000015
615 5 8 16 -0.051481000000000006
616 5 8 17 0.01115749999999999
617 5 8 18 -0.012565500000000004
618 5 8 19 0.0287685
619 5 8 20 4.999999999991124e-7
620 5 9 10 0.11308850000000002
621 5 9 11 -0.016425500000000003
622 5 9 12 0.025939500000000015
623 5 9 13 -0.011156499999999998
624 5 9 14 0.014781500000000005
625 5 9 15 0.009116000000000003
626 5 9 16 -0.09885650000000001
627 5 9 17 -0.025541500000000016
628 5 9 18 -0.022599500000000005
629 5 9 19 -0.007930000000000001
630 5 9 20 0.054931
631 5 10 11 -0.049041500000000016
632 5 10 12 -0.060199000000000016
633 5 10 13 -0.0168235
634 5 10 14 0.03709600000000001
635 5 10 15 -0.04236500000000002
636 5 10 16 -0.09485650000000002
637 5 10 17 -0.03465750000000001
638 5 10 18 0.03569
639 5 10 19 -0.054930500000000014
640 5 10 20 -0.049041500000000016
641 5 11 12 0.06059700000000001
642 5 11 13 0.08958850000000002
643 5 11 14 0.056748
644 5 11 15 -1.1102230246251568e-17
645 5 11 16 -0.011157000000000002
646 5 11 17 0.020273499999999993
647 5 11 18 -0.03284
648 5 11 19 -0.005889
649 5 11 20 0.026949999999999998
650 5 12 13 0.003450000000000004
651 5 12 14 0.10986150000000003
652 5 12 15 -0.05148100000000002
653 5 12 16 -0.10206100000000003
654 5 12 17 0.052491499999999996
655 5 12 18 0.0034495000000000003
656 5 12 19 -0.07329250000000002
657 5 12 20 -0.020050000000000002
658 5 13 14 -0.023724000000000006
659 5 13 15 -0.13195250000000003
660 5 13 16 -0.06263850000000001
661 5 13 17 -0.07520400000000002
662 5 13 18 -0.010126500000000004
663 5 13 19 0.0
664 5 13 20 -0.056749000000000015
665 5 14 15 -0.07175350000000003
666 5 14 16 -0.11167900000000001
667 5 14 17 -0.059187500000000025
668 5 14 18 -0.0437725
669 5 14 19 -0.11756899999999999
670 5 14 20 -0.045590500000000006
671 5 15 16 -0.069315
672 5 15 17 -0.03465750000000001
673 5 15 18 -0.023244499999999994
674 5 15 19 -0.026162499999999995
675 5 15 20 0.034657500000000015
676 5 16 17 0.0437735
677 5 16 18 0.070346
678 5 16 19 0.04904200000000001
679 5 16 20 0.06608800000000001
680 5 17 18 0.024531000000000015
681 5 17 19 -0.0517035
682 5 17 20 -0.04236649999999999
683 5 18 19 -0.024753500000000005
684 5 18 20 0.0034499999999999995
685 5 19 20 0.0170465
686 6 7 8 0.036066000000000015
687 6 7 9 -0.040546000000000006
688 6 7 10 0.07175450000000001
689 6 7 11 -0.007707500000000002
690 6 7 12 0.12951150000000003
691 6 7 13 0.023500000000000004
692 6 7 14 0.011157499999999996
693 6 7 15 0.037884500000000015
694 6 7 16 0.028768000000000012
695 6 7 17 0.078431
696 6 7 18 0.007707500000000002
697 6 7 19 -0.005889499999999999
698 6 7 20 -0.012565
699 6 8 9 -0.009116000000000004
700 6 8 10 0.04581500000000001
701 6 8 11 -0.009116000000000004
702 6 8 12 -0.003848000000000002
703 6 8 13 -0.08188250000000001
704 6 8 14 0.01886499999999999
705 6 8 15 -0.020273500000000003
706 6 8 16 -0.03709700000000001
707 6 8 17 0.0346575
708 6 8 18 -0.012565500000000004
709 6 8 19 0.014384
710 6 8 20 -0.012565500000000004
711 6 9 10 0.109862
712 6 9 11 -0.005268000000000003
713 6 9 12 0.034657500000000015
714 6 9 13 -0.017833
715 6 9 14 -0.02554100000000002
716 6 9 15 0.034657500000000015
717 6 9 16 -0.07331500000000002
718 6 9 17 0.009115999999999997
719 6 9 18 -0.011442000000000004
720 6 9 19 -0.011157000000000002
721 6 9 20 0.053522500000000015
722 6 10 11 -0.0346575
723 6 10 12 -0.048254500000000006
724 6 10 13 -0.020273500000000003
725 6 10 14 -1.1102230246251568e-17
726 6 10 15 -0.013597000000000001
727 6 10 16 -0.06608850000000001
728 6 10 17 0.0032265000000000106
729 6 10 18 0.050074
730 6 10 19 -0.054931
731 6 10 20 -0.04722350000000001
732 6 11 12 0.058157500000000015
733 6 11 13 0.07175450000000001
734 6 11 14 0.00526799999999999
735 6 11 15 0.014384000000000006
736 6 11 16 0.0032270000000000024
737 6 11 17 0.04377350000000001
738 6 11 18 -0.03284
739 6 11 19 -0.020273500000000003
740 6 11 20 0.014384000000000006
741 6 12 13 -0.011944500000000002
742 6 12 14 0.060821
743 6 12 15 -0.03465750000000001
744 6 12 16 -0.08523750000000001
745 6 12 17 0.07843100000000001
746 6 12 18 0.005889
747 6 12 19 -0.08523750000000001
748 6 12 20 -0.0301765
749 6 13 14 -0.05737000000000002
750 6 13 15 -0.0997345
751 6 13 16 -0.030420500000000007
752 6 13 17 -0.033870000000000004
753 6 13 18 0.007707500000000002
754 6 13 19 0.0034495000000000003
755 6 13 20 -0.051481000000000006
756 6 14 15 -0.00588949999999999
757 6 14 16 -0.045814999999999995
758 6 14 17 0.01579250000000001
759 6 14 18 0.007707500000000023
760 6 14 19 -0.0804735
761 6 14 20 -0.006676499999999989
762 6 15 16 -0.069315
763 6 15 17 -0.02554150000000001
764 6 15 18 -0.0376285
765 6 15 19 -0.054931
766 6 15 20 0.007707500000000002
767 6 16 17 0.052889500000000006
768 6 16 18 0.055962000000000005
769 6 16 19 0.020273500000000003
770 6 16 20 0.039138000000000006
771 6 17 18 0.0010310000000000015
772 6 17 19 -0.08958800000000001
773 6 17 20 -0.0784325
774 6 18 19 -0.039138000000000006
775 6 18 20 -0.009116000000000003
776 6 19 20 0.018865
777 7 8 9 0.06749600000000001
778 7 8 10 0.010126500000000004
779 7 8 11 0.03465750000000001
780 7 8 12 -0.09729350000000002
781 7 8 13 -0.06931650000000002
782 7 8 14 0.04377350000000001
783 7 8 15 -0.022092000000000004
784 7 8 16 -0.029799000000000003
785 7 8 17 -0.007707500000000002
786 7 8 18 0.015793
787 7 8 19 0.05633950000000001
788 7 8 20 0.03606550000000001
789 7 9 10 -0.0024384999999999997
790 7 9 11 -0.03810650000000001
791 7 9 12 -0.13540000000000005
792 7 9 13 -0.08187900000000002
793 7 9 14 -0.07724450000000001
794 7 9 15 -0.043773
795 7 9 16 -0.142629
796 7 9 17 -0.10986100000000003
797 7 9 18 -0.05969550000000001
798 7 9 19 -0.04581350000000001
799 7 9 20 0.025541500000000005
800 7 10 11 0.04480450000000001
801 7 10 12 -0.10601150000000001
802 7 10 13 0.027981000000000002
803 7 10 14 0.06059700000000001
804 7 10 15 0.020273
805 7 10 16 -0.023102000000000004
806 7 10 17 -0.00344999999999999
807 7 10 18 0.11412100000000004
808 7 10 19 0.022713000000000007
809 7 10 20 0.03709600000000001
810 7 11 12 -0.0790615
811 7 11 13 0.04054700000000001
812 7 11 14 -0.013597000000000005
813 7 11 15 -0.03120800000000001
814 7 11 16 -0.03324850000000001
815 7 11 17 -0.04236500000000001
816 7 11 18 -0.048255000000000006
817 7 11 19 -0.022091500000000007
818 7 11 20 0.019241500000000005
819 7 12 13 0.094067
820 7 12 14 0.17917500000000003
821 7 12 15 0.05696949999999999
822 7 12 16 0.015506
823 7 12 17 0.12951150000000003
824 7 12 18 0.12769300000000003
825 7 12 19 0.050163500000000014
826 7 12 20 0.11190000000000004
827 7 13 14 -0.04502750000000001
828 7 13 15 -0.11411900000000001
829 7 13 16 -0.035688500000000005
830 7 13 17 -0.088801
831 7 13 18 0.023500000000000007
832 7 13 19 0.03283900000000001
833 7 13 20 -0.015416000000000004
834 7 14 15 -0.03261650000000001
835 7 14 16 -0.06342550000000001
836 7 14 17 -0.051481000000000006
837 7 14 18 0.011157500000000016
838 7 14 19 -0.06342650000000001
839 7 14 20 0.017046000000000006
840 7 15 16 -0.0601985
841 7 15 17 -0.06608800000000002
842 7 15 18 -0.007451500000000001
843 7 15 19 -0.011157000000000002
844 7 15 20 0.058157000000000014
845 7 16 17 0.0032265000000000006
846 7 16 18 0.07702250000000002
847 7 16 19 0.054931
848 7 16 20 0.08047100000000001
849 7 17 18 0.07175450000000001
850 7 17 19 -0.005267500000000003
851 7 17 20 0.012563500000000009
852 7 18 19 -0.025541000000000008
853 7 18 20 0.0111565
854 7 19 20 0.025540500000000004
855 8 9 10 0.054931
856 8 9 11 -0.005268000000000003
857 8 9 12 0.029389500000000016
858 8 9 13 0.05493350000000001
859 8 9 14 -0.05352200000000001
860 8 9 15 0.04581500000000002
861 8 9 16 -0.045334000000000006
862 8 9 17 -0.03465750000000001
863 8 9 18 -0.007992500000000003
864 8 9 19 -0.03465700000000001
865 8 9 20 0.05697200000000001
866 8 10 11 0.020273500000000003
867 8 10 12 0.0014085000000000018
868 8 10 13 0.10742400000000002
869 8 10 14 0.026950000000000005
870 8 10 15 0.05249150000000001
871 8 10 16 0.016823500000000005
872 8 10 17 0.014384000000000015
873 8 10 18 0.10845450000000001
874 8 10 19 -0.0235
875 8 10 20 0.011157000000000002
876 8 11 12 0.052889500000000006
877 8 11 13 0.144521
878 8 11 14 -0.022713000000000004
879 8 11 15 0.025541500000000005
880 8 11 16 0.03120800000000001
881 8 11 17 2.775557561562892e-18
882 8 11 18 -0.029390500000000003
883 8 11 19 -0.04377350000000001
884 8 11 20 0.017833500000000006
885 8 12 13 0.06609000000000002
886 8 12 14 0.038108
887 8 12 15 -0.01823200000000001
888 8 12 16 -0.051988500000000014
889 8 12 17 0.03992550000000001
890 8 12 18 0.014606500000000003
891 8 12 19 -0.10346950000000003
892 8 12 20 -0.021459000000000006
893 8 13 14 -0.15811750000000002
894 8 13 15 -0.1613435
895 8 13 16 -0.07520600000000001
896 8 13 17 -0.15041000000000002
897 8 13 18 -0.061609500000000005
898 8 13 19 -0.09281700000000004
899 8 13 20 -0.12079800000000003
900 8 14 15 0.033249000000000015
901 8 14 16 0.010147000000000002
902 8 14 17 0.0
903 8 14 18 0.03913800000000002
904 8 14 19 -0.0759925
905 8 14 20 0.024754000000000005
906 8 15 16 -0.05249150000000001
907 8 15 17 -0.08047250000000002
908 8 15 18 -0.04533650000000001
909 8 15 19 -0.0895885
910 8 15 20 -5.000000000005002e-7
911 8 16 17 -0.018865
912 8 16 18 0.03143050000000001
913 8 16 19 -0.031207500000000003
914 8 16 20 0.014606500000000003
915 8 17 18 0.048254000000000005
916 8 17 19 -0.06931450000000001
917 8 17 20 -0.031209499999999998
918 8 18 19 -0.06608750000000001
919 8 18 20 -0.009116000000000003
920 8 19 20 0.045814499999999994
921 9 10 11 0.08047250000000002
922 9 10 12 0.026949999999999995
923 9 10 13 0.10742150000000003
924 9 10 14 0.13540300000000005
925 9 10 15 0.0616075
926 9 10 16 0.11708850000000003
927 9 10 17 0.10397250000000004
928 9 10 18 0.171378
929 9 10 19 0.06608800000000004
930 9 10 20 0.009116000000000004
931 9 11 12 0.01823199999999999
932 9 11 13 0.08431950000000002
933 9 11 14 0.025541000000000008
934 9 11 15 -0.025541500000000016
935 9 11 16 0.071274
936 9 11 17 0.029389500000000002
937 9 11 18 -0.026666
938 9 11 19 -0.014384500000000003
939 9 11 20 -0.04440650000000001
940 9 12 13 0.040546000000000026
941 9 12 14 0.12101950000000004
942 9 12 15 -0.03465750000000001
943 9 12 16 0.02273500000000001
944 9 12 17 0.10397250000000004
945 9 12 18 0.05198850000000002
946 9 12 19 -0.039423
947 9 12 20 -0.049041499999999995
948 9 13 14 -0.049662000000000005
949 9 13 15 -0.15222500000000003
950 9 13 16 0.0250615
951 9 13 17 -0.060819000000000005
952 9 13 18 0.0013165000000000013
953 9 13 19 -0.0032264999999999993
954 9 13 20 -0.12283650000000003
955 9 14 15 -0.06608800000000004
956 9 14 16 0.0019589999999999946
957 9 14 17 -0.018864500000000003
958 9 14 18 -0.00639149999999999
959 9 14 19 -0.09485750000000001
960 9 14 20 -0.08574
961 9 15 16 0.03865750000000001
962 9 15 17 1.1102230246251568e-17
963 9 15 18 0.008471000000000013
964 9 15 19 -0.00911649999999999
965 9 15 20 -0.011157499999999992
966 9 16 17 -0.029541499999999995
967 9 16 18 -0.005910999999999995
968 9 16 19 -0.041884500000000005
969 9 16 20 -0.08769950000000001
970 9 17 18 0.021589000000000004
971 9 17 19 -0.06931500000000002
972 9 17 20 -0.12283900000000003
973 9 18 19 -0.03942300000000001
974 9 18 20 -0.07408050000000002
975 9 19 20 -0.04581450000000001
976 10 11 12 0.07175450000000001
977 10 11 13 0.057370500000000005
978 10 11 14 -0.029389500000000002
979 10 11 15 -0.006676500000000003
980 10 11 16 0.03465800000000001
981 10 11 17 0.00588949999999999
982 10 11 18 -0.1175715
983 10 11 19 -5.551115123125784e-18
984 10 11 20 0.026949999999999998
985 10 12 13 -0.03992550000000001
986 10 12 14 0.012566500000000005
987 10 12 15 -0.06931500000000002
988 10 12 16 -0.06740350000000002
989 10 12 17 0.026949999999999995
990 10 12 18 -0.09243950000000001
991 10 12 19 -0.07856100000000002
992 10 12 20 -0.031207500000000003
993 10 13 14 -0.0776435
994 10 13 15 -0.106411
995 10 13 16 0.015394500000000004
996 10 13 17 -0.05737000000000002
997 10 13 18 -0.06264
998 10 13 19 0.03810700000000001
999 10 13 20 -0.024531000000000004
1000 10 14 15 0.007707500000000002
1001 10 14 16 0.020273500000000003
1002 10 14 17 0.01256599999999999
1003 10 14 18 -0.04236649999999999
1004 10 14 19 -0.025542500000000006
1005 10 14 20 0.04054700000000001
1006 10 15 16 -0.016823500000000005
1007 10 15 17 -0.04236500000000002
1008 10 15 18 -0.10129950000000003
1009 10 15 19 -0.013597000000000001
1010 10 15 20 0.04133400000000001
1011 10 16 17 -0.01642550000000001
1012 10 16 18 -0.060200500000000004
1013 10 16 19 0.009116
1014 10 16 20 0.020273000000000006
1015 10 17 18 -0.04581649999999999
1016 10 17 19 -0.0314305
1017 10 17 20 -0.027982499999999987
1018 10 18 19 0.065867
1019 10 18 20 0.08818150000000001
1020 10 19 20 0.011157500000000004
1021 11 12 13 -0.025541500000000005
1022 11 12 14 0.11371050000000003
1023 11 12 15 0.009116000000000004
1024 11 12 16 -0.030307000000000008
1025 11 12 17 0.09281500000000002
1026 11 12 18 0.09688650000000001
1027 11 12 19 -0.0068065
1028 11 12 20 0.013597000000000005
1029 11 13 14 0.009116500000000001
1030 11 13 15 -0.042364000000000006
1031 11 13 16 0.03810700000000001
1032 11 13 17 -0.005889000000000006
1033 11 13 18 0.11230200000000001
1034 11 13 19 0.0954775
1035 11 13 20 0.005889499999999999
1036 11 14 15 -0.015005500000000001
1037 11 14 16 -0.04377400000000001
1038 11 14 17 -0.022713000000000007
1039 11 14 18 0.045815500000000016
1040 11 14 19 -0.05493200000000001
1041 11 14 20 -0.0157925
1042 11 15 16 -0.058158
1043 11 15 17 -0.054931000000000015
1044 11 15 18 0.009595499999999996
1045 11 15 19 -0.020273500000000003
1046 11 15 20 0.007707499999999999
1047 11 16 17 0.012343000000000002
1048 11 16 18 0.09202900000000001
1049 11 16 19 0.04377400000000001
1050 11 16 20 0.027981000000000002
1051 11 17 18 0.07764450000000002
1052 11 17 19 -0.025541000000000008
1053 11 17 20 -0.049042999999999996
1054 11 18 19 -0.05170450000000001
1055 11 18 20 -0.05634000000000001
1056 11 19 20 -0.015792500000000004
1057 12 13 14 -0.13013550000000004
1058 12 13 15 -0.0770215
1059 12 13 16 0.042872500000000015
1060 12 13 17 -0.12424550000000002
1061 12 13 18 -0.010126000000000001
1062 12 13 19 0.07674250000000002
1063 12 13 20 -0.033249000000000015
1064 12 14 15 0.08958900000000002
1065 12 14 16 0.10024350000000001
1066 12 14 17 -0.0018175000000000055
1067 12 14 18 0.06263950000000003
1068 12 14 19 0.065585
1069 12 14 20 0.08432100000000002
1070 12 15 16 -0.018735000000000005
1071 12 15 17 -0.13863000000000003
1072 12 15 18 -0.07817500000000002
1073 12 15 19 -0.004351000000000001
1074 12 15 20 0.0032264999999999967
1075 12 16 17 -0.11077900000000002
1076 12 16 18 -0.0351645
1077 12 16 19 0.020273500000000003
1078 12 16 20 -0.015923000000000007
1079 12 17 18 0.07357300000000001
1080 12 17 19 0.07408050000000001
1081 12 17 20 0.03017500000000001
1082 12 18 19 0.0519885
1083 12 18 20 0.026949499999999998
1084 12 19 20 -0.03619600000000001
1085 13 14 15 0.03647500000000001
1086 13 14 16 -0.07276450000000002
1087 13 14 17 -0.007707500000000002
1088 13 14 18 -0.05737
1089 13 14 19 -0.14129300000000003
1090 13 14 20 -0.0125655
1091 13 15 16 -0.13862900000000003
1092 13 15 17 -0.09140600000000002
1093 13 15 18 -0.14507050000000002
1094 13 15 19 -0.15811500000000003
1095 13 15 20 -0.040546
1096 13 16 17 0.05633900000000002
1097 13 16 18 0.017834000000000003
1098 13 16 19 -0.013596500000000001
1099 13 16 20 0.0601985
1100 13 17 18 -0.040546500000000006
1101 13 17 19 -0.12690750000000003
1102 13 17 20 -0.06082150000000001
1103 13 18 19 -0.03488000000000001
1104 13 18 20 0.050072500000000006
1105 13 19 20 0.07379550000000001
1106 14 15 16 -0.029389500000000002
1107 14 15 17 -0.04722350000000001
1108 14 15 18 -0.05122550000000002
1109 14 15 19 0.019653
1110 14 15 20 0.0084945
1111 14 16 17 -0.008718000000000002
1112 14 16 18 0.0024394999999999894
1113 14 16 19 0.05493200000000001
1114 14 16 20 -5.000000000005002e-7
1115 14 17 18 0.00911599999999999
1116 14 17 19 0.006677999999999996
1117 14 17 20 -0.055963500000000006
1118 14 18 19 0.04904300000000002
1119 14 18 20 0.0052680000000000105
1120 14 19 20 -0.05493200000000001
1121 15 16 17 0.009116000000000003
1122 15 16 18 0.024275500000000005
1123 15 16 19 0.005889499999999999
1124 15 16 20 -0.037884500000000015
1125 15 17 18 0.013118000000000001
1126 15 17 19 -0.0601985
1127 15 17 20 -0.11168150000000002
1128 15 18 19 -0.021835500000000004
1129 15 18 20 -0.05445200000000001
1130 15 19 20 -0.04377350000000001
1131 16 17 18 -0.002041499999999999
1132 16 17 19 -0.05697200000000001
1133 16 17 20 -0.064681
1134 16 18 19 -0.0034495000000000003
1135 16 18 20 0.007708000000000001
1136 16 19 20 4.999999999991124e-7
1137 17 18 19 0.051481000000000006
1138 17 18 20 0.07034750000000001
1139 17 19 20 0.007709499999999995
1140 18 19 20 -0.011157000000000002
