l i j f[l]=f_ij g[l]=g_ij s[l]=s_ij h[l]=h_ij
1 1 2 -0.63617 -0.63803035 0.0018603499999999716 0.0
2 1 3 0.31813 -0.08217618499999996 0.4003061850000002 -2.220446049250313e-16
3 2 3 0.66684 0.555854165 0.110985835 0.0
4 1 4 -0.60171 -0.6050943999999999 0.0033844000000000096 -1.1102230246251565e-16
5 2 4 0.054757 0.032935950000000075 0.021821049999999995 -6.938893903907228e-17
6 3 4 -0.053999 -0.5229182149999999 0.4689192150000001 -2.220446049250313e-16
7 1 5 -0.8893 -0.6177147999999999 -0.2715852000000001 0.0
8 2 5 0.70124 0.02031555000000007 0.6809244500000002 -3.3306690738754696e-16
9 3 5 -0.33502 -0.5355386149999999 0.20051861500000007 -2.220446049250313e-16
10 4 5 0.056076 -0.012620400000000004 0.06869640000000002 -1.3877787807814457e-17
11 1 6 -0.4808 -0.31945699999999994 -0.16134300000000007 0.0
12 2 6 0.77094 0.31857335000000003 0.45236665000000015 -2.220446049250313e-16
13 3 6 -0.94365 -0.23728081499999998 -0.7063691850000002 2.220446049250313e-16
14 4 6 0.028106 0.28563739999999993 -0.2575314000000001 1.6653345369377348e-16
15 5 6 0.64849 0.29825779999999996 0.3502322000000001 -5.551115123125783e-17
16 1 7 -0.06235 -0.22498659999999995 0.16263660000000008 -1.3877787807814457e-16
17 2 7 0.53783 0.41304375000000004 0.12478625000000006 -5.551115123125783e-17
18 3 7 -0.65329 -0.142810415 -0.5104795850000001 8.326672684688674e-17
19 4 7 0.64671 0.38010779999999994 0.2666022 5.551115123125783e-17
20 5 7 0.84977 0.39272819999999997 0.45704180000000016 -1.1102230246251565e-16
21 6 7 0.55478 0.0944704 0.46030960000000015 -9.71445146547012e-17
22 1 8 -1.667 -0.4232979499999999 -1.2437020500000007 5.551115123125783e-16
23 2 8 0.45195 0.21473240000000005 0.23721760000000008 -1.1102230246251565e-16
24 3 8 -0.39276 -0.34112176499999997 -0.05163823500000002 0.0
25 4 8 -0.66998 0.18179644999999997 -0.8517764500000002 2.498001805406602e-16
26 5 8 0.22667 0.19441684999999997 0.03225315000000002 0.0
27 6 8 -0.013864 -0.10384094999999996 0.08997695000000001 -5.551115123125783e-17
28 7 8 0.38681 -0.19831134999999997 0.5851213500000002 -2.498001805406602e-16
29 1 9 1.0394 0.40628325999999976 0.6331167400000003 5.551115123125783e-17
30 2 9 1.7705 1.0443136099999997 0.7261863900000003 0.0
31 3 9 0.58987 0.4884594449999997 0.10141055499999999 3.3306690738754696e-16
32 4 9 0.66088 1.0113776599999997 -0.3504976600000001 4.440892098500626e-16
33 5 9 0.83602 1.0239980599999996 -0.18797806000000006 4.440892098500626e-16
34 6 9 0.58467 0.7257402599999997 -0.14107025999999995 3.3306690738754696e-16
35 7 9 -0.22092 0.6312698599999997 -0.8521898600000002 4.440892098500626e-16
36 8 9 0.37682 0.8295812099999996 -0.45276121000000014 5.551115123125783e-16
37 1 10 -0.40549 -0.4346921999999999 0.029202199999999963 -5.551115123125783e-17
38 2 10 -0.35257 0.20333815000000005 -0.5559081500000003 2.220446049250313e-16
39 3 10 0.044178 -0.35251601499999996 0.3966940150000001 -1.6653345369377348e-16
40 4 10 0.01885 0.1704022 -0.15155220000000003 2.7755575615628914e-17
41 5 10 -1.0583 0.18302259999999998 -1.2413226000000006 6.106226635438361e-16
42 6 10 0.11495 -0.11523519999999995 0.2301852000000001 -1.3877787807814457e-16
43 7 10 0.8925 -0.20970559999999994 1.1022056000000005 -5.551115123125783e-16
44 8 10 -0.44109 -0.011394249999999988 -0.4296957500000001 1.0408340855860843e-16
45 9 10 1.0141 -0.8409754599999997 1.8550754600000006 -8.881784197001252e-16
46 1 11 0.16089 -0.14582841000000002 0.30671841000000005 -2.7755575615628914e-17
47 2 11 -0.61565 0.49220193999999995 -1.1078519400000002 2.220446049250313e-16
48 3 11 0.11056 -0.06365222500000006 0.1742122250000001 -4.163336342344337e-17
49 4 11 0.56767 0.4592659899999999 0.10840401000000004 5.551115123125783e-17
50 5 11 0.87079 0.4718863899999999 0.39890360999999996 1.1102230246251565e-16
51 6 11 0.67002 0.17362858999999992 0.4963914100000001 -5.551115123125783e-17
52 7 11 0.43654 0.07915818999999993 0.3573818100000001 -2.7755575615628914e-17
53 8 11 -0.028059 0.2774695399999999 -0.3055285400000001 2.220446049250313e-16
54 9 11 -0.0013872 -0.5521116699999997 0.55072447 -3.3306690738754696e-16
55 10 11 -1.272 0.2888637899999999 -1.5608637900000006 7.216449660063518e-16
56 1 12 -0.79225 -0.6541230999999998 -0.13812690000000008 -1.1102230246251565e-16
57 2 12 -0.19254 -0.016092749999999933 -0.17644725000000006 0.0
58 3 12 -0.95102 -0.571946915 -0.3790730850000001 1.1102230246251565e-16
59 4 12 0.1041 -0.04902870000000001 0.15312869999999998 2.7755575615628914e-17
60 5 12 0.12292 -0.036408300000000005 0.1593283000000001 -8.326672684688674e-17
61 6 12 -1.5199 -0.33466609999999997 -1.1852339000000005 4.440892098500626e-16
62 7 12 0.30302 -0.4291364999999999 0.7321565000000002 -2.7755575615628914e-16
63 8 12 -0.16623 -0.23082514999999998 0.06459514999999999 0.0
64 9 12 -1.3413 -1.0604063599999995 -0.28089364000000006 -4.440892098500626e-16
65 10 12 -0.50186 -0.21943089999999998 -0.28242910000000004 5.551115123125783e-17
66 11 12 -0.23395 -0.5082946899999998 0.27434469 -2.220446049250313e-16
67 1 13 -0.34634 -0.4829100999999999 0.13657010000000003 -1.1102230246251565e-16
68 2 13 0.73172 0.15512025000000007 0.5765997500000001 -1.1102230246251565e-16
69 3 13 -0.3272 -0.40073391499999994 0.07353391500000002 -5.551115123125783e-17
70 4 13 -0.18274 0.12218429999999998 -0.3049243000000001 9.71445146547012e-17
71 5 13 0.49262 0.1348047 0.35781530000000017 -1.6653345369377348e-16
72 6 13 0.21085 -0.16345309999999996 0.3743031000000001 -1.3877787807814457e-16
73 7 13 -0.80019 -0.25792349999999997 -0.5422665000000001 1.1102230246251565e-16
74 8 13 0.11794 -0.059612149999999996 0.17755215000000002 -2.0816681711721685e-17
75 9 13 -0.88498 -0.8891933599999997 0.004213359999999991 -2.220446049250313e-16
76 10 13 -0.49453 -0.04821790000000001 -0.4463121000000002 1.942890293094024e-16
77 11 13 -0.36398 -0.3370816899999999 -0.026898310000000036 -1.1102230246251565e-16
78 12 13 0.20421 0.171213 0.03299700000000004 -5.551115123125783e-17
79 1 14 -1.9642 -0.7798382999999999 -1.1843617000000002 1.1102230246251565e-16
80 2 14 -0.68265 -0.1418079499999999 -0.5408420500000001 0.0
81 3 14 -0.42883 -0.697662115 0.2688321150000001 -1.1102230246251565e-16
82 4 14 0.27605 -0.17474389999999998 0.4507939000000002 -1.942890293094024e-16
83 5 14 -0.54149 -0.16212349999999998 -0.37936650000000016 1.1102230246251565e-16
84 6 14 0.48681 -0.46038129999999994 0.9471913000000003 -3.3306690738754696e-16
85 7 14 -0.31704 -0.5548517 0.23781170000000015 -2.220446049250313e-16
86 8 14 -0.18647 -0.35654034999999995 0.1700703500000001 -1.1102230246251565e-16
87 9 14 -1.9344 -1.1861215599999997 -0.74827844 -2.220446049250313e-16
88 10 14 0.66713 -0.34514609999999996 1.0122761000000005 -4.996003610813204e-16
89 11 14 -0.38173 -0.6340098899999999 0.25227989 -1.1102230246251565e-16
90 12 14 0.25758 -0.12571519999999997 0.38329520000000006 -1.1102230246251565e-16
91 13 14 -1.2479 -0.2969282 -0.9509718000000001 1.1102230246251565e-16
92 1 15 -0.68935 -0.5525355999999999 -0.13681440000000009 0.0
93 2 15 -0.11403 0.08549475000000004 -0.19952475000000008 4.163336342344337e-17
94 3 15 -0.66327 -0.470359415 -0.19291058500000008 5.551115123125783e-17
95 4 15 0.10284 0.05255879999999996 0.050281199999999984 5.551115123125783e-17
96 5 15 0.3625 0.06517919999999996 0.2973208 2.7755575615628914e-17
97 6 15 -0.54485 -0.23307859999999997 -0.31177140000000003 5.551115123125783e-17
98 7 15 -0.60579 -0.327549 -0.2782410000000002 1.1102230246251565e-16
99 8 15 -0.30128 -0.12923765 -0.17204235000000007 8.326672684688674e-17
100 9 15 -2.6754 -0.9588188599999997 -1.7165811400000004 3.3306690738754696e-16
101 10 15 0.88483 -0.11784340000000003 1.0026734000000004 -3.469446951953614e-16
102 11 15 -0.34114 -0.4067071899999999 0.06556718999999997 -1.1102230246251565e-16
103 12 15 -0.75618 0.10158749999999997 -0.8577675000000002 3.0531133177191805e-16
104 13 15 -0.21486 -0.06962550000000002 -0.14523450000000007 9.71445146547012e-17
105 14 15 1.052 0.22730269999999994 0.8246973000000004 -3.0531133177191805e-16
106 1 16 0.12216 -0.4594255999999999 0.5815856000000001 -2.7755575615628914e-16
107 2 16 -0.18094 0.17860475000000006 -0.3595447500000001 2.7755575615628914e-17
108 3 16 -0.85159 -0.3772494149999999 -0.4743405850000001 5.551115123125783e-17
109 4 16 0.73202 0.1456688 0.5863512000000001 -5.551115123125783e-17
110 5 16 0.51149 0.1582892 0.35320080000000015 -1.3877787807814457e-16
111 6 16 -0.21659 -0.13996859999999994 -0.07662140000000005 0.0
112 7 16 -0.38049 -0.23443899999999995 -0.14605100000000007 2.7755575615628914e-17
113 8 16 -0.41642 -0.03612764999999998 -0.38029235000000017 1.3877787807814457e-16
114 9 16 -1.1357 -0.8657088599999997 -0.26999113999999996 -3.3306690738754696e-16
115 10 16 -0.34816 -0.024733399999999996 -0.3234266000000001 9.020562075079397e-17
116 11 16 -0.10832 -0.31359718999999986 0.20527719000000003 -1.6653345369377348e-16
117 12 16 0.41446 0.1946975 0.21976250000000008 -8.326672684688674e-17
118 13 16 0.94423 0.023484500000000012 0.9207455000000003 -3.2612801348363973e-16
119 14 16 0.1646 0.3204127 -0.15581270000000008 1.1102230246251565e-16
120 15 16 -0.81295 0.09311000000000003 -0.9060600000000003 3.3306690738754696e-16
121 1 17 -0.36685 -0.6166786 0.24982860000000004 -1.1102230246251565e-16
122 2 17 -0.026542 0.02135175000000003 -0.04789375000000003 -3.469446951953614e-18
123 3 17 0.1776 -0.534502415 0.7121024150000004 -4.440892098500626e-16
124 4 17 0.062592 -0.011584200000000044 0.0741762 4.163336342344337e-17
125 5 17 0.11145 0.0010361999999999594 0.11041380000000006 -2.7755575615628914e-17
126 6 17 -1.3734 -0.2972216 -1.0761784000000003 3.3306690738754696e-16
127 7 17 -0.14096 -0.391692 0.25073200000000007 -5.551115123125783e-17
128 8 17 0.56338 -0.19338065000000002 0.7567606500000001 -1.3877787807814457e-16
129 9 17 -1.8562 -1.0229618599999997 -0.8332381400000003 0.0
130 10 17 0.35206 -0.18198640000000005 0.5340464000000001 -1.1102230246251565e-16
131 11 17 -0.89438 -0.47085018999999995 -0.4235298100000001 1.1102230246251565e-16
132 12 17 -0.168 0.037444499999999964 -0.20544450000000003 5.551115123125783e-17
133 13 17 -0.95117 -0.1337685 -0.8174015000000002 2.7755575615628914e-16
134 14 17 0.60042 0.16315969999999994 0.43726030000000016 -1.3877787807814457e-16
135 15 17 -0.72429 -0.064143 -0.6601470000000003 2.7755575615628914e-16
136 16 17 0.16269 -0.15725300000000003 0.3199430000000001 -5.551115123125783e-17
137 1 18 -0.03517 -0.4348873499999999 0.3997173500000001 -1.6653345369377348e-16
138 2 18 0.50511 0.20314300000000007 0.30196700000000004 -1.6653345369377348e-16
139 3 18 0.082663 -0.35271116499999994 0.43537416500000004 -1.1102230246251565e-16
140 4 18 0.11009 0.17020704999999997 -0.06011705000000004 5.551115123125783e-17
141 5 18 0.47183 0.18282745 0.28900255000000014 -1.1102230246251565e-16
142 6 18 -0.96353 -0.11543034999999996 -0.8480996500000003 2.7755575615628914e-16
143 7 18 -0.92963 -0.20990074999999997 -0.7197292500000002 2.220446049250313e-16
144 8 18 -0.041158 -0.011589399999999993 -0.029568600000000028 2.0816681711721685e-17
145 9 18 -1.3131 -0.8411706099999997 -0.47192939000000017 -1.1102230246251565e-16
146 10 18 0.53201 -0.00019515000000000504 0.5322051500000002 -2.498001805406602e-16
147 11 18 -0.11327 -0.2890589399999999 0.17578894000000006 -1.6653345369377348e-16
148 12 18 0.29133 0.21923575 0.07209425 -2.7755575615628914e-17
149 13 18 0.88341 0.04802275 0.8353872500000004 -3.3306690738754696e-16
150 14 18 0.41092 0.34495095 0.06596905 0.0
151 15 18 -0.51672 0.11764825000000002 -0.6343682500000001 9.71445146547012e-17
152 16 18 -0.26754 0.02453824999999999 -0.2920782500000001 1.0408340855860843e-16
153 17 18 0.26428 0.18179125000000002 0.08248875000000006 -5.551115123125783e-17
154 1 19 0.014808 -0.23154379999999994 0.24635180000000012 -1.942890293094024e-16
155 2 19 0.24593 0.40648655 -0.16055655000000002 0.0
156 3 19 -0.80048 -0.14936761499999998 -0.6511123850000001 1.3877787807814457e-16
157 4 19 0.60855 0.37355059999999995 0.2349994000000001 0.0
158 5 19 0.58065 0.38617099999999993 0.19447900000000004 0.0
159 6 19 0.34766 0.08791320000000001 0.2597468000000001 -9.71445146547012e-17
160 7 19 0.15476 -0.006557199999999985 0.16131720000000008 -8.326672684688674e-17
161 8 19 0.60719 0.19175414999999998 0.41543585000000016 -1.3877787807814457e-16
162 9 19 0.41318 -0.6378270599999997 1.0510070600000003 -6.661338147750939e-16
163 10 19 0.48196 0.20314839999999995 0.2788116000000002 -1.6653345369377348e-16
164 11 19 -0.39435 -0.08571538999999992 -0.3086346100000001 2.7755575615628914e-17
165 12 19 -0.15992 0.4225793 -0.5824993000000003 2.7755575615628914e-16
166 13 19 0.26054 0.2513663 0.00917369999999999 0.0
167 14 19 -0.57559 0.5482944999999999 -1.1238845000000004 4.440892098500626e-16
168 15 19 0.32309 0.3209918 0.0020981999999999997 0.0
169 16 19 0.15083 0.22788179999999997 -0.07705180000000005 5.551115123125783e-17
170 17 19 0.90743 0.3851348 0.5222952000000002 -2.220446049250313e-16
171 18 19 0.24761 0.20334354999999998 0.04426645 0.0
172 1 20 -0.74907 -0.7337249149999998 -0.015345085000000085 -1.1102230246251565e-16
173 2 20 -0.17812 -0.09569456499999979 -0.08242543500000005 -1.6653345369377348e-16
174 3 20 -0.0059303 -0.6515487299999998 0.6456184300000002 -4.440892098500626e-16
175 4 20 0.34846 -0.12863051499999986 0.47709051500000016 -3.0531133177191805e-16
176 5 20 -0.62878 -0.11601011499999986 -0.5127698850000002 5.551115123125783e-17
177 6 20 0.043958 -0.4142679149999998 0.4582259150000001 -2.7755575615628914e-16
178 7 20 -0.43609 -0.5087383149999998 0.07264831500000005 -2.220446049250313e-16
179 8 20 -1.3275 -0.31042696499999983 -1.0170730350000001 5.551115123125783e-17
180 9 20 -0.8039 -1.1400081749999995 0.3361081750000001 -6.661338147750939e-16
181 10 20 0.18887 -0.29903271499999984 0.4879027150000001 -2.220446049250313e-16
182 11 20 -1.3836 -0.5878965049999998 -0.7957034950000003 1.1102230246251565e-16
183 12 20 -0.20069 -0.07960181499999985 -0.12108818500000003 -1.249000902703301e-16
184 13 20 0.31067 -0.25081481499999986 0.561484815 -1.6653345369377348e-16
185 14 20 -0.083386 0.04611338500000012 -0.12949938500000002 -9.71445146547012e-17
186 15 20 0.24694 -0.18118931499999982 0.4281293150000002 -3.608224830031759e-16
187 16 20 -0.45033 -0.2742993149999999 -0.17603068500000005 -5.551115123125783e-17
188 17 20 -1.3404 -0.11704631499999982 -1.2233536850000004 1.942890293094024e-16
189 18 20 -0.209 -0.29883756499999986 0.08983756500000004 -1.6653345369377348e-16
190 19 20 0.014062 -0.5021811149999998 0.5162431150000002 -3.3306690738754696e-16
