t i j k u[t]=u_ijk
1 1 2 3 -0.014422999999999991
2 1 2 4 0.009743499999999999
3 1 2 5 0.008076999999999997
4 1 2 6 -0.06025599999999999
5 1 2 7 -0.05692300000000001
6 1 2 8 -0.03991
7 1 2 9 -0.018589500000000002
8 1 2 10 -0.04192300000000001
9 1 2 11 0.009615499999999997
10 1 2 12 -0.036923
11 1 2 13 -0.014904000000000002
12 1 2 14 -0.06896845
13 1 2 15 0.002838999999999997
14 1 2 16 -0.018099499999999987
15 1 2 17 -0.0608515
16 1 2 18 -0.034423
17 1 2 19 -0.01682205
18 1 2 20 -0.017101500000000002
19 1 3 4 0.004166500000000011
20 1 3 5 0.0020454500000000003
21 1 3 6 0.020833499999999998
22 1 3 7 0.01022749999999999
23 1 3 8 0.0039775
24 1 3 9 0.0024999999999999996
25 1 3 10 -0.03295455
26 1 3 11 0.032372000000000005
27 1 3 12 -0.02249999999999999
28 1 3 13 0.0062499999999999995
29 1 3 14 -0.027045450000000002
30 1 3 15 0.029167
31 1 3 16 0.017752
32 1 3 17 -0.011201
33 1 3 18 -0.007500000000000001
34 1 3 19 -0.013510049999999997
35 1 3 20 0.01875000000000001
36 1 4 5 -0.015000000000000001
37 1 4 6 -0.083333
38 1 4 7 -0.05833300000000001
39 1 4 8 0.006061000000000011
40 1 4 9 0.020833499999999998
41 1 4 10 -0.0488095
42 1 4 11 -0.0017946500000000005
43 1 4 12 -0.03222200000000001
44 1 4 13 -0.005416500000000002
45 1 4 14 -0.004545450000000001
46 1 4 15 5.000000000005e-7
47 1 4 16 -0.0245095
48 1 4 17 -0.050595
49 1 4 18 -0.0241665
50 1 4 19 -0.01767655
51 1 4 20 -0.016666499999999997
52 1 5 6 -0.001666500000000004
53 1 5 7 -0.0028570000000000123
54 1 5 8 -0.0009089999999999987
55 1 5 9 0.0094445
56 1 5 10 -0.040555499999999994
57 1 5 11 -0.002307650000000001
58 1 5 12 -0.01999999999999999
59 1 5 13 0.0020189999999999987
60 1 5 14 -0.02010095
61 1 5 15 -0.0016664999999999887
62 1 5 16 -0.017843
63 1 5 17 -0.03142849999999999
64 1 5 18 0.03
65 1 5 19 0.00010094999999999965
66 1 5 20 0.008749999999999999
67 1 6 7 -0.010256500000000012
68 1 6 8 0.0278555
69 1 6 9 0.0291665
70 1 6 10 0.0316665
71 1 6 11 0.05820499999999999
72 1 6 12 -0.021111500000000002
73 1 6 13 0.0416665
74 1 6 14 0.01212105000000001
75 1 6 15 -0.009615499999999997
76 1 6 16 0.018347000000000002
77 1 6 17 0.015238
78 1 6 18 0.035128
79 1 6 19 0.03121195
80 1 6 20 0.04407035
81 1 7 8 0.022727500000000022
82 1 7 9 0.03500000000000001
83 1 7 10 -0.021153849999999988
84 1 7 11 1.1102230246251564e-17
85 1 7 12 0.01058800000000001
86 1 7 13 0.037500000000000006
87 1 7 14 1.1102230246251564e-17
88 1 7 15 1.1102230246251564e-17
89 1 7 16 0.01336895000000001
90 1 7 17 -0.004761999999999988
91 1 7 18 0.013333500000000009
92 1 7 19 -0.012121049999999989
93 1 7 20 0.035795450000000006
94 1 8 9 0.012272499999999999
95 1 8 10 -0.04318205
96 1 8 11 -0.01573445
97 1 8 12 -0.04106099999999999
98 1 8 13 -0.005763000000000001
99 1 8 14 -0.01573445
100 1 8 15 0.0022724999999999993
101 1 8 16 0.0088235
102 1 8 17 -0.066378
103 1 8 18 0.014415499999999998
104 1 8 19 -0.03068205
105 1 8 20 0.034992999999999996
106 1 9 10 -0.04999999999999998
107 1 9 11 -0.038461499999999996
108 1 9 12 -0.062778
109 1 9 13 0.01875
110 1 9 14 -0.009545449999999999
111 1 9 15 -0.0358975
112 1 9 16 0.0088235
113 1 9 17 -0.051983999999999995
114 1 9 18 0.032778
115 1 9 19 -0.0237879
116 1 9 20 0.006250000000000012
117 1 10 11 0.022902000000000002
118 1 10 12 -0.006428500000000001
119 1 10 13 0.049107
120 1 10 14 0.00795455
121 1 10 15 0.010605999999999997
122 1 10 16 0.017157
123 1 10 17 0.0135715
124 1 10 18 0.041363500000000004
125 1 10 19 0.01954545
126 1 10 20 0.0205355
127 1 11 12 -0.0286815
128 1 11 13 0.019711500000000007
129 1 11 14 0.003916050000000002
130 1 11 15 0.013461500000000001
131 1 11 16 0.0018304499999999995
132 1 11 17 -0.03681315
133 1 11 18 0.02230765
134 1 11 19 -0.01413605
135 1 11 20 0.019711500000000007
136 1 12 13 0.07125
137 1 12 14 0.005454550000000011
138 1 12 15 -0.0030949999999999975
139 1 12 16 0.0466015
140 1 12 17 0.005238000000000001
141 1 12 18 0.060000000000000005
142 1 12 19 0.042323450000000006
143 1 12 20 0.048393
144 1 13 14 -0.01579545
145 1 13 15 -0.0062499999999999995
146 1 13 16 -0.027982
147 1 13 17 -0.0026785000000000055
148 1 13 18 -0.00124999999999999
149 1 13 19 -0.01420455
150 1 13 20 0.0357145
151 1 14 15 0.032878950000000004
152 1 14 16 0.03836895
153 1 14 17 -0.03354955
154 1 14 18 0.017878949999999998
155 1 14 19 0.0368689
156 1 14 20 0.035795450000000006
157 1 15 16 0.0004900000000000099
158 1 15 17 -0.039762
159 1 15 18 -0.0033335
160 1 15 19 -0.02045455
161 1 15 20 0.0202849
162 1 16 17 -0.017752
163 1 16 18 0.00754
164 1 16 19 0.00822195
165 1 16 20 0.052426499999999994
166 1 17 18 0.0321975
167 1 17 19 0.01764045
168 1 17 20 0.066315
169 1 18 19 -0.05323255
170 1 18 20 -0.017499999999999998
171 1 19 20 0.030550699999999997
172 2 3 4 -0.01999999999999998
173 2 3 5 -0.020454549999999985
174 2 3 6 0.0666665
175 2 3 7 0.05272750000000002
176 2 3 8 0.029464500000000008
177 2 3 9 0.006666500000000011
178 2 3 10 -0.0054545499999999894
179 2 3 11 0.00833350000000001
180 2 3 12 1.1102230246251564e-17
181 2 3 13 0.006731000000000011
182 2 3 14 0.02750000000000001
183 2 3 15 0.01190500000000001
184 2 3 16 0.0214285
185 2 3 17 0.03522750000000001
186 2 3 18 0.01250000000000001
187 2 3 19 -0.011110999999999987
188 2 3 20 0.021428500000000024
189 2 4 5 -0.013333499999999998
190 2 4 6 -0.013333499999999998
191 2 4 7 0.008333499999999999
192 2 4 8 0.05571450000000001
193 2 4 9 0.0491665
194 2 4 10 0.002857000000000001
195 2 4 11 -0.0016666499999999987
196 2 4 12 0.01444449999999999
197 2 4 13 0.019231
198 2 4 14 0.0741665
199 2 4 15 0.006905000000000001
200 2 4 16 0.003333499999999989
201 2 4 17 0.02
202 2 4 18 0.019999999999999997
203 2 4 19 0.008889000000000003
204 2 4 20 0.0101785
205 2 5 6 0.0666665
206 2 5 7 0.062143000000000004
207 2 5 8 0.04707800000000001
208 2 5 9 0.036111
209 2 5 10 0.0094445
210 2 5 11 -0.0038461500000000004
211 2 5 12 0.024999999999999998
212 2 5 13 0.024999999999999994
213 2 5 14 0.056944499999999995
214 2 5 15 0.0035715000000000104
215 2 5 16 0.008333499999999988
216 2 5 17 0.037500000000000006
217 2 5 18 0.0725
218 2 5 19 0.024999999999999998
219 2 5 20 0.0339285
220 2 6 7 -0.013589500000000004
221 2 6 8 0.007509499999999998
222 2 6 9 -0.012499999999999999
223 2 6 10 0.013333499999999998
224 2 6 11 -0.011666500000000002
225 2 6 12 -0.04444450000000001
226 2 6 13 -0.0036854999999999995
227 2 6 14 0.020833500000000008
228 2 6 15 -0.0727105
229 2 6 16 -0.023809500000000008
230 2 6 17 0.0158335
231 2 6 18 0.009294999999999998
232 2 6 19 -0.012222
233 2 6 20 0.0009158499999999993
234 2 7 8 0.005714500000000011
235 2 7 9 -0.0033334999999999975
236 2 7 10 -0.03615385
237 2 7 11 -0.0665385
238 2 7 12 -0.009412000000000009
239 2 7 13 -0.004518999999999998
240 2 7 14 0.012045450000000003
241 2 7 15 -0.059762
242 2 7 16 -0.025454550000000006
243 2 7 17 -0.0008334999999999981
244 2 7 18 -0.0091665
245 2 7 19 -0.052222
246 2 7 20 -0.004026049999999998
247 2 8 9 -0.009047999999999997
248 2 8 10 -0.04116905
249 2 8 11 -0.06525995
250 2 8 12 -0.044048000000000004
251 2 8 13 -0.030769
252 2 8 14 0.013324
253 2 8 15 -0.0404765
254 2 8 16 -0.012987000000000009
255 2 8 17 -0.045436500000000005
256 2 8 18 0.008928499999999999
257 2 8 19 -0.053770000000000005
258 2 8 20 0.012184500000000004
259 2 9 10 -0.026666499999999992
260 2 9 11 -0.0666665
261 2 9 12 -0.04444450000000001
262 2 9 13 0.0150645
263 2 9 14 0.0408335
264 2 9 15 -0.057325999999999995
265 2 9 16 0.008333499999999988
266 2 9 17 -0.009722
267 2 9 18 0.0486115
268 2 9 19 -0.025555349999999998
269 2 9 20 0.00476200000000001
270 2 10 11 -0.0286365
271 2 10 12 -0.01142850000000001
272 2 10 13 0.022088000000000003
273 2 10 14 0.034999999999999996
274 2 10 15 -0.034156
275 2 10 16 -0.006666500000000011
276 2 10 17 0.032499999999999994
277 2 10 18 0.0338635
278 2 10 19 -0.0055555000000000005
279 2 10 20 -0.0042859999999999955
280 2 11 12 0.017856999999999987
281 2 11 13 0.044231000000000006
282 2 11 14 0.08249999999999999
283 2 11 15 0.020238
284 2 11 16 0.029545449999999987
285 2 11 17 0.033653850000000006
286 2 11 18 0.06634615
287 2 11 19 0.012301500000000002
288 2 11 20 0.04642850000000001
289 2 12 13 0.04923100000000001
290 2 12 14 0.03750000000000002
291 2 12 15 -0.042856999999999985
292 2 12 16 0.027778
293 2 12 17 0.029166500000000012
294 2 12 18 0.057500000000000016
295 2 12 19 0.022222500000000013
296 2 12 20 0.02857150000000001
297 2 13 14 0.038269
298 2 13 15 -0.023993
299 2 13 16 -0.024786500000000013
300 2 13 17 0.043269
301 2 13 18 0.018269000000000007
302 2 13 19 -0.0122865
303 2 13 20 0.037912
304 2 14 15 -0.038928500000000005
305 2 14 16 -0.01250000000000001
306 2 14 17 -0.0416665
307 2 14 18 -0.016666499999999997
308 2 14 19 -0.0152775
309 2 14 20 -0.01607149999999999
310 2 15 16 0.0214285
311 2 15 17 0.0239285
312 2 15 18 0.03392850000000001
313 2 15 19 -0.0007934999999999997
314 2 15 20 0.0402254
315 2 16 17 0.02500000000000001
316 2 16 18 0.023863500000000013
317 2 16 19 0.006944500000000011
318 2 16 20 0.05142850000000001
319 2 17 18 0.005768999999999999
320 2 17 19 -0.026389
321 2 17 20 0.022564999999999998
322 2 18 19 -0.07083350000000001
323 2 18 20 -0.0348215
324 2 19 20 0.03083015
325 3 4 5 -0.012878949999999988
326 3 4 6 -0.09999999999999998
327 3 4 7 -0.06439399999999999
328 3 4 8 0.006250000000000022
329 3 4 9 0.022500000000000013
330 3 4 10 -0.011688449999999987
331 3 4 11 -0.030000149999999986
332 3 4 12 -0.0055555000000000005
333 3 4 13 -0.00749999999999999
334 3 4 14 0.026666500000000013
335 3 4 15 -0.024999999999999988
336 3 4 16 -0.03809499999999998
337 3 4 17 -0.03522749999999999
338 3 4 18 -0.012499999999999989
339 3 4 19 1.1102230246251564e-17
340 3 4 20 -0.031249999999999997
341 3 5 6 -0.02045455
342 3 5 7 -0.01103905
343 3 5 8 -0.0028410499999999977
344 3 5 9 0.008989950000000002
345 3 5 10 -0.0055555000000000005
346 3 5 11 -0.032634199999999995
347 3 5 12 0.00454545
348 3 5 13 -0.0021855499999999996
349 3 5 14 0.008989950000000002
350 3 5 15 -0.028788049999999985
351 3 5 16 -0.03354955
352 3 5 17 -0.018182049999999988
353 3 5 18 0.03954545
354 3 5 19 0.01565645
355 3 5 20 -0.00795455000000001
356 3 6 7 0.000349499999999997
357 3 6 8 0.044711499999999994
358 3 6 9 0.047499999999999994
359 3 6 10 0.08545454999999999
360 3 6 11 0.0466665
361 3 6 12 0.02222199999999999
362 3 6 13 0.056249999999999994
363 3 6 14 0.060000000000000005
364 3 6 15 -0.017949
365 3 6 16 0.0214285
366 3 6 17 0.0472725
367 3 6 18 0.0634615
368 3 6 19 0.0655555
369 3 6 20 0.04615384999999999
370 3 7 8 0.02897750000000001
371 3 7 9 0.042727499999999995
372 3 7 10 0.022028199999999998
373 3 7 11 -0.0221445
374 3 7 12 0.04331549999999999
375 3 7 13 0.0414775
376 3 7 14 0.03727294999999999
377 3 7 15 -0.018939499999999998
378 3 7 16 0.00584445
379 3 7 17 0.016666499999999997
380 3 7 18 0.031061
381 3 7 19 0.011616500000000002
382 3 7 20 0.027272949999999987
383 3 8 9 0.01375
384 3 8 10 -0.0062499999999999995
385 3 8 11 -0.04412895
386 3 8 12 -0.01458350000000001
387 3 8 13 -0.008035500000000001
388 3 8 14 0.015288499999999998
389 3 8 15 -0.022916999999999996
390 3 8 16 -0.004951
391 3 8 17 -0.051199499999999995
392 3 8 18 0.025893
393 3 8 19 -0.0131945
394 3 8 20 0.020220499999999992
395 3 9 10 -0.01454544999999999
396 3 9 11 -0.0683335
397 3 9 12 -0.03777800000000001
398 3 9 13 0.015
399 3 9 14 0.02
400 3 9 15 -0.0625645
401 3 9 16 -0.006428500000000004
402 3 9 17 -0.038283
403 3 9 18 0.042778000000000004
404 3 9 19 -0.007777849999999999
405 3 9 20 -0.01
406 3 10 11 -0.04242455
407 3 10 12 -0.01688305000000001
408 3 10 13 0.00990245
409 3 10 14 0.002045450000000001
410 3 10 15 -0.05151554999999999
411 3 10 16 -0.03354955
412 3 10 17 -0.00818205
413 3 10 18 0.01590895
414 3 10 19 0.00010094999999999965
415 3 10 20 -0.031169050000000007
416 3 11 12 0.026190499999999988
417 3 11 13 0.04583350000000001
418 3 11 14 0.0633335
419 3 11 15 0.016666499999999997
420 3 11 16 0.01645045
421 3 11 17 0.006759849999999998
422 3 11 18 0.062179649999999996
423 3 11 19 0.031746
424 3 11 20 0.0333335
425 3 12 13 0.04250000000000001
426 3 12 14 0.010000000000000023
427 3 12 15 -0.054761999999999984
428 3 12 16 0.006349500000000013
429 3 12 17 -0.006060999999999988
430 3 12 18 0.04500000000000001
431 3 12 19 0.033333500000000016
432 3 12 20 0.007142999999999999
433 3 13 14 0.0175
434 3 13 15 -0.029167
435 3 13 16 -0.039484
436 3 13 17 0.0147725
437 3 13 18 0.01250000000000001
438 3 13 19 0.0055555
439 3 13 20 0.02321449999999999
440 3 14 15 -0.0233335
441 3 14 16 -0.006428500000000004
442 3 14 17 -0.04939399999999999
443 3 14 18 -0.0016665000000000013
444 3 14 19 0.0233335
445 3 14 20 -0.01
446 3 15 16 0.01190500000000001
447 3 15 17 0.0006059999999999983
448 3 15 18 0.033333499999999995
449 3 15 19 0.0222225
450 3 15 20 0.030701899999999987
451 3 16 17 0.011201
452 3 16 18 0.032791999999999995
453 3 16 19 0.039484
454 3 16 20 0.05142849999999999
455 3 17 18 0.028496500000000004
456 3 17 19 0.019949500000000002
457 3 17 20 0.03636399999999999
458 3 18 19 -0.0472225
459 3 18 20 -0.043750000000000004
460 3 19 20 -0.001709350000000011
461 4 5 6 0.0666665
462 4 5 7 0.040476
463 4 5 8 -0.02197000000000001
464 4 5 9 -0.026389
465 4 5 10 -0.006746000000000002
466 4 5 11 -0.015513
467 4 5 12 -0.0027779999999999897
468 4 5 13 -0.0075645
469 4 5 14 -0.030555500000000003
470 4 5 15 -0.01666699999999999
471 4 5 16 -0.0083335
472 4 5 17 0.00416650000000001
473 4 5 18 0.0391665
474 4 5 19 0.002777499999999999
475 4 5 20 0.0104165
476 4 6 7 -0.035256499999999996
477 4 6 8 -0.06153850000000001
478 4 6 9 -0.075
479 4 6 10 -0.002856999999999998
480 4 6 11 -0.023333350000000003
481 4 6 12 -0.0722225
482 4 6 13 -0.03625
483 4 6 14 -0.0666665
484 4 6 15 -0.092949
485 4 6 16 -0.0404765
486 4 6 17 -0.017499999999999998
487 4 6 18 -0.0240385
488 4 6 19 -0.034444499999999996
489 4 6 20 -0.022596150000000002
490 4 7 8 -0.0416665
491 4 7 9 -0.044166500000000004
492 4 7 10 -0.03067735
493 4 7 11 -0.05653835
494 4 7 12 -0.015522999999999999
495 4 7 13 -0.0154165
496 4 7 14 -0.05378755
497 4 7 15 -0.0583335
498 4 7 16 -0.02045455
499 4 7 17 -0.012499999999999999
500 4 7 18 -0.020833
501 4 7 19 -0.0527775
502 4 7 20 -0.00587105
503 4 8 9 -0.0024999999999999883
504 4 8 10 0.011688450000000012
505 4 8 11 -0.007878799999999988
506 4 8 12 -0.0027779999999999897
507 4 8 13 0.005714500000000011
508 4 8 14 -0.005127999999999989
509 4 8 15 0.00833300000000001
510 4 8 16 0.03939400000000001
511 4 8 17 -0.00972199999999999
512 4 8 18 0.04464300000000001
513 4 8 19 -0.00694449999999999
514 4 8 20 0.057720500000000015
515 4 9 10 0.019643000000000008
516 4 9 11 -0.01583335
517 4 9 12 -0.009722500000000004
518 4 9 13 0.045000000000000005
519 4 9 14 0.0158335
520 4 9 15 -0.015064500000000002
521 4 9 16 0.054166500000000006
522 4 9 17 0.0194445
523 4 9 18 0.077778
524 4 9 19 0.01472215
525 4 9 20 0.043750000000000004
526 4 10 11 -0.024112849999999998
527 4 10 12 -0.023016
528 4 10 13 0.005714000000000002
529 4 10 14 -0.0363095
530 4 10 15 -0.038203999999999995
531 4 10 16 -0.007142999999999999
532 4 10 17 0.015357
533 4 10 18 0.016720500000000003
534 4 10 19 -0.0115875
535 4 10 20 -0.011607499999999998
536 4 11 12 0.0017458500000000015
537 4 11 13 0.023333350000000013
538 4 11 14 0.006666850000000001
539 4 11 15 0.011666349999999999
540 4 11 16 0.0245453
541 4 11 17 0.0119872
542 4 11 18 0.044679500000000004
543 4 11 19 0.0017458500000000015
544 4 11 20 0.03458335000000001
545 4 12 13 0.0444445
546 4 12 14 -0.02222199999999999
547 4 12 15 -0.0353175
548 4 12 16 0.03888900000000001
549 4 12 17 0.023611
550 4 12 18 0.05194449999999999
551 4 12 19 0.027778
552 4 12 20 0.0328375
553 4 13 14 -0.016666499999999997
554 4 13 15 -0.011666999999999999
555 4 13 16 -0.008889
556 4 13 17 0.042499999999999996
557 4 13 18 0.01750000000000001
558 4 13 19 -0.0019445000000000018
559 4 13 20 0.04696449999999999
560 4 14 15 0.028333
561 4 14 16 0.058333
562 4 14 17 0.012499999999999999
563 4 14 18 0.037500000000000006
564 4 14 19 0.049999999999999996
565 4 14 20 0.04791650000000001
566 4 15 16 0.02500000000000001
567 4 15 17 0.010833499999999998
568 4 15 18 0.020833499999999998
569 4 15 19 -0.002777499999999999
570 4 15 20 0.036951899999999996
571 4 16 17 0.008333499999999999
572 4 16 18 0.007197
573 4 16 19 0.0013889999999999985
574 4 16 20 0.04458349999999999
575 4 17 18 0.005768999999999999
576 4 17 19 -0.015278000000000002
577 4 17 20 0.03238649999999999
578 4 18 19 -0.0597225
579 4 18 20 -0.024999999999999998
580 4 19 20 0.029540649999999995
581 5 6 7 -0.009066000000000001
582 5 6 8 0.027097999999999994
583 5 6 9 0.0180555
584 5 6 10 0.0705555
585 5 6 11 0.05884614999999999
586 5 6 12 -0.002778000000000014
587 5 6 13 0.037981
588 5 6 14 0.030555500000000013
589 5 6 15 -0.009615500000000011
590 5 6 16 0.0345235
591 5 6 17 0.044999999999999984
592 5 6 18 0.003461499999999999
593 5 6 19 0.029444500000000002
594 5 6 20 0.033653850000000006
595 5 7 8 0.02077950000000001
596 5 7 9 0.022698499999999996
597 5 7 10 0.01654465
598 5 7 11 -0.0005493499999999999
599 5 7 12 0.02773099999999999
600 5 7 13 0.032624
601 5 7 14 0.017243949999999997
602 5 7 15 -0.0011905000000000123
603 5 7 16 0.02835495
604 5 7 17 0.023809499999999987
605 5 7 18 -0.019523500000000003
606 5 7 19 -0.015079
607 5 7 20 0.02418845
608 5 8 9 0.0019190000000000012
609 5 8 10 -0.0035355499999999993
610 5 8 11 -0.014335799999999998
611 5 8 12 -0.02197000000000001
612 5 8 13 -0.008690999999999999
613 5 8 14 0.003457500000000001
614 5 8 15 0.003029999999999991
615 5 8 16 0.0257575
616 5 8 17 -0.03585850000000001
617 5 8 18 -0.016493499999999998
618 5 8 19 -0.031692
619 5 8 20 0.025334
620 5 9 10 1.1102230246251564e-17
621 5 9 11 -0.026709349999999996
622 5 9 12 -0.033333500000000016
623 5 9 13 0.0261755
624 5 9 14 0.02
625 5 9 15 -0.024786500000000013
626 5 9 16 0.036111
627 5 9 17 -0.011111000000000011
628 5 9 18 0.012222500000000002
629 5 9 19 -0.01444435
630 5 9 20 0.006944500000000011
631 5 10 11 -0.01534585
632 5 10 12 -0.026984000000000015
633 5 10 13 0.006532500000000002
634 5 10 14 -0.012499999999999999
635 5 10 15 -0.028283000000000013
636 5 10 16 -0.0055555
637 5 10 17 0.004444499999999989
638 5 10 18 -0.029191999999999996
639 5 10 19 -0.021111
640 5 10 20 -0.028769999999999993
641 5 11 12 -0.010989150000000012
642 5 11 13 0.01538485000000001
643 5 11 14 0.02170935
644 5 11 15 0.012820349999999989
645 5 11 16 0.0173658
646 5 11 17 -0.007692300000000011
647 5 11 18 -0.01
648 5 11 19 -0.01654465
649 5 11 20 0.00865385000000001
650 5 12 13 0.04923100000000001
651 5 12 14 0.005555500000000022
652 5 12 15 -0.0214285
653 5 12 16 0.04444450000000001
654 5 12 17 0.016666499999999997
655 5 12 18 0.010000000000000012
656 5 12 19 0.022222500000000013
657 5 12 20 0.019643000000000008
658 5 13 14 0.006324499999999999
659 5 13 15 -0.002564500000000011
660 5 13 16 -0.008119999999999999
661 5 13 17 0.030768999999999987
662 5 13 18 -0.02923099999999999
663 5 13 19 -0.0122865
664 5 13 20 0.028983499999999995
665 5 14 15 0.01444449999999999
666 5 14 16 0.036111
667 5 14 17 -0.022222000000000013
668 5 14 18 -0.032222
669 5 14 19 0.016667000000000005
670 5 14 20 0.006944500000000011
671 5 15 16 0.016666500000000025
672 5 15 17 -0.01
673 5 15 18 -0.03499999999999999
674 5 15 19 -0.02222199999999999
675 5 15 20 0.009868400000000012
676 5 16 17 -0.004166500000000011
677 5 16 18 -0.040303
678 5 16 19 -0.009722
679 5 16 20 0.0258335
680 5 17 18 -0.02923099999999999
681 5 17 19 -0.01388899999999999
682 5 17 20 0.026136500000000007
683 5 18 19 -0.0233335
684 5 18 20 0.0037500000000000003
685 5 19 20 0.02190165
686 6 7 8 -0.015384499999999988
687 6 7 9 -0.004423000000000002
688 6 7 10 -0.06307684999999999
689 6 7 11 -0.0684615
690 6 7 12 0.021443
691 6 7 13 -0.014423000000000002
692 6 7 14 -0.02237755000000001
693 6 7 15 -0.000641000000000004
694 6 7 16 -0.015234550000000001
695 6 7 17 -0.030256500000000002
696 6 7 18 -0.032051
697 6 7 19 -0.0535895
698 6 7 20 -0.0185314
699 6 8 9 0.010961499999999999
700 6 8 10 -0.046993049999999995
701 6 8 11 -0.04608395
702 6 8 12 0.007906
703 6 8 13 -0.019574
704 6 8 14 -1.1102230246251564e-17
705 6 8 15 0.039743499999999994
706 6 8 16 0.018331999999999998
707 6 8 17 -0.0537605
708 6 8 18 0.007142999999999999
709 6 8 19 -0.0340385
710 6 8 20 0.01877815
711 6 9 10 -0.05249999999999999
712 6 9 11 -0.0675
713 6 9 12 -0.012499999999999999
714 6 9 13 0.0062499999999999995
715 6 9 14 0.00749999999999999
716 6 9 15 0.002884499999999998
717 6 9 16 0.019642999999999997
718 6 9 17 -0.0380555
719 6 9 18 0.026816500000000004
720 6 9 19 -0.02583335
721 6 9 20 -0.008653849999999987
722 6 10 11 -0.003636499999999995
723 6 10 12 0.0463495
724 6 10 13 0.039107
725 6 10 14 0.02749999999999999
726 6 10 15 0.051888
727 6 10 16 0.0304765
728 6 10 17 0.030000000000000002
729 6 10 18 0.037902
730 6 10 19 0.020000000000000004
731 6 10 20 0.00813165
732 6 11 12 0.05063499999999999
733 6 11 13 0.03625000000000001
734 6 11 14 0.04999999999999998
735 6 11 15 0.08128200000000001
736 6 11 16 0.041688449999999995
737 6 11 17 0.006153849999999998
738 6 11 18 0.04538465
739 6 11 19 0.012856999999999999
740 6 11 20 0.033846150000000005
741 6 12 13 0.008471999999999995
742 6 12 14 -0.027778
743 6 12 15 -0.014591000000000003
744 6 12 16 0.007142999999999999
745 6 12 17 -0.0311115
746 6 12 18 0.0037604999999999995
747 6 12 19 -0.009999999999999998
748 6 12 20 -0.01678885
749 6 13 14 0.01374999999999999
750 6 13 15 0.045031999999999996
751 6 13 16 -0.0046625
752 6 13 17 0.023749999999999997
753 6 13 18 0.005288500000000011
754 6 13 19 -0.0037500000000000003
755 6 13 20 0.03331065
756 6 14 15 0.05461550000000002
757 6 14 16 0.032143000000000005
758 6 14 17 -0.03666649999999999
759 6 14 18 -0.005127999999999989
760 6 14 19 0.017778000000000013
761 6 14 20 0.0038461500000000226
762 6 15 16 -0.027472499999999987
763 6 15 17 -0.06461549999999999
764 6 15 18 -0.048077
765 6 15 19 -0.06128199999999999
766 6 15 20 -0.03340095
767 6 16 17 -0.014643
768 6 16 18 -0.009240999999999997
769 6 16 19 -0.0046429999999999996
770 6 16 20 0.02670315
771 6 17 18 0.0123075
772 6 17 19 0.0016664999999999998
773 6 17 20 0.03748265
774 6 18 19 -0.0493165
775 6 18 20 -0.026442350000000003
776 6 19 20 0.0176923
777 7 8 9 1.1102230246251564e-17
778 7 8 10 0.0006993000000000111
779 7 8 11 0.006993050000000011
780 7 8 12 -0.02892149999999999
781 7 8 13 -0.020535499999999988
782 7 8 14 0.006993050000000011
783 7 8 15 0.02500000000000001
784 7 8 16 0.018182050000000012
785 7 8 17 -0.03888849999999999
786 7 8 18 0.023809500000000008
787 7 8 19 0.004166500000000011
788 7 8 20 0.021925050000000012
789 7 9 10 0.006153850000000011
790 7 9 11 -0.0034615000000000006
791 7 9 12 -0.038366
792 7 9 13 0.016249999999999997
793 7 9 14 0.025454550000000003
794 7 9 15 -0.0008974999999999982
795 7 9 16 0.03045455
796 7 9 17 -0.012222
797 7 9 18 0.0544445
798 7 9 19 0.023333150000000004
799 7 9 20 0.005454550000000011
800 7 10 11 0.001748150000000001
801 7 10 12 -0.03817035
802 7 10 13 -0.009546849999999997
803 7 10 14 -0.013199299999999999
804 7 10 15 -0.01054785
805 7 10 16 -0.0173658
806 7 10 17 -0.002820349999999999
807 7 10 18 0.006876150000000004
808 7 10 19 0.01051265
809 7 10 20 -0.036413799999999996
810 7 11 12 -0.0392695
811 7 11 13 -0.01778849999999999
812 7 11 14 0.003916050000000002
813 7 11 15 0.013461500000000001
814 7 11 16 -0.011538499999999998
815 7 11 17 -0.03205115
816 7 11 18 0.00897415
817 7 11 19 -0.0020149999999999986
818 7 11 20 -0.016083949999999986
819 7 12 13 0.044337999999999995
820 7 12 14 0.01604255000000001
821 7 12 15 0.007493
822 7 12 16 0.04382055
823 7 12 17 0.020588000000000002
824 7 12 18 0.05725450000000001
825 7 12 19 0.0650325
826 7 12 20 0.02318555
827 7 13 14 0.02170455
828 7 13 15 0.031249999999999997
829 7 13 16 -0.00385095
830 7 13 17 0.0395835
831 7 13 18 0.022916500000000013
832 7 13 19 0.035416500000000004
833 7 13 20 0.03741905
834 7 14 15 0.032878950000000004
835 7 14 16 0.024999999999999998
836 7 14 17 -0.02878755
837 7 14 18 0.004545450000000001
838 7 14 19 0.048989950000000004
839 7 14 20 1.1102230246251564e-17
840 7 15 16 -0.012878949999999988
841 7 15 17 -0.034999999999999996
842 7 15 18 -0.016666999999999998
843 7 15 19 -0.0083335
844 7 15 20 -0.01551055
845 7 16 17 0.00037895000000000013
846 7 16 18 0.007575450000000003
847 7 16 19 0.033711950000000004
848 7 16 20 0.03
849 7 17 18 0.014102
850 7 17 19 0.0249995
851 7 17 20 0.025757549999999994
852 7 18 19 -0.027778
853 7 18 20 -0.03996195
854 7 19 20 -0.0173658
855 8 9 10 0.005454550000000011
856 8 9 11 -0.010454549999999998
857 8 9 12 -0.0094445
858 8 9 13 0.036785500000000006
859 8 9 14 0.018461500000000002
860 8 9 15 -0.025897499999999997
861 8 9 16 0.012272499999999999
862 8 9 17 0.0266665
863 8 9 18 0.030635000000000003
864 8 9 19 0.01916665
865 8 9 20 -0.01647049999999999
866 8 10 11 -0.004545599999999999
867 8 10 12 -0.00854955
868 8 10 13 0.011687950000000003
869 8 10 14 -0.01949305
870 8 10 15 -0.03484855
871 8 10 16 -0.03484855
872 8 10 17 0.03676745
873 8 10 18 -0.016234049999999996
874 8 10 19 0.00704545
875 8 10 20 -0.057639550000000005
876 8 11 12 -0.003354949999999999
877 8 11 13 0.00974005000000001
878 8 11 14 0.003916050000000002
879 8 11 15 -0.004545450000000001
880 8 11 16 -0.0227275
881 8 11 17 0.013830399999999998
882 8 11 18 -0.007842299999999998
883 8 11 19 0.0008115499999999997
884 8 11 20 -0.031015949999999994
885 8 12 13 0.035952
886 8 12 14 -0.019871999999999987
887 8 12 15 -0.0464285
888 8 12 16 -0.003282999999999997
889 8 12 17 0.030555
890 8 12 18 0.004523500000000003
891 8 12 19 0.0319445
892 8 12 20 -0.027661
893 8 13 14 -0.005824000000000002
894 8 13 15 -0.014285500000000001
895 8 13 16 -0.0425685
896 8 13 17 0.0579365
897 8 13 18 -0.021428499999999986
898 8 13 19 0.010714499999999998
899 8 13 20 -0.005041500000000004
900 8 14 15 0.014872000000000002
901 8 14 16 0.013811
902 8 14 17 0.017093999999999995
903 8 14 18 -0.012270999999999999
904 8 14 19 0.051816499999999995
905 8 14 20 -0.01493199999999999
906 8 15 16 -0.006060999999999988
907 8 15 17 0.028888500000000004
908 8 15 18 -0.015476499999999999
909 8 15 19 0.012499999999999999
910 8 15 20 -0.012435600000000002
911 8 16 17 0.057449499999999994
912 8 16 18 0.0019480000000000025
913 8 16 19 0.0477275
914 8 16 20 0.026256999999999996
915 8 17 18 -0.04859599999999999
916 8 17 19 -0.0180555
917 8 17 20 -0.035056000000000004
918 8 18 19 -0.008135000000000003
919 8 18 20 -0.0380775
920 8 19 20 -0.03512435
921 9 10 11 0.01136350000000001
922 9 10 12 0.006349500000000013
923 9 10 13 -0.019642999999999987
924 9 10 14 -0.03249999999999999
925 9 10 15 -0.0034964999999999883
926 9 10 16 -0.04166649999999999
927 9 10 17 0.01555550000000001
928 9 10 18 -0.041414499999999986
929 9 10 19 -0.006666649999999989
930 9 10 20 -0.0357145
931 9 11 12 -0.0043649999999999965
932 9 11 13 -0.037499999999999985
933 9 11 14 -0.024999999999999998
934 9 11 15 0.010897500000000001
935 9 11 16 -0.045454549999999996
936 9 11 17 -0.023290650000000003
937 9 11 18 -0.048931850000000006
938 9 11 19 -0.028809649999999996
939 9 11 20 -0.024999999999999998
940 9 12 13 -0.010278000000000004
941 9 12 14 -0.04777799999999999
942 9 12 15 -0.0299755
943 9 12 16 -0.024999999999999998
944 9 12 17 -0.005556000000000002
945 9 12 18 -0.035556000000000004
946 9 12 19 0.0033333500000000014
947 9 12 20 -0.020635000000000014
948 9 13 14 0.012499999999999999
949 9 13 15 0.048397499999999996
950 9 13 16 -0.0180555
951 9 13 17 0.0680555
952 9 13 18 -0.015277999999999991
953 9 13 19 0.02833335
954 9 13 20 0.04821449999999999
955 9 14 15 0.059231000000000006
956 9 14 16 0.02
957 9 14 17 0.008889000000000003
958 9 14 18 -0.0244445
959 9 14 19 0.05111135
960 9 14 20 0.02
961 9 15 16 -0.044230999999999986
962 9 15 17 -0.023675500000000002
963 9 15 18 -0.07200899999999999
964 9 15 19 -0.03256415
965 9 15 20 -0.02186260000000001
966 9 16 17 0.043055500000000003
967 9 16 18 -0.016414500000000002
968 9 16 19 0.040833350000000004
969 9 16 20 0.05499999999999998
970 9 17 18 -0.0525645
971 9 17 19 -0.01055565
972 9 17 20 0.008080999999999987
973 9 18 19 0.0033333500000000014
974 9 18 20 0.009027999999999993
975 9 19 20 0.0005127999999999889
976 10 11 12 0.0006490000000000023
977 10 11 13 -0.006493499999999988
978 10 11 14 0.018863500000000002
979 10 11 15 0.0257575
980 10 11 16 0.007575450000000003
981 10 11 17 -0.027482649999999994
982 10 11 18 0.0038461500000000004
983 10 11 19 -0.010779499999999997
984 10 11 20 0.02207800000000001
985 10 12 13 0.0157145
986 10 12 14 -0.008928499999999989
987 10 12 15 -0.020129499999999998
988 10 12 16 0.023016000000000002
989 10 12 17 -0.014762000000000003
990 10 12 18 0.012207999999999998
991 10 12 19 0.016349500000000003
992 10 12 20 0.021428999999999997
993 10 13 14 0.025357
994 10 13 15 0.032251
995 10 13 16 0.003968000000000001
996 10 13 17 0.032857000000000004
997 10 13 18 0.0064935000000000105
998 10 13 19 0.015357
999 10 13 20 0.064286
1000 10 14 15 0.0302275
1001 10 14 16 0.0291665
1002 10 14 17 -0.0391665
1003 10 14 18 -0.015530000000000002
1004 10 14 19 0.025278
1005 10 14 20 0.02321450000000001
1006 10 15 16 -0.006060999999999988
1007 10 15 17 -0.042727499999999995
1008 10 15 18 -0.034091
1009 10 15 19 -0.029393999999999997
1010 10 15 20 0.010355399999999997
1011 10 16 17 -0.014166500000000004
1012 10 16 18 -0.016666499999999997
1013 10 16 19 0.005833499999999999
1014 10 16 20 0.049047999999999994
1015 10 17 18 0.004405499999999998
1016 10 17 19 0.011666500000000002
1017 10 17 20 0.059350999999999994
1018 10 18 19 -0.0314145
1019 10 18 20 0.0033280000000000002
1020 10 19 20 0.02956064999999999
1021 11 12 13 0.02285699999999999
1022 11 12 14 -0.02714299999999999
1023 11 12 15 -0.045237999999999993
1024 11 12 16 0.01608955
1025 11 12 17 0.013369650000000002
1026 11 12 18 0.00901085
1027 11 12 19 0.027778
1028 11 12 20 -1.1102230246251564e-17
1029 11 13 14 1.1102230246251564e-17
1030 11 13 15 1.1102230246251564e-17
1031 11 13 16 -0.010100949999999989
1032 11 13 17 0.05384615000000001
1033 11 13 18 -0.003846149999999978
1034 11 13 19 0.019643000000000008
1035 11 13 20 0.0357145
1036 11 14 15 0.0233335
1037 11 14 16 0.04045455
1038 11 14 17 0.007179650000000001
1039 11 14 18 -0.0005126500000000007
1040 11 14 19 0.05492099999999999
1041 11 14 20 0.02
1042 11 15 16 0.01212105000000001
1043 11 15 17 0.01051265
1044 11 15 18 -0.01217965
1045 11 15 19 0.007142999999999999
1046 11 15 20 0.014034899999999989
1047 11 16 17 0.020891599999999996
1048 11 16 18 -0.0129372
1049 11 16 19 0.02418845
1050 11 16 20 0.03454544999999999
1051 11 17 18 -0.026923299999999997
1052 11 17 19 -0.005036650000000002
1053 11 17 20 0.009790349999999986
1054 11 18 19 -0.01678885
1055 11 18 20 -0.01490385000000001
1056 11 19 20 -0.00329685000000001
1057 12 13 14 0.04999999999999998
1058 12 13 15 0.06809499999999999
1059 12 13 16 -0.0033335000000000036
1060 12 13 17 0.0633335
1061 12 13 18 0.010000000000000009
1062 12 13 19 0.014721999999999996
1063 12 13 20 0.0585715
1064 12 14 15 0.041428500000000014
1065 12 14 16 -0.002777999999999992
1066 12 14 17 -0.03333299999999999
1067 12 14 18 -0.03666649999999999
1068 12 14 19 1.1102230246251564e-17
1069 12 14 20 -0.007142999999999977
1070 12 15 16 -0.04920649999999999
1071 12 15 17 -0.048095
1072 12 15 18 -0.0664285
1073 12 15 19 -0.065873
1074 12 15 20 -0.031203099999999998
1075 12 16 17 0.0236115
1076 12 16 18 -0.0058584999999999965
1077 12 16 19 0.012499999999999999
1078 12 16 20 0.050635000000000006
1079 12 17 18 -0.0225645
1080 12 17 19 -0.019445
1081 12 17 20 0.023159999999999997
1082 12 18 19 -0.035556000000000004
1083 12 18 20 -0.005892999999999998
1084 12 19 20 0.024481150000000004
1085 13 14 15 0.0233335
1086 13 14 16 0.050555499999999996
1087 13 14 17 -0.0466665
1088 13 14 18 0.003333499999999989
1089 13 14 19 0.035278000000000004
1090 13 14 20 -0.015714499999999985
1091 13 15 16 0.022222000000000013
1092 13 15 17 -0.0433335
1093 13 15 18 -0.00833350000000001
1094 13 15 19 -0.012499999999999999
1095 13 15 20 -0.0216796
1096 13 16 17 -0.043055500000000003
1097 13 16 18 -0.019192000000000008
1098 13 16 19 -0.0055555
1099 13 16 20 -0.011270000000000002
1100 13 17 18 0.030768999999999987
1101 13 17 19 0.0291665
1102 13 17 20 0.027922
1103 13 18 19 -0.04027799999999999
1104 13 18 20 -0.054464499999999985
1105 13 19 20 -0.01936835
1106 14 15 16 -0.004999999999999987
1107 14 15 17 0.026666500000000003
1108 14 15 18 0.011666500000000002
1109 14 15 19 -0.0244445
1110 14 15 20 0.01736839999999999
1111 14 16 17 0.054166500000000006
1112 14 16 18 0.02803
1113 14 16 19 0.009721999999999998
1114 14 16 20 0.05499999999999998
1115 14 17 18 -0.019230999999999998
1116 14 17 19 -0.052778
1117 14 17 20 -0.003030000000000013
1118 14 18 19 -0.07222250000000001
1119 14 18 20 -0.03541650000000001
1120 14 19 20 0.03162414999999999
1121 15 16 17 0.022500000000000013
1122 15 16 18 0.01136350000000001
1123 15 16 19 0.029166500000000012
1124 15 16 20 0.032631600000000004
1125 15 17 18 -0.004231000000000001
1126 15 17 19 -0.0016670000000000003
1127 15 17 20 0.006268099999999999
1128 15 18 19 -0.036111500000000005
1129 15 18 20 -0.0411184
1130 15 19 20 -0.010188749999999998
1131 16 17 18 0.006905499999999995
1132 16 17 19 -0.0083335
1133 16 17 20 -0.0038635
1134 16 18 19 -0.0539145
1135 16 18 20 -0.0623865
1136 16 19 20 -0.013653849999999999
1137 17 18 19 -0.0386755
1138 17 18 20 -0.051617500000000004
1139 17 19 20 -0.018123849999999997
1140 18 19 20 -0.005181850000000003
