l i j f[l]=f_ij g[l]=g_ij s[l]=s_ij h[l]=h_ij
1 1 2 -0.027027 -0.19271280000000002 0.16568579999999997 5.551115123125783e-17
2 1 3 -0.52632 -0.35731100000000005 -0.16900899999999996 0.0
3 2 3 0.5 -0.1645982 0.6645981999999998 1.942890293094024e-16
4 1 4 0.043478 -0.001849750000000011 0.04532775 1.3877787807814457e-17
5 2 4 0.21429 0.19086305 0.023426949999999946 5.551115123125783e-17
6 3 4 0.45455 0.35546125 0.09908874999999999 0.0
7 1 5 -0.12821 -0.17126615 0.043056149999999994 2.7755575615628914e-17
8 2 5 0.15385 0.02144665000000003 0.13240334999999992 3.8163916471489756e-17
9 3 5 -0.38462 0.18604485 -0.5706648499999999 -1.3877787807814457e-16
10 4 5 0.10345 -0.1694164 0.27286639999999995 2.7755575615628914e-17
11 1 6 0.35714 -0.06066724999999995 0.4178072499999999 5.551115123125783e-17
12 2 6 0.14286 0.13204555000000007 0.010814449999999943 -2.7755575615628914e-17
13 3 6 0.71429 0.2966437500000001 0.41764624999999994 -5.551115123125783e-17
14 4 6 -0.3913 -0.05881749999999994 -0.3324824999999999 -1.3877787807814457e-16
15 5 6 0.2 0.11059890000000006 0.0894011 -4.163336342344337e-17
16 1 7 -0.17241 -0.2818026 0.10939259999999999 0.0
17 2 7 -0.39394 -0.08908979999999998 -0.30485019999999996 -6.938893903907228e-17
18 3 7 0.36842 0.0755084 0.29291159999999994 8.326672684688674e-17
19 4 7 -0.52 -0.27995285000000003 -0.2400471499999999 -1.1102230246251565e-16
20 5 7 -0.13043 -0.11053645000000001 -0.019893549999999975 0.0
21 6 7 0.21739 -0.22113535000000006 0.4385253499999998 2.498001805406602e-16
22 1 8 -0.375 -0.32292025 -0.052079749999999994 0.0
23 2 8 -0.51515 -0.13020745000000003 -0.38494254999999994 -2.7755575615628914e-17
24 3 8 -0.18182 0.03439074999999997 -0.21621074999999992 -5.551115123125783e-17
25 4 8 0.043478 -0.32107050000000004 0.36454849999999994 1.1102230246251565e-16
26 5 8 -0.28 -0.15165410000000004 -0.1283459 2.7755575615628914e-17
27 6 8 -0.33333 -0.26225300000000007 -0.07107699999999999 5.551115123125783e-17
28 7 8 0.23077 -0.04111765000000003 0.27188765 5.551115123125783e-17
29 1 9 0.125 -0.2082512 0.3332511999999999 8.326672684688674e-17
30 2 9 0.11111 -0.015538399999999978 0.12664839999999994 3.9898639947466563e-17
31 3 9 0.058824 0.14905980000000002 -0.09023579999999999 -2.7755575615628914e-17
32 4 9 -0.19149 -0.20640145 0.014911450000000007 0.0
33 5 9 -0.21053 -0.036985050000000005 -0.17354494999999998 -1.3877787807814457e-17
34 6 9 0.058824 -0.14758395000000005 0.20640794999999995 8.326672684688674e-17
35 7 9 0.38462 0.0735514 0.3110685999999999 9.71445146547012e-17
36 8 9 0.076923 0.11466905000000004 -0.037746049999999996 -4.163336342344337e-17
37 1 10 -0.26667 0.0032002999999999893 -0.2698702999999999 -1.1102230246251565e-16
38 2 10 0.33333 0.1959131 0.13741689999999995 5.551115123125783e-17
39 3 10 -0.090909 0.3605113 -0.45142029999999994 -5.551115123125783e-17
40 4 10 -0.2 0.00505005 -0.20505004999999996 -5.551115123125783e-17
41 5 10 0.058824 0.17446645 -0.11564245000000001 0.0
42 6 10 0.41667 0.06386754999999994 0.3528024499999999 1.6653345369377348e-16
43 7 10 0.45946 0.2850029 0.17445709999999995 5.551115123125783e-17
44 8 10 0.11111 0.32612055000000006 -0.21501055 -5.551115123125783e-17
45 9 10 0.24324 0.2114515 0.03178849999999999 2.7755575615628914e-17
46 1 11 -0.25 -0.28625295 0.03625294999999999 0.0
47 2 11 2.220446049250313e-16 -0.09354014999999999 0.09354015000000017 4.163336342344337e-17
48 3 11 0.47368 0.07105805 0.40262194999999984 1.5265566588595902e-16
49 4 11 -0.066667 -0.2844032 0.21773619999999994 5.551115123125783e-17
50 5 11 0.13333 -0.11498680000000001 0.24831679999999995 6.938893903907228e-17
51 6 11 -0.16667 -0.22558570000000006 0.0589157 5.551115123125783e-17
52 7 11 -0.14286 -0.004450350000000006 -0.13840964999999997 -1.3877787807814457e-17
53 8 11 0.21053 0.03666730000000003 0.17386269999999995 1.3877787807814457e-17
54 9 11 -0.24324 -0.07800175000000001 -0.16523824999999995 -5.551115123125783e-17
55 10 11 -0.26316 -0.28945325 0.02629324999999999 0.0
56 1 12 -0.53333 -0.11235914999999999 -0.42097084999999973 -2.498001805406602e-16
57 2 12 0.41667 0.08035365000000004 0.3363163499999999 6.938893903907228e-17
58 3 12 0.47368 0.24495185000000003 0.2287281499999999 5.551115123125783e-17
59 4 12 -0.3125 -0.11050939999999998 -0.20199059999999994 -8.326672684688674e-17
60 5 12 0.33333 0.05890700000000001 0.274423 3.469446951953614e-17
61 6 12 -0.3125 -0.05169190000000004 -0.26080809999999993 -2.7755575615628914e-17
62 7 12 0.33333 0.16944345000000002 0.16388655 0.0
63 8 12 0.58333 0.21056110000000006 0.3727688999999999 5.551115123125783e-17
64 9 12 0.13043 0.09589205000000002 0.034537949999999984 -1.3877787807814457e-17
65 10 12 -0.62963 -0.11555944999999998 -0.5140705499999999 -1.3877787807814457e-16
66 11 12 0.625 0.17389380000000004 0.45110619999999996 0.0
67 1 13 -0.31707 -0.40370265 0.08663264999999998 0.0
68 2 13 -0.31707 -0.21098984999999998 -0.10608015000000001 -2.7755575615628914e-17
69 3 13 -0.17073 -0.04639164999999998 -0.12433834999999999 -2.7755575615628914e-17
70 4 13 -0.23077 -0.40185289999999996 0.17108289999999993 0.0
71 5 13 -0.17949 -0.2324365 0.05294649999999999 0.0
72 6 13 -0.0625 -0.34303540000000005 0.28053539999999993 1.1102230246251565e-16
73 7 13 0.13043 -0.12190004999999998 0.25233005 0.0
74 8 13 -0.13043 -0.08078239999999995 -0.04964759999999998 -5.551115123125783e-17
75 9 13 -0.40541 -0.19545145 -0.2099585499999999 -8.326672684688674e-17
76 10 13 -0.31034 -0.40690295 0.09656294999999998 0.0
77 11 13 -0.625 -0.11744969999999998 -0.5075502999999999 -1.249000902703301e-16
78 12 13 -0.066667 -0.2913435 0.2246765 0.0
79 1 14 -0.11765 -0.22515045 0.10750044999999994 5.551115123125783e-17
80 2 14 2.220446049250313e-16 -0.03243764999999997 0.032437650000000165 2.7755575615628914e-17
81 3 14 0.31034 0.13216055000000002 0.17817945000000002 -2.7755575615628914e-17
82 4 14 -0.35484 -0.2233007 -0.13153929999999997 -2.7755575615628914e-17
83 5 14 -0.36842 -0.0538843 -0.3145357 -4.85722573273506e-17
84 6 14 -0.21429 -0.16448320000000005 -0.049806799999999984 2.7755575615628914e-17
85 7 14 0.030303 0.05665215000000001 -0.026349150000000002 -1.3877787807814457e-17
86 8 14 -0.047619 0.09776980000000005 -0.14538879999999998 -5.551115123125783e-17
87 9 14 0.125 -0.016899249999999994 0.14189924999999995 4.5102810375396984e-17
88 10 14 -0.25 -0.22835075 -0.02164924999999999 -2.7755575615628914e-17
89 11 14 0.18519 0.06110250000000002 0.12408749999999995 2.7755575615628914e-17
90 12 14 0.083333 -0.11279130000000001 0.19612429999999995 6.938893903907228e-17
91 13 14 0.11111 0.1785522 -0.0674422 0.0
92 1 15 -0.26667 -0.13330789999999998 -0.13336209999999996 -8.326672684688674e-17
93 2 15 0.44 0.05940490000000004 0.3805950999999999 5.551115123125783e-17
94 3 15 0.14286 0.2240031 -0.0811431 -2.7755575615628914e-17
95 4 15 0.2 -0.13145815 0.3314581499999999 1.1102230246251565e-16
96 5 15 0.17647 0.037958250000000006 0.13851175 -6.938893903907228e-18
97 6 15 -0.42857 -0.07264065000000004 -0.35592935000000003 6.938893903907228e-17
98 7 15 0.30435 0.14849470000000004 0.15585529999999997 0.0
99 8 15 0.29412 0.18961235000000004 0.10450764999999998 -2.7755575615628914e-17
100 9 15 0.027027 0.07494330000000002 -0.04791629999999998 -4.163336342344337e-17
101 10 15 -0.11111 -0.13650819999999997 0.02539819999999999 -2.7755575615628914e-17
102 11 15 0.076923 0.15294505000000003 -0.07602204999999998 -5.551115123125783e-17
103 12 15 -0.25926 -0.020948750000000002 -0.23831124999999992 -6.938893903907228e-17
104 13 15 0.3 0.27039475 0.029605249999999982 0.0
105 14 15 0.066667 0.09184255000000001 -0.025175549999999988 -1.3877787807814457e-17
106 1 16 -0.14286 -0.22574515 0.08288514999999999 2.7755575615628914e-17
107 2 16 0.31579 -0.03303234999999997 0.3488223499999999 9.020562075079397e-17
108 3 16 0.090909 0.13156585 -0.04065684999999999 -2.7755575615628914e-17
109 4 16 -0.33333 -0.2238954 -0.10943459999999999 -2.7755575615628914e-17
110 5 16 0.11111 -0.054479 0.16558899999999996 4.163336342344337e-17
111 6 16 -0.44444 -0.16507790000000006 -0.2793620999999999 -5.551115123125783e-17
112 7 16 -0.40741 0.056057450000000016 -0.4634674499999999 -1.1796119636642288e-16
113 8 16 -0.37931 0.09717510000000004 -0.47648509999999994 -8.326672684688674e-17
114 9 16 0.69231 -0.01749394999999999 0.7098039499999997 2.3245294578089215e-16
115 10 16 -0.38462 -0.22894545 -0.15567454999999997 -5.551115123125783e-17
116 11 16 2.220446049250313e-16 0.06050780000000002 -0.06050779999999979 -6.938893903907228e-18
117 12 16 -0.36842 -0.11338600000000001 -0.25503400000000004 2.7755575615628914e-17
118 13 16 0.46154 0.1779575 0.28358249999999996 5.551115123125783e-17
119 14 16 0.22222 -0.0005946999999999966 0.2228146999999999 1.0408340855860843e-16
120 15 16 -0.21212 -0.09243725 -0.11968274999999999 -1.3877787807814457e-17
121 1 17 0.18519 0.014102800000000026 0.17108719999999997 0.0
122 2 17 2.220446049250313e-16 0.20681560000000004 -0.20681559999999977 -5.551115123125783e-17
123 3 17 0.5 0.3714138 0.12858619999999998 0.0
124 4 17 -0.1 0.015952550000000038 -0.11595254999999996 -8.326672684688674e-17
125 5 17 0.37143 0.18536895000000003 0.18606104999999995 0.0
126 6 17 0.052632 0.07477004999999998 -0.02213805 2.7755575615628914e-17
127 7 17 0.39394 0.29590540000000004 0.09803459999999997 0.0
128 8 17 0.37931 0.3370230500000001 0.04228694999999997 -1.1102230246251565e-16
129 9 17 0.31034 0.22235400000000002 0.08798599999999995 2.7755575615628914e-17
130 10 17 0.33333 0.010902500000000037 0.3224275 0.0
131 11 17 0.33333 0.30035575000000003 0.03297425000000002 -5.551115123125783e-17
132 12 17 -0.125 0.12646195000000002 -0.25146195 -2.7755575615628914e-17
133 13 17 0.56522 0.41780545 0.1474145499999999 0.0
134 14 17 0.04 0.23925325000000003 -0.1992532499999999 -1.1102230246251565e-16
135 15 17 0.2 0.1474107 0.05258929999999998 2.7755575615628914e-17
136 16 17 0.034483 0.23984795000000003 -0.20536494999999996 -5.551115123125783e-17
137 1 18 -0.6875 -0.2540272 -0.4334727999999999 -1.1102230246251565e-16
138 2 18 -0.33333 -0.06131439999999996 -0.27201559999999997 -8.326672684688674e-17
139 3 18 0.066667 0.10328380000000002 -0.03661679999999998 -4.163336342344337e-17
140 4 18 -0.25926 -0.25217744999999997 -0.007082550000000003 0.0
141 5 18 -0.22581 -0.08276104999999999 -0.14304894999999995 -6.938893903907228e-17
142 6 18 -0.1875 -0.19335995000000006 0.005859949999999999 5.551115123125783e-17
143 7 18 0.33333 0.02777540000000002 0.3055545999999999 9.71445146547012e-17
144 8 18 -0.48148 0.06889305000000005 -0.5503730499999999 -1.5265566588595902e-16
145 9 18 -0.028571 -0.04577599999999998 0.01720499999999996 2.7755575615628914e-17
146 10 18 -0.58333 -0.2572275 -0.3261024999999999 -1.1102230246251565e-16
147 11 18 0.14286 0.032225750000000025 0.11063424999999996 0.0
148 12 18 0.21429 -0.14166805 0.3559580499999999 8.326672684688674e-17
149 13 18 -0.034483 0.14967545 -0.18415844999999995 -5.551115123125783e-17
150 14 18 0.4 -0.028876749999999993 0.42887674999999986 1.5265566588595902e-16
151 15 18 -0.043478 -0.1207193 0.07724129999999994 5.551115123125783e-17
152 16 18 -0.21053 -0.028282049999999996 -0.18224794999999996 -3.469446951953614e-17
153 17 18 -0.39394 -0.26813000000000003 -0.12580999999999998 0.0
154 1 19 -0.1 -0.258366 0.15836599999999998 0.0
155 2 19 -0.52174 -0.06565319999999997 -0.45608679999999996 -5.551115123125783e-17
156 3 19 0.15385 0.09894500000000002 0.05490499999999998 -1.3877787807814457e-17
157 4 19 -0.027027 -0.25651625 0.22948924999999992 5.551115123125783e-17
158 5 19 -0.22581 -0.08709984999999999 -0.13871014999999998 -4.163336342344337e-17
159 6 19 0.30435 -0.19769875000000003 0.5020487499999999 1.1102230246251565e-16
160 7 19 -0.41176 0.023436600000000016 -0.4351965999999999 -1.5265566588595902e-16
161 8 19 0.31429 0.06455425000000005 0.24973574999999992 4.163336342344337e-17
162 9 19 0.22727 -0.05011479999999999 0.27738479999999993 5.551115123125783e-17
163 10 19 -0.35714 -0.2615663 -0.09557370000000001 -5.551115123125783e-17
164 11 19 0.51724 0.02788695000000002 0.4893530499999999 1.1102230246251565e-16
165 12 19 0.043478 -0.14600685000000002 0.18948484999999995 5.551115123125783e-17
166 13 19 -0.14286 0.14533665 -0.28819665 0.0
167 14 19 -0.33333 -0.033215549999999996 -0.3001144499999999 -9.71445146547012e-17
168 15 19 0.043478 -0.1250581 0.16853609999999994 5.551115123125783e-17
169 16 19 0.17241 -0.03262085 0.20503085 2.0816681711721685e-17
170 17 19 -0.33333 -0.2724688 -0.06086119999999999 0.0
171 18 19 -0.37143 -0.004338800000000004 -0.36709119999999995 -2.7755575615628914e-17
172 1 20 -0.5 -0.22151965 -0.27848034999999993 -5.551115123125783e-17
173 2 20 -0.41935 -0.028806849999999988 -0.39054314999999995 -6.245004513516506e-17
174 3 20 0.44 0.13579135 0.30420864999999997 2.7755575615628914e-17
175 4 20 -0.31034 -0.2196699 -0.09067009999999996 -2.7755575615628914e-17
176 5 20 -0.29412 -0.05025350000000002 -0.24386649999999993 -4.163336342344337e-17
177 6 20 -0.36364 -0.16085240000000006 -0.2027876 5.551115123125783e-17
178 7 20 -0.33333 0.060282949999999995 -0.3936129499999999 -1.0408340855860843e-16
179 8 20 0.41667 0.10140060000000004 0.3152694 -2.7755575615628914e-17
180 9 20 -0.2 -0.013268450000000011 -0.18673154999999997 -3.122502256758253e-17
181 10 20 -0.14286 -0.22471995 0.08185994999999999 2.7755575615628914e-17
182 11 20 0.45455 0.0647333 0.38981669999999996 5.551115123125783e-17
183 12 20 0.13333 -0.10916050000000002 0.24249049999999997 5.551115123125783e-17
184 13 20 0.42857 0.18218299999999998 0.246387 2.7755575615628914e-17
185 14 20 -0.1 0.0036307999999999827 -0.10363079999999997 -2.0816681711721685e-17
186 15 20 -0.058824 -0.08821175000000003 0.029387749999999983 5.551115123125783e-17
187 16 20 0.04 0.004225499999999979 0.035774499999999994 2.7755575615628914e-17
188 17 20 0.21951 -0.23562245000000004 0.4551324499999999 1.3877787807814457e-16
189 18 20 -0.56 0.032507549999999975 -0.5925075499999999 -1.457167719820518e-16
190 19 20 0.41935 0.03684634999999998 0.38250365 4.85722573273506e-17
