t i j k u[t]=u_ijk
1 1 2 3 0.049964649999999985
2 1 2 4 0.007189249999999999
3 1 2 5 0.012751649999999995
4 1 2 6 -0.012065349999999999
5 1 2 7 -0.012427849999999995
6 1 2 8 -0.00835885
7 1 2 9 -0.0020458499999999992
8 1 2 10 0.028648649999999994
9 1 2 11 0.011148650000000008
10 1 2 12 0.046148649999999986
11 1 2 13 -0.0013513500000000007
12 1 2 14 0.004531150000000011
13 1 2 15 0.033982149999999996
14 1 2 16 0.021581149999999993
15 1 2 17 -0.010610849999999986
16 1 2 18 0.016357149999999994
17 1 2 19 -0.022438349999999992
18 1 2 20 0.0026811499999999985
19 1 3 4 -0.0057624
20 1 3 5 -0.03913649999999999
21 1 3 6 -0.0084585
22 1 3 7 0.000725500000000001
23 1 3 8 -0.016656999999999995
24 1 3 9 -0.029624799999999996
25 1 3 10 -0.017527949999999994
26 1 3 11 0.009867999999999997
27 1 3 12 0.024034499999999993
28 1 3 13 -0.018998999999999995
29 1 3 14 -0.004916499999999997
30 1 3 15 -0.005839499999999999
31 1 3 16 -0.014627549999999996
32 1 3 17 -0.010575499999999996
33 1 3 18 0.011392349999999997
34 1 3 19 -0.013623499999999998
35 1 3 20 0.020683999999999994
36 1 4 5 0.013756899999999997
37 1 4 6 -0.03524809999999999
38 1 4 7 -0.015205599999999998
39 1 4 8 0.023097799999999995
40 1 4 9 -0.013650599999999995
41 1 4 10 0.0055074
42 1 4 11 0.011340549999999998
43 1 4 12 0.013215399999999997
44 1 4 13 0.006488900000000001
45 1 4 14 -0.009685599999999997
46 1 4 15 0.025507399999999996
47 1 4 16 -0.007349599999999999
48 1 4 17 -0.012085599999999997
49 1 4 18 0.023585899999999996
50 1 4 19 0.005822549999999998
51 1 4 20 0.011656899999999998
52 1 5 6 -0.014267499999999997
53 1 5 7 -0.004311499999999998
54 1 5 8 -0.0016605000000000005
55 1 5 9 -0.023186999999999992
56 1 5 10 0.009864199999999998
57 1 5 11 0.012755999999999997
58 1 5 12 0.0369225
59 1 5 13 0.0004685000000000007
60 1 5 14 -0.018948999999999994
61 1 5 15 0.0157465
62 1 5 16 0.006287999999999998
63 1 5 17 0.002901499999999998
64 1 5 18 0.016673999999999998
65 1 5 19 -0.012700999999999999
66 1 5 20 0.0038835
67 1 6 7 0.03734699999999999
68 1 6 8 0.019940499999999993
69 1 6 9 0.014548199999999997
70 1 6 10 0.052023999999999994
71 1 6 11 0.022023499999999998
72 1 6 12 0.02889849999999999
73 1 6 13 0.03058549999999999
74 1 6 14 0.013025
75 1 6 15 0.009761999999999996
76 1 6 16 0.0027779999999999992
77 1 6 17 0.011229099999999997
78 1 6 18 0.04285699999999999
79 1 6 19 0.03807449999999999
80 1 6 20 0.024674999999999996
81 1 7 8 0.021667999999999993
82 1 7 9 0.0043605
83 1 7 10 0.027685999999999992
84 1 7 11 -0.003263499999999999
85 1 7 12 0.03471249999999999
86 1 7 13 0.013754499999999998
87 1 7 14 -0.00122285
88 1 7 15 0.019930499999999997
89 1 7 16 -0.021847999999999996
90 1 7 17 0.001816999999999999
91 1 7 18 0.04242099999999999
92 1 7 19 -0.024208499999999994
93 1 7 20 -0.00028700000000000107
94 1 8 9 -0.02115384999999999
95 1 8 10 0.00013900000000000089
96 1 8 11 0.004276499999999998
97 1 8 12 0.03708299999999999
98 1 8 13 -0.009417999999999998
99 1 8 14 -0.015248449999999997
100 1 8 15 0.009289499999999997
101 1 8 16 -0.0305725
102 1 8 17 -0.009043999999999998
103 1 8 18 -0.008448999999999998
104 1 8 19 0.0019644999999999992
105 1 8 20 0.027083499999999993
106 1 9 10 0.031745499999999996
107 1 9 11 0.006587999999999998
108 1 9 12 0.03943799999999999
109 1 9 13 0.0018330000000000009
110 1 9 14 0.0183825
111 1 9 15 0.020934849999999998
112 1 9 16 0.04800849999999999
113 1 9 17 0.012507499999999998
114 1 9 18 0.039196449999999994
115 1 9 19 0.022613499999999995
116 1 9 20 0.021249999999999995
117 1 10 11 -0.013991499999999999
118 1 10 12 -0.018148499999999998
119 1 10 13 -0.012996999999999998
120 1 10 14 -0.019950999999999997
121 1 10 15 -0.005555499999999999
122 1 10 16 -0.025421499999999996
123 1 10 17 -0.0059264999999999995
124 1 10 18 -0.008125
125 1 10 19 -0.026190499999999995
126 1 10 20 0.004523499999999999
127 1 11 12 0.04541649999999999
128 1 11 13 -0.027896499999999998
129 1 11 14 0.0026419999999999994
130 1 11 15 0.0046796500000000005
131 1 11 16 -0.0053569999999999885
132 1 11 17 -0.005092999999999996
133 1 11 18 0.02901799999999999
134 1 11 19 0.018361999999999996
135 1 11 20 0.03522749999999999
136 1 12 13 -0.014146349999999992
137 1 12 14 -0.016617349999999993
138 1 12 15 -0.02629599999999999
139 1 12 16 -0.03794449999999999
140 1 12 17 -0.042175999999999984
141 1 12 18 0.018423
142 1 12 19 -0.019492599999999995
143 1 12 20 0.005
144 1 13 14 -0.0044155
145 1 13 15 0.012479999999999995
146 1 13 16 0.014366499999999996
147 1 13 17 0.0031479999999999946
148 1 13 18 0.016797349999999996
149 1 13 19 -0.017996499999999995
150 1 13 20 0.030574999999999988
151 1 14 15 0.010784349999999998
152 1 14 16 0.012371499999999997
153 1 14 17 -0.013141999999999997
154 1 14 18 0.04849249999999999
155 1 14 19 -0.017548999999999995
156 1 14 20 0.014117499999999995
157 1 15 16 -0.0167965
158 1 15 17 -0.012592999999999998
159 1 15 18 0.018867599999999995
160 1 15 19 -0.0061595999999999995
161 1 15 20 0.008725299999999998
162 1 16 17 -0.014678349999999995
163 1 16 18 0.016705499999999995
164 1 16 19 0.006477499999999999
165 1 16 20 0.019856999999999996
166 1 17 18 0.023937499999999994
167 1 17 19 -0.0024070000000000003
168 1 17 20 0.04523499999999999
169 1 18 19 -0.04794649999999999
170 1 18 20 -0.037375
171 1 19 20 0.04096749999999999
172 2 3 4 0.037013
173 2 3 5 -0.0019234999999999996
174 2 3 6 0.05357149999999999
175 2 3 7 0.06311799999999998
176 2 3 8 0.041666499999999995
177 2 3 9 0.022385699999999994
178 2 3 10 0.003788049999999998
179 2 3 11 0.04868399999999998
180 2 3 12 0.027850499999999993
181 2 3 13 0.032316999999999985
182 2 3 14 0.040516999999999984
183 2 3 15 0.010142999999999998
184 2 3 16 0.013755949999999996
185 2 3 17 0.049999999999999975
186 2 3 18 0.044999849999999994
187 2 3 19 0.05877949999999998
188 2 3 20 0.06796749999999999
189 2 4 5 0.0081945
190 2 4 6 -0.015993499999999997
191 2 4 7 0.0044115000000000005
192 2 4 8 0.03864589999999999
193 2 4 9 -0.004415499999999998
194 2 4 10 -0.015951999999999994
195 2 4 11 0.007381149999999987
196 2 4 12 -0.025743999999999996
197 2 4 13 0.015029499999999998
198 2 4 14 -0.007027500000000008
199 2 4 15 -0.0012854999999999989
200 2 4 16 -0.021741499999999997
201 2 4 17 0.005714499999999988
202 2 4 18 0.014417999999999997
203 2 4 19 0.035450149999999986
204 2 4 20 0.016164999999999995
205 2 5 6 0.010549499999999998
206 2 5 7 0.020867999999999994
207 2 5 8 0.019449999999999995
208 2 5 9 -0.008389499999999998
209 2 5 10 -0.0060328
210 2 5 11 0.014358999999999985
211 2 5 12 0.0035255
212 2 5 13 0.014571499999999996
213 2 5 14 -0.01072850000000001
214 2 5 15 -0.005484
215 2 5 16 -0.002541500000000001
216 2 5 17 0.026263999999999985
217 2 5 18 0.013068499999999997
218 2 5 19 0.022488999999999988
219 2 5 20 0.013953999999999992
220 2 6 7 0.037709499999999986
221 2 6 8 0.016233999999999995
222 2 6 9 0.004528699999999998
223 2 6 10 0.011309999999999995
224 2 6 11 -0.001190500000000012
225 2 6 12 -0.029315499999999994
226 2 6 13 0.019871499999999997
227 2 6 14 -0.0035715000000000113
228 2 6 15 -0.0362855
229 2 6 16 -0.03086849999999999
230 2 6 17 0.009774599999999986
231 2 6 18 0.014434499999999998
232 2 6 19 0.048447499999999984
233 2 6 20 0.009928499999999995
234 2 7 8 0.017598999999999993
235 2 7 9 -0.006021499999999997
236 2 7 10 -0.013390500000000001
237 2 7 11 -0.026840000000000003
238 2 7 12 -0.023863999999999996
239 2 7 13 0.0026779999999999994
240 2 7 14 -0.018181850000000006
241 2 7 15 -0.026479499999999996
242 2 7 16 -0.05585699999999998
243 2 7 17 -1.1102230246251563e-17
244 2 7 18 0.013635999999999997
245 2 7 19 -0.014197999999999999
246 2 7 20 -0.015395999999999998
247 2 8 9 -0.027466849999999998
248 2 8 10 -0.03686849999999999
249 2 8 11 -0.015231000000000008
250 2 8 12 -0.017424499999999996
251 2 8 13 -0.016425499999999996
252 2 8 14 -0.028138450000000006
253 2 8 15 -0.03305149999999999
254 2 8 16 -0.06051249999999998
255 2 8 17 -0.00679200000000001
256 2 8 18 -0.03316499999999999
257 2 8 19 0.016043999999999996
258 2 8 20 0.016043499999999995
259 2 9 10 0.001050999999999999
260 2 9 11 -0.006606500000000011
261 2 9 12 -0.008756499999999999
262 2 9 13 0.0011385000000000004
263 2 9 14 0.011805499999999984
264 2 9 15 -0.015093149999999996
265 2 9 16 0.02438149999999999
266 2 9 17 0.021072499999999984
267 2 9 18 0.020793449999999995
268 2 9 19 0.04300599999999999
269 2 9 20 0.016522999999999996
270 2 10 11 0.0035084999999999886
271 2 10 12 -0.03564849999999999
272 2 10 13 0.017003
273 2 10 14 0.004166499999999989
274 2 10 15 -0.010888999999999996
275 2 10 16 -0.018353999999999995
276 2 10 17 0.03333299999999999
277 2 10 18 0.0041665
278 2 10 19 0.024896499999999995
279 2 10 20 0.030490999999999997
280 2 11 12 0.010416500000000009
281 2 11 13 -0.015396499999999985
282 2 11 14 0.009259499999999999
283 2 11 15 -0.018153849999999985
284 2 11 16 -0.015789499999999974
285 2 11 17 0.016666499999999997
286 2 11 18 0.023809500000000008
287 2 11 19 0.051948999999999995
288 2 11 20 0.043695000000000005
289 2 12 13 0.03335364999999999
290 2 12 14 0.02500014999999998
291 2 12 15 -0.014129499999999996
292 2 12 16 -0.013376999999999998
293 2 12 17 0.014583499999999984
294 2 12 18 0.04821449999999999
295 2 12 19 0.04909439999999999
296 2 12 20 0.04846749999999998
297 2 13 14 -0.01029800000000001
298 2 13 15 -0.022853499999999995
299 2 13 16 -0.008565999999999995
300 2 13 17 0.012407499999999983
301 2 13 18 -0.0009111499999999999
302 2 13 19 0.003090499999999998
303 2 13 20 0.026542499999999997
304 2 14 15 -0.018666649999999986
305 2 14 16 -0.004678499999999989
306 2 14 17 0.0019999999999999996
307 2 14 18 0.036666500000000005
308 2 14 19 0.009420500000000007
309 2 14 20 0.01596750000000001
310 2 15 16 -0.0043955
311 2 15 17 0.03199999999999998
312 2 15 18 0.03649259999999999
313 2 15 19 0.05026089999999999
314 2 15 20 0.040026299999999994
315 2 16 17 0.017513649999999985
316 2 16 18 0.021929499999999994
317 2 16 19 0.05049699999999999
318 2 16 20 0.03875699999999999
319 2 17 18 -0.003030499999999988
320 2 17 19 0.009420500000000007
321 2 17 20 0.031943000000000006
322 2 18 19 -0.009150999999999998
323 2 18 20 -0.023698999999999998
324 2 19 20 0.015847999999999998
325 3 4 5 0.04713099999999999
326 3 4 6 -0.03255199999999999
327 3 4 7 -0.021693499999999998
328 3 4 8 0.03399239999999999
329 3 4 9 0.010211799999999998
330 3 4 10 0.01727295
331 3 4 11 -0.004289849999999999
332 3 4 12 -0.016581499999999996
333 3 4 13 0.019725499999999997
334 3 4 14 -0.010531499999999997
335 3 4 15 0.025584499999999993
336 3 4 16 0.0015155499999999985
337 3 4 17 -0.007272499999999999
338 3 4 18 0.006431149999999998
339 3 4 19 0.013683649999999999
340 3 4 20 -0.014789499999999995
341 3 5 6 -0.04494549999999999
342 3 5 7 -0.04417349999999999
343 3 5 8 -0.024139999999999995
344 3 5 9 -0.0326987
345 3 5 10 -0.011744349999999997
346 3 5 11 -0.036248499999999996
347 3 5 12 -0.026248499999999994
348 3 5 13 -0.019669
349 3 5 14 -0.05316899999999998
350 3 5 15 -0.01755049999999999
351 3 5 16 -0.01822095
352 3 5 17 -0.025659499999999995
353 3 5 18 -0.03385485
354 3 5 19 -0.03821399999999999
355 3 5 20 -0.055936999999999994
356 3 6 7 0.02816299999999999
357 3 6 8 0.028138999999999994
358 3 6 9 0.03571449999999999
359 3 6 10 0.06109344999999998
360 3 6 11 0.003696999999999998
361 3 6 12 -0.0035945
362 3 6 13 0.04112599999999999
363 3 6 14 0.009482999999999997
364 3 6 15 0.007142999999999998
365 3 6 16 0.008947049999999996
366 3 6 17 0.013346099999999996
367 3 6 18 0.023006149999999993
368 3 6 19 0.04323949999999999
369 3 6 20 -0.004467500000000001
370 3 7 8 0.039050499999999995
371 3 7 9 0.03471079999999999
372 3 7 10 0.04593944999999999
373 3 7 11 -0.012405999999999995
374 3 7 12 0.0114035
375 3 7 13 0.033478999999999995
376 3 7 14 0.00441915
377 3 7 15 0.026495499999999998
378 3 7 16 -0.006494949999999997
379 3 7 17 0.013117999999999998
380 3 7 18 0.031754149999999995
381 3 7 19 -0.009859499999999997
382 3 7 20 -0.020245499999999996
383 3 8 9 -0.008186049999999999
384 3 8 10 0.0010099499999999995
385 3 8 11 -0.022248499999999994
386 3 8 12 -0.0036084999999999967
387 3 8 13 -0.007075999999999998
388 3 8 14 -0.02698894999999999
389 3 8 15 -0.0015279999999999983
390 3 8 16 -0.03260194999999999
391 3 8 17 -0.015125499999999998
392 3 8 18 -0.03649834999999999
393 3 8 19 -0.0010690000000000003
394 3 8 20 -0.010257500000000001
395 3 9 10 0.019648649999999997
396 3 9 11 -0.03290479999999999
397 3 9 12 -0.014221299999999996
398 3 9 13 -0.008792799999999998
399 3 9 14 -0.0063257999999999995
400 3 9 15 -0.0028504499999999987
401 3 9 16 0.033011249999999985
402 3 9 17 -0.006541799999999999
403 3 9 18 -0.0018206999999999995
404 3 9 19 0.0066122
405 3 9 20 -0.029058799999999992
406 3 10 11 -0.04138744999999999
407 3 10 12 -0.05971094999999998
408 3 10 13 -0.01152595
409 3 10 14 -0.03256244999999999
410 3 10 15 -0.017243949999999997
411 3 10 16 -0.02832189999999999
412 3 10 17 -0.012878949999999997
413 3 10 18 -0.037045299999999996
414 3 10 19 -0.03009494999999999
415 3 10 20 -0.03368844999999999
416 3 11 12 0.031249999999999993
417 3 11 13 0.0009704999999999962
418 3 11 14 0.017426499999999994
419 3 11 15 0.020387149999999996
420 3 11 16 0.019138550000000004
421 3 11 17 0.015350499999999998
422 3 11 18 0.02749364999999999
423 3 11 19 0.04185349999999999
424 3 11 20 0.024411499999999992
425 3 12 13 0.02888714999999999
426 3 12 14 0.012333649999999996
427 3 12 15 0.003578
428 3 12 16 0.0007175499999999971
429 3 12 17 -0.007565999999999999
430 3 12 18 0.03106514999999999
431 3 12 19 0.018165399999999995
432 3 12 20 0.008350499999999997
433 3 13 14 -0.018497999999999997
434 3 13 15 -0.0006794999999999993
435 3 13 16 0.009995049999999998
436 3 13 17 -0.005275500000000004
437 3 13 18 -0.013593999999999998
438 3 13 19 -0.023371999999999993
439 3 13 20 -0.009107999999999998
440 3 14 15 0.011707349999999998
441 3 14 16 0.022082549999999996
442 3 14 17 -0.0074829999999999975
443 3 14 18 0.032183649999999994
444 3 14 19 -0.008841999999999997
445 3 14 20 -0.011482999999999998
446 3 15 16 -0.008008449999999999
447 3 15 17 -0.007856999999999998
448 3 15 18 0.0016357499999999985
449 3 15 19 0.0016243999999999998
450 3 15 20 -0.017798199999999997
451 3 16 17 -0.018730399999999998
452 3 16 18 -0.009314399999999999
453 3 16 19 0.00547345
454 3 16 20 -0.015454549999999996
455 3 17 18 0.0019696499999999977
456 3 17 19 0.0006409999999999998
457 3 17 20 0.013975499999999998
458 3 18 19 -0.022930649999999993
459 3 18 20 -0.04666664999999999
460 3 19 20 0.0066599999999999975
461 4 5 6 0.03473749999999999
462 4 5 7 0.024651
463 4 5 8 -0.011001399999999998
464 4 5 9 0.0042204999999999986
465 4 5 10 0.018113699999999996
466 4 5 11 0.015172349999999996
467 4 5 12 0.03746399999999999
468 4 5 13 0.007736499999999998
469 4 5 14 0.004493499999999997
470 4 5 15 0.003995999999999999
471 4 5 16 0.027394499999999995
472 4 5 17 0.028743999999999995
473 4 5 18 0.006844999999999996
474 4 5 19 -0.004766649999999999
475 4 5 20 0.005983499999999998
476 4 6 7 0.017304499999999997
477 4 6 8 -0.03840539999999999
478 4 6 9 -0.007049299999999999
479 4 6 10 0.011268499999999997
480 4 6 11 -0.02456514999999999
481 4 6 12 -0.019564999999999996
482 4 6 13 -0.011151499999999996
483 4 6 14 -0.0125375
484 4 6 15 -0.05099349999999999
485 4 6 16 -0.025120499999999994
486 4 6 17 -0.011933399999999997
487 4 6 18 -0.015976999999999995
488 4 6 19 -0.0029961499999999965
489 4 6 20 -0.022229999999999996
490 4 7 8 -0.016635399999999998
491 4 7 9 0.002805499999999999
492 4 7 10 0.006972999999999997
493 4 7 11 -0.02980964999999999
494 4 7 12 0.0062914999999999985
495 4 7 13 -0.007939999999999997
496 4 7 14 -0.006742850000000001
497 4 7 15 -0.020782499999999995
498 4 7 16 -0.029703999999999987
499 4 7 17 -0.0013030000000000012
500 4 7 18 0.003629499999999998
501 4 7 19 -0.04523664999999999
502 4 7 20 -0.0271495
503 4 8 9 0.015594549999999999
504 4 8 10 0.017729399999999996
505 4 8 11 0.016033749999999996
506 4 8 12 0.04696539999999999
507 4 8 13 0.007190899999999998
508 4 8 14 0.017534949999999994
509 4 8 15 0.006879899999999999
510 4 8 16 -0.0001250999999999974
511 4 8 17 0.026139399999999997
512 4 8 18 -0.0089371
513 4 8 19 0.019239749999999996
514 4 8 20 0.03852439999999999
515 4 9 10 0.0125875
516 4 9 11 -0.018403149999999997
517 4 9 12 0.012571999999999996
518 4 9 13 -0.018306499999999993
519 4 9 14 0.014417499999999998
520 4 9 15 -0.018223149999999994
521 4 9 16 0.04170749999999999
522 4 9 17 0.010942499999999997
523 4 9 18 0.0019599499999999994
524 4 9 19 0.0031403499999999992
525 4 9 20 -0.004057499999999999
526 4 10 11 -0.019824649999999996
527 4 10 12 -0.0258565
528 4 10 13 -0.013978499999999996
529 4 10 14 -0.004758
530 4 10 15 -0.0255555
531 4 10 16 -0.0125645
532 4 10 17 0.011666499999999998
533 4 10 18 -0.026203499999999994
534 4 10 19 -0.02650565
535 4 10 20 -0.0016259999999999992
536 4 11 12 0.04354164999999999
537 4 11 13 -0.023044849999999995
538 4 11 14 0.023668149999999992
539 4 11 15 -0.009487199999999996
540 4 11 16 0.013333150000000007
541 4 11 17 0.018333149999999996
542 4 11 18 0.016772649999999997
543 4 11 19 0.02388
544 4 11 20 0.034911149999999995
545 4 12 13 -0.007419849999999998
546 4 12 14 0.006283649999999998
547 4 12 15 -0.03858799999999999
548 4 12 16 -0.0173795
549 4 12 17 -0.016874999999999998
550 4 12 18 0.008052499999999997
551 4 12 19 -0.012099749999999996
552 4 12 20 0.006558499999999998
553 4 13 14 0.011758999999999997
554 4 13 15 -0.006538499999999998
555 4 13 16 0.028204999999999994
556 4 13 17 0.021722499999999992
557 4 13 18 -0.00029965000000000053
558 4 13 19 -0.017330149999999996
559 4 13 20 0.025406999999999996
560 4 14 15 -0.024408649999999994
561 4 14 16 0.0100355
562 4 14 17 -0.010741999999999995
563 4 14 18 0.015220999999999997
564 4 14 19 -0.033057149999999993
565 4 14 20 -0.007224999999999998
566 4 15 16 0.016060500000000002
567 4 15 17 0.024999999999999994
568 4 15 18 0.020789099999999994
569 4 15 19 0.013525249999999996
570 4 15 20 0.022575799999999997
571 4 16 17 -0.009942349999999997
572 4 16 18 -0.014229999999999998
573 4 16 19 -0.006694649999999997
574 4 16 20 0.0008504999999999994
575 4 17 18 -0.011733999999999998
576 4 17 19 -0.020315149999999997
577 4 17 20 0.021492499999999994
578 4 18 19 -0.03018314999999999
579 4 18 20 -0.025445999999999996
580 4 19 20 0.03513314999999999
581 5 6 7 0.027390999999999995
582 5 6 8 0.007333499999999999
583 5 6 9 0.023467699999999994
584 5 6 10 0.027892299999999995
585 5 6 11 -0.004999999999999999
586 5 6 12 -0.022291499999999995
587 5 6 13 0.015849499999999996
588 5 6 14 0.0177065
589 5 6 15 -0.020251999999999992
590 5 6 16 -0.017777499999999995
591 5 6 17 -0.005939899999999997
592 5 6 18 0.011915499999999997
593 5 6 19 0.03650799999999999
594 5 6 20 0.006523999999999997
595 5 7 8 0.019016999999999996
596 5 7 9 0.023235999999999996
597 5 7 10 0.013510299999999998
598 5 7 11 -0.020330999999999995
599 5 7 12 -0.006521499999999998
600 5 7 13 0.008974499999999998
601 5 7 14 0.013414650000000002
602 5 7 15 -0.00012749999999999703
603 5 7 16 -0.03244749999999999
604 5 7 17 -0.005395999999999997
605 5 7 18 0.021435499999999996
606 5 7 19 -0.015818999999999996
607 5 7 20 -0.008481999999999998
608 5 8 9 0.0003726499999999986
609 5 8 10 -0.011385699999999999
610 5 8 11 -0.01014
611 5 8 12 -0.001500000000000001
612 5 8 13 -0.011546999999999998
613 5 8 14 0.0020400499999999994
614 5 8 15 -0.008117500000000001
615 5 8 16 -0.03852099999999999
616 5 8 17 -0.013605999999999995
617 5 8 18 -0.0267835
618 5 8 19 0.013004999999999997
619 5 8 20 0.021539499999999993
620 5 9 10 -0.0013056999999999982
621 5 9 11 -0.029354999999999992
622 5 9 12 -0.0206715
623 5 9 13 -0.021822499999999995
624 5 9 14 0.014144499999999999
625 5 9 15 -0.017998649999999995
626 5 9 16 0.018533499999999998
627 5 9 17 -0.013581
628 5 9 18 -0.000664549999999999
629 5 9 19 0.012127499999999998
630 5 9 20 -0.005820499999999999
631 5 10 11 -0.016883299999999997
632 5 10 12 -0.04520679999999999
633 5 10 13 -0.003601299999999998
634 5 10 14 0.008862199999999999
635 5 10 15 -0.011437799999999996
636 5 10 16 -0.021845299999999998
637 5 10 17 0.0010362000000000008
638 5 10 18 -0.014934799999999998
639 5 10 19 -0.0036252999999999997
640 5 10 20 0.010504199999999997
641 5 11 12 0.021249999999999995
642 5 11 13 -0.015608999999999996
643 5 11 14 0.034346999999999996
644 5 11 15 0.0016891500000000008
645 5 11 16 0.001111000000000011
646 5 11 17 0.004761500000000001
647 5 11 18 0.025099999999999994
648 5 11 19 0.04381899999999999
649 5 11 20 0.04409999999999999
650 5 12 13 0.022307649999999995
651 5 12 14 0.039254149999999995
652 5 12 15 -0.005119999999999997
653 5 12 16 -0.007309999999999999
654 5 12 17 -0.008154999999999997
655 5 12 18 0.03867149999999999
656 5 12 19 0.03013089999999999
657 5 12 20 0.03803899999999999
658 5 13 14 0.015001999999999996
659 5 13 15 -0.002798
660 5 13 16 0.008546999999999997
661 5 13 17 0.0007149999999999988
662 5 13 18 0.0005918499999999999
663 5 13 19 -0.004826999999999999
664 5 13 20 0.027159999999999993
665 5 14 15 -0.023911149999999992
666 5 14 16 -0.012865499999999998
667 5 14 17 -0.034992499999999996
668 5 14 18 0.012869499999999997
669 5 14 19 -0.023796999999999995
670 5 14 20 -0.008715
671 5 15 16 -0.007337999999999998
672 5 15 17 0.0002520000000000008
673 5 15 18 0.017940099999999994
674 5 15 19 0.022287899999999996
675 5 15 20 0.020588299999999993
676 5 16 17 -0.011291849999999999
677 5 16 18 0.0063195
678 5 16 19 0.0254665
679 5 16 20 0.022261499999999993
680 5 17 18 0.010164999999999997
681 5 17 19 0.013195499999999995
682 5 17 20 0.04425299999999999
683 5 18 19 -0.018571499999999994
684 5 18 20 -0.024584499999999995
685 5 19 20 0.024382999999999995
686 6 7 8 0.03907449999999999
687 6 7 9 0.02715929999999999
688 6 7 10 0.013008999999999996
689 6 7 11 0.012059999999999998
690 6 7 12 0.04316099999999999
691 6 7 13 0.020515999999999993
692 6 7 14 0.023099149999999995
693 6 7 15 0.04751549999999999
694 6 7 16 0.012720999999999998
695 6 7 17 0.0279349
696 6 7 18 0.03691099999999999
697 6 7 19 -0.024936
698 6 7 20 0.012384999999999998
699 6 8 9 -0.015761549999999996
700 6 8 10 -0.03194449999999999
701 6 8 11 0.0021934999999999993
702 6 8 12 0.028124999999999994
703 6 8 13 -0.020062999999999994
704 6 8 14 -0.008332949999999999
705 6 8 15 0.019467999999999996
706 6 8 16 -0.013409999999999997
707 6 8 17 -0.00033260000000000223
708 6 8 18 -0.0313655
709 6 8 19 -0.016169499999999996
710 6 8 20 0.022348999999999994
711 6 9 10 -0.005730299999999998
712 6 9 11 -0.0008872999999999991
713 6 9 12 0.025087699999999994
714 6 9 13 -0.014204299999999998
715 6 9 14 0.019905699999999995
716 6 9 15 0.025721049999999992
717 6 9 16 0.0597787
718 6 9 17 0.0158266
719 6 9 18 0.010887649999999997
720 6 9 19 -0.0009128000000000009
721 6 9 20 0.011123199999999998
722 6 10 11 0.016008999999999995
723 6 10 12 0.004976999999999997
724 6 10 13 0.008441499999999998
725 6 10 14 0.019047999999999995
726 6 10 15 0.03670649999999999
727 6 10 16 0.023824499999999995
728 6 10 17 0.034868399999999994
729 6 10 18 0.0010419999999999982
730 6 10 19 -0.012240999999999998
731 6 10 20 0.0318725
732 6 11 12 0.03854149999999999
733 6 11 13 -0.03645849999999999
734 6 11 14 0.011640499999999996
735 6 11 15 0.01694115
736 6 11 16 0.013888500000000007
737 6 11 17 0.0057014
738 6 11 18 0.008184499999999997
739 6 11 19 0.0023110000000000014
740 6 11 20 0.032575999999999994
741 6 12 13 -0.01583335
742 6 12 14 -0.0007438499999999992
743 6 12 15 -0.0071594999999999975
744 6 12 16 -0.011824
745 6 12 17 -0.024506599999999996
746 6 12 18 0.004464499999999999
747 6 12 19 -0.028668599999999992
748 6 12 20 0.009223499999999999
749 6 13 14 0.013144999999999999
750 6 13 15 0.03330349999999999
751 6 13 16 0.04217399999999999
752 6 13 17 0.02250439999999999
753 6 13 18 0.004525849999999999
754 6 13 19 -0.025485499999999994
755 6 13 20 0.0364855
756 6 14 15 0.014047349999999997
757 6 14 16 0.022618499999999996
758 6 14 17 -0.011346099999999996
759 6 14 18 0.0186605
760 6 14 19 -0.04259849999999999
761 6 14 20 0.0024674999999999996
762 6 15 16 -0.009812499999999998
763 6 15 17 -0.014060099999999997
764 6 15 18 -0.0142274
765 6 15 19 -0.03447209999999999
766 6 15 20 -0.006187699999999997
767 6 16 17 -0.023129449999999996
768 6 16 18 -0.02337349999999999
769 6 16 19 -0.028819
770 6 16 20 -0.002039999999999999
771 6 17 18 -0.007690399999999998
772 6 17 19 -0.029252399999999994
773 6 17 20 0.031789099999999994
774 6 18 19 -0.04316399999999999
775 6 18 20 -0.019192999999999998
776 6 19 20 0.054367
777 7 8 9 -0.0038463499999999997
778 7 8 10 -0.005878999999999998
779 7 8 11 0.029207999999999994
780 7 8 12 0.024038499999999997
781 7 8 13 -0.0015044999999999985
782 7 8 14 0.007642399999999999
783 7 8 15 0.011026999999999997
784 7 8 16 0.012943499999999997
785 7 8 17 0.010806999999999997
786 7 8 18 -0.029201999999999992
787 7 8 19 0.04784099999999999
788 7 8 20 0.04903849999999999
789 7 9 10 0.00842
790 7 9 11 0.014211999999999994
791 7 9 12 0.009085999999999999
792 7 9 13 -0.0075609999999999965
793 7 9 14 0.023965849999999993
794 7 9 15 0.005364849999999999
795 7 9 16 0.07421699999999998
796 7 9 17 0.015050999999999998
797 7 9 18 0.00113595
798 7 9 19 0.05118249999999999
799 7 9 20 0.025897499999999997
800 7 10 11 0.016957999999999994
801 7 10 12 -0.025175
802 7 10 13 0.000934499999999999
803 7 10 14 0.008957849999999996
804 7 10 15 0.002199999999999998
805 7 10 16 0.024112499999999995
806 7 10 17 0.019942499999999995
807 7 10 18 -0.02286
808 7 10 19 0.025703999999999994
809 7 10 20 0.03249649999999999
810 7 11 12 0.007440499999999998
811 7 11 13 -0.04491449999999999
812 7 11 14 0.0006013500000000004
813 7 11 15 -0.018514349999999995
814 7 11 16 0.013227500000000007
815 7 11 17 -0.010173499999999995
816 7 11 18 -0.016666499999999997
817 7 11 19 0.039306999999999995
818 7 11 20 0.032250999999999995
819 7 12 13 0.00681165
820 7 12 14 0.019317999999999995
821 7 12 15 -0.011513999999999996
822 7 12 16 0.018615999999999994
823 7 12 17 -0.009280499999999997
824 7 12 18 0.010714499999999998
825 7 12 19 0.039428399999999995
826 7 12 20 0.039999499999999986
827 7 13 14 0.010561849999999998
828 7 13 15 0.006303999999999998
829 7 13 16 0.049968999999999986
830 7 13 17 0.015085499999999991
831 7 13 18 -0.011869149999999998
832 7 13 19 0.01996649999999999
833 7 13 20 0.044616499999999996
834 7 14 15 -0.010368999999999996
835 7 14 16 0.03299664999999999
836 7 14 17 -0.016181849999999998
837 7 14 18 0.00484865
838 7 14 19 0.00543665
839 7 14 20 0.013181649999999998
840 7 15 16 0.024981999999999994
841 7 15 17 0.005520499999999999
842 7 15 18 -0.003622899999999999
843 7 15 19 0.03797939999999999
844 7 15 20 0.028942799999999994
845 7 16 17 -0.03834334999999999
846 7 16 18 -0.04756349999999999
847 7 16 19 0.008837999999999999
848 7 16 20 -0.0017039999999999985
849 7 17 18 -0.016666499999999997
850 7 17 19 0.023618499999999997
851 7 17 20 0.04733899999999999
852 7 18 19 0.018682999999999998
853 7 18 20 0.005332999999999998
854 7 19 20 0.017045999999999995
855 8 9 10 0.010452649999999999
856 8 9 11 -0.018842349999999994
857 8 9 12 -0.01879885
858 8 9 13 -0.009902849999999996
859 8 9 14 0.012477099999999998
860 8 9 15 -0.009508499999999998
861 8 9 16 0.057427149999999996
862 8 9 17 0.0003976500000000021
863 8 9 18 0.026491599999999994
864 8 9 19 -0.0005048499999999996
865 8 9 20 -0.026987349999999993
866 8 10 11 -0.018128999999999996
867 8 10 12 -0.055092499999999996
868 8 10 13 -0.0034400000000000003
869 8 10 14 -0.004563549999999999
870 8 10 15 -0.014705999999999995
871 8 10 16 0.005289999999999996
872 8 10 17 0.0032565000000000007
873 8 10 18 0.0004630000000000022
874 8 10 19 -0.028016
875 8 10 20 -0.022420999999999993
876 8 11 12 0.012609999999999996
877 8 11 13 -0.014201999999999998
878 8 11 14 0.022166949999999994
879 8 11 15 -0.0003333499999999995
880 8 11 16 0.029491999999999997
881 8 11 17 0.0082275
882 8 11 18 0.041743499999999996
883 8 11 19 0.020673999999999994
884 8 11 20 0.012420499999999998
885 8 12 13 0.032354649999999985
886 8 12 14 0.03571409999999999
887 8 12 15 0.0014975000000000012
888 8 12 16 0.02971099999999999
889 8 12 17 0.003951000000000001
890 8 12 18 0.06395499999999998
891 8 12 19 0.015625899999999995
892 8 12 20 0.014999499999999999
893 8 13 14 0.0014149499999999999
894 8 13 15 -0.006227499999999999
895 8 13 16 0.03552099999999999
896 8 13 17 0.0027739999999999983
897 8 13 18 0.01582835
898 8 13 19 -0.029378999999999992
899 8 13 20 -0.005926499999999994
900 8 14 15 -0.013753599999999998
901 8 14 16 0.02769554999999999
902 8 14 17 -0.019346449999999998
903 8 14 18 0.04169304999999999
904 8 14 19 -0.03476195
905 8 14 20 -0.028214449999999995
906 8 15 16 0.023065499999999992
907 8 15 17 0.0057405
908 8 15 18 0.036606099999999996
909 8 15 19 0.001165399999999999
910 8 15 20 -0.009068699999999997
911 8 16 17 -0.03620684999999999
912 8 16 18 -0.005417999999999997
913 8 16 19 -0.026059499999999996
914 8 16 20 -0.037798999999999985
915 8 17 18 0.02334249999999999
916 8 17 19 -0.013415499999999999
917 8 17 20 0.009107499999999998
918 8 18 19 -0.05835999999999999
919 8 18 20 -0.07290749999999999
920 8 19 20 0.015848499999999998
921 9 10 11 0.011165999999999999
922 9 10 12 -0.025841
923 9 10 13 0.016915499999999993
924 9 10 14 -0.006587999999999998
925 9 10 15 0.00525515
926 9 10 16 -0.04168449999999999
927 9 10 17 0.013311499999999997
928 9 10 18 -0.015575949999999996
929 9 10 19 -0.017058499999999997
930 9 10 20 0.015018999999999998
931 9 11 12 0.012566499999999996
932 9 11 13 -0.023141499999999995
933 9 11 14 -0.0091525
934 9 11 15 -0.009667199999999999
935 9 11 16 -0.04677749999999998
936 9 11 17 -0.011012499999999995
937 9 11 18 -0.0035904499999999994
938 9 11 19 0.0023365000000000018
939 9 11 20 0.020565499999999994
940 9 12 13 0.02345864999999999
941 9 12 14 0.004438149999999998
942 9 12 15 -0.007792849999999999
943 9 12 16 -0.04651499999999999
944 9 12 17 -0.015245499999999999
945 9 12 18 0.018664549999999995
946 9 12 19 -0.0026680999999999996
947 9 12 20 0.023187999999999993
948 9 13 14 -0.020964999999999998
949 9 13 15 -0.00662185
950 9 13 16 -0.03180899999999999
951 9 13 17 -0.007526500000000001
952 9 13 18 -0.020566099999999993
953 9 13 19 -0.03877699999999999
954 9 13 20 0.011157999999999998
955 9 14 15 0.008232
956 9 14 16 -0.017254499999999996
957 9 14 17 -0.007266999999999998
958 9 14 18 0.027678549999999993
959 9 14 19 -0.021779999999999994
960 9 14 20 0.011249999999999998
961 9 15 16 -0.04387014999999999
962 9 15 17 -0.004165649999999998
963 9 15 18 0.0006059999999999994
964 9 15 19 -0.007838249999999998
965 9 15 20 0.008410149999999998
966 9 16 17 0.020822649999999995
967 9 16 18 0.025517549999999996
968 9 16 19 0.0318725
969 9 16 20 0.04661549999999999
970 9 17 18 -0.002751449999999999
971 9 17 19 -0.012513
972 9 17 20 0.03649249999999999
973 9 18 19 -0.03136354999999999
974 9 18 20 -0.01942855
975 9 19 20 0.042330999999999994
976 10 11 12 0.0495735
977 10 11 13 -0.028890999999999993
978 10 11 14 0.008601499999999998
979 10 11 15 -0.00375635
980 10 11 16 0.00607300000000001
981 10 11 17 -0.013157999999999993
982 10 11 18 0.023151499999999995
983 10 11 19 0.030560999999999998
984 10 11 20 0.016712499999999995
985 10 12 13 -0.019297849999999995
986 10 12 14 -0.014814849999999997
987 10 12 15 -0.038888999999999986
988 10 12 16 -0.030671499999999997
989 10 12 17 -0.05439799999999999
990 10 12 18 0.008399499999999999
991 10 12 19 -0.011450599999999997
992 10 12 20 -0.017671999999999997
993 10 13 14 0.002538499999999999
994 10 13 15 0.005038499999999998
995 10 13 16 0.02679099999999999
996 10 13 17 -0.003922500000000001
997 10 13 18 0.011925349999999998
998 10 13 19 -0.004802999999999998
999 10 13 20 0.013054499999999997
1000 10 14 15 -0.00361115
1001 10 14 16 0.017842
1002 10 14 17 -0.027166499999999996
1003 10 14 18 0.0366665
1004 10 14 19 -0.011309499999999997
1005 10 14 20 -0.010356999999999998
1006 10 15 16 0.003069500000000001
1007 10 15 17 -0.012221999999999997
1008 10 15 18 0.021437099999999994
1009 10 15 19 0.0144754
1010 10 15 20 -0.0013537000000000004
1011 10 16 17 -0.03417334999999999
1012 10 16 18 -0.0005909999999999997
1013 10 16 19 0.007246499999999999
1014 10 16 20 -0.010087999999999998
1015 10 17 18 0.026135999999999996
1016 10 17 19 0.017856999999999998
1017 10 17 20 0.034784999999999996
1018 10 18 19 -0.02988099999999999
1019 10 18 20 -0.050023499999999985
1020 10 19 20 0.010253499999999997
1021 11 12 13 0.05916664999999999
1022 11 12 14 0.026157149999999997
1023 11 12 15 0.014440849999999998
1024 11 12 16 0.012828999999999986
1025 11 12 17 0.008333499999999997
1026 11 12 18 0.03482149999999999
1027 11 12 19 0.007561899999999998
1028 11 12 20 0.015188999999999996
1029 11 13 14 -0.03495399999999999
1030 11 13 15 -0.020096149999999997
1031 11 13 16 -0.008173000000000008
1032 11 13 17 -0.0196555
1033 11 13 18 -0.04011715
1034 11 13 19 -0.06425499999999999
1035 11 13 20 -0.032548999999999995
1036 11 14 15 0.008746699999999998
1037 11 14 16 0.020370499999999982
1038 11 14 17 -0.0054069999999999995
1039 11 14 18 0.022116499999999994
1040 11 14 19 -0.03326899999999999
1041 11 14 20 -0.018468
1042 11 15 16 -0.00675985000000001
1043 11 15 17 -0.002820349999999999
1044 11 15 18 -0.005470749999999998
1045 11 15 19 -0.019841949999999994
1046 11 15 20 -0.021822549999999993
1047 11 16 17 -0.014942349999999986
1048 11 16 18 -0.017669499999999984
1049 11 16 19 -0.017241499999999986
1050 11 16 20 -0.020727499999999986
1051 11 17 18 -0.010173499999999997
1052 11 17 19 -0.025861999999999996
1053 11 17 20 0.0049145
1054 11 18 19 -0.0372905
1055 11 18 20 -0.0435845
1056 11 19 20 0.024101999999999995
1057 12 13 14 -0.0019445000000000005
1058 12 13 15 0.024629649999999993
1059 12 13 16 0.03816464999999999
1060 12 13 17 0.03117764999999999
1061 12 13 18 -0.015771999999999994
1062 12 13 19 -0.012650249999999997
1063 12 13 20 0.011428649999999999
1064 12 14 15 0.02046299999999999
1065 12 14 16 0.03369865
1066 12 14 17 0.012416649999999996
1067 12 14 18 0.013452149999999998
1068 12 14 19 -0.014673749999999998
1069 12 14 20 -0.007499849999999999
1070 12 15 16 -0.005147999999999997
1071 12 15 17 0.003287
1072 12 15 18 -0.025851399999999993
1073 12 15 19 -0.012962999999999995
1074 12 15 20 -0.022570699999999996
1075 12 16 17 -0.01044685
1076 12 16 18 -0.039661999999999996
1077 12 16 19 -0.0119744
1078 12 16 20 -0.023087499999999997
1079 12 17 18 -0.03666149999999999
1080 12 17 19 -0.025090399999999995
1081 12 17 20 -0.0019409999999999991
1082 12 18 19 -0.010030899999999995
1083 12 18 20 -0.023951999999999994
1084 12 19 20 0.016474899999999997
1085 13 14 15 -0.006111149999999998
1086 13 14 16 -0.0064104999999999995
1087 13 14 17 -0.020705499999999995
1088 13 14 18 0.027279649999999996
1089 13 14 19 -0.003968000000000001
1090 13 14 20 -0.020872999999999996
1091 13 15 16 -0.018682999999999995
1092 13 15 17 -0.003260999999999997
1093 13 15 18 0.014550249999999994
1094 13 15 19 0.024316899999999995
1095 13 15 20 -0.009369699999999998
1096 13 16 17 -0.0034598499999999957
1097 13 16 18 0.014274649999999996
1098 13 16 19 0.03884049999999999
1099 13 16 20 0.0036485
1100 13 17 18 0.010288149999999996
1101 13 17 19 0.01873749999999999
1102 13 17 20 0.01780799999999999
1103 13 18 19 -0.013152649999999997
1104 13 18 20 -0.05115264999999999
1105 13 19 20 -0.007603999999999998
1106 14 15 16 -0.018383649999999994
1107 14 15 17 0.011333349999999997
1108 14 15 18 -0.018840549999999994
1109 14 15 19 0.022173749999999996
1110 14 15 20 0.005392149999999999
1111 14 16 17 0.010835149999999997
1112 14 16 18 -0.0194155
1113 14 16 19 0.03639799999999999
1114 14 16 20 0.018110999999999995
1115 14 17 18 -0.037696999999999994
1116 14 17 19 0.0019999999999999983
1117 14 17 20 0.017975499999999995
1118 14 18 19 0.018094999999999997
1119 14 18 20 -0.003000000000000002
1120 14 19 20 0.009300999999999997
1121 15 16 17 -0.01888185
1122 15 16 18 -0.018958599999999996
1123 15 16 19 -0.004159399999999998
1124 15 16 20 -0.005664799999999998
1125 15 17 18 -0.007523099999999997
1126 15 17 19 -0.008840399999999998
1127 15 17 20 0.023916699999999996
1128 15 18 19 -0.022919299999999993
1129 15 18 20 -0.0272327
1130 15 19 20 0.02608259999999999
1131 16 17 18 -0.007446349999999999
1132 16 17 19 -0.023562849999999996
1133 16 17 20 0.010699649999999998
1134 16 18 19 -0.03771849999999999
1135 16 18 20 -0.040526499999999986
1136 16 19 20 0.027587999999999994
1137 17 18 19 -0.021601999999999993
1138 17 18 20 -0.058672499999999995
1139 17 19 20 -0.006674499999999998
1140 18 19 20 0.030395999999999992
