t i j k u[t]=u_ijk
1 1 2 3 0.019031500000000003
2 1 2 4 -0.0048094999999999995
3 1 2 5 0.002448399999999999
4 1 2 6 -0.016291399999999998
5 1 2 7 -0.0078714
6 1 2 8 -0.01212
7 1 2 9 -0.0006218999999999993
8 1 2 10 0.0014335000000000005
9 1 2 11 -0.00765167
10 1 2 12 0.007676499999999999
11 1 2 13 -0.017965500000000002
12 1 2 14 -0.014362999999999999
13 1 2 15 0.007688
14 1 2 16 0.0024795000000000012
15 1 2 17 -0.00039240000000000043
16 1 2 18 -0.0018509999999999991
17 1 2 19 -0.008135499999999999
18 1 2 20 -0.009826000000000001
19 1 3 4 0.0030720000000000005
20 1 3 5 -0.00505
21 1 3 6 -0.01184795
22 1 3 7 0.0012865
23 1 3 8 -0.0108825
24 1 3 9 -0.0059675
25 1 3 10 -0.0039875
26 1 3 11 -0.0062863500000000004
27 1 3 12 -0.003498
28 1 3 13 -0.007990500000000001
29 1 3 14 -0.010459499999999998
30 1 3 15 -0.0038296999999999997
31 1 3 16 -0.0020744999999999987
32 1 3 17 -0.005625500000000001
33 1 3 18 -0.00035099999999999856
34 1 3 19 0.0010040000000000008
35 1 3 20 0.010298
36 1 4 5 -0.009186500000000002
37 1 4 6 -0.01496095
38 1 4 7 -0.0037438000000000007
39 1 4 8 0.0021420999999999996
40 1 4 9 -0.0116545
41 1 4 10 0.0024825
42 1 4 11 -0.005962
43 1 4 12 0.0024300000000000003
44 1 4 13 0.004076999999999998
45 1 4 14 0.0021372
46 1 4 15 0.006144
47 1 4 16 0.002594000000000001
48 1 4 17 -0.0081375
49 1 4 18 -0.007988999999999998
50 1 4 19 -0.0001794999999999991
51 1 4 20 -0.003356500000000001
52 1 5 6 0.00048655000000000085
53 1 5 7 -0.01220255
54 1 5 8 -0.003876049999999999
55 1 5 9 -0.005930499999999999
56 1 5 10 -0.0008401499999999985
57 1 5 11 0.010549500000000003
58 1 5 12 0.004698150000000001
59 1 5 13 0.0028298999999999998
60 1 5 14 -0.012793499999999996
61 1 5 15 0.0008985500000000012
62 1 5 16 0.013708000000000005
63 1 5 17 0.0036030000000000003
64 1 5 18 -0.0009249999999999981
65 1 5 19 -0.0087865
66 1 5 20 -0.015000999999999997
67 1 6 7 0.016413450000000003
68 1 6 8 0.01104545
69 1 6 9 0.0014149500000000008
70 1 6 10 0.0110705
71 1 6 11 0.01094445
72 1 6 12 0.014686349999999999
73 1 6 13 0.012683099999999998
74 1 6 14 -0.0011635499999999993
75 1 6 15 0.00367145
76 1 6 16 0.005714950000000001
77 1 6 17 0.010806299999999998
78 1 6 18 0.00964445
79 1 6 19 0.026379950000000003
80 1 6 20 0.0072878000000000005
81 1 7 8 0.0034662
82 1 7 9 0.008384
83 1 7 10 0.012112300000000001
84 1 7 11 -0.009805500000000002
85 1 7 12 0.021352
86 1 7 13 0.0008305000000000007
87 1 7 14 -0.002996499999999999
88 1 7 15 0.0028336500000000005
89 1 7 16 -0.0014514999999999988
90 1 7 17 0.00774545
91 1 7 18 0.0126254
92 1 7 19 -0.0025579999999999965
93 1 7 20 -0.009304
94 1 8 9 -0.006260500000000001
95 1 8 10 0.0030215000000000003
96 1 8 11 0.0061977
97 1 8 12 0.0046830000000000005
98 1 8 13 -0.0034550000000000023
99 1 8 14 -0.002889
100 1 8 15 0.006057215000000001
101 1 8 16 0.003084500000000001
102 1 8 17 0.003717
103 1 8 18 -0.001413499999999998
104 1 8 19 0.004060000000000001
105 1 8 20 0.018257000000000002
106 1 9 10 0.009600500000000001
107 1 9 11 -0.00180885
108 1 9 12 0.00578625
109 1 9 13 -0.005402500000000002
110 1 9 14 0.0077265
111 1 9 15 0.00158465
112 1 9 16 0.017861500000000002
113 1 9 17 0.012201
114 1 9 18 0.01902
115 1 9 19 0.0133165
116 1 9 20 0.0036441499999999988
117 1 10 11 -0.0179295
118 1 10 12 -0.015207000000000002
119 1 10 13 -0.005206000000000002
120 1 10 14 -0.010613500000000001
121 1 10 15 -0.0066537
122 1 10 16 0.0027987000000000003
123 1 10 17 -0.004555800000000001
124 1 10 18 -0.0083815
125 1 10 19 -0.0036774999999999993
126 1 10 20 0.007383
127 1 11 12 0.00739235
128 1 11 13 0.004620499999999999
129 1 11 14 -0.0006155
130 1 11 15 0.0007495000000000002
131 1 11 16 0.014141
132 1 11 17 0.0133625
133 1 11 18 0.011491305
134 1 11 19 0.006453400000000001
135 1 11 20 0.016883
136 1 12 13 -0.004991000000000002
137 1 12 14 -0.009960000000000002
138 1 12 15 -0.0078242
139 1 12 16 0.008201
140 1 12 17 -0.002753550000000001
141 1 12 18 0.016373000000000002
142 1 12 19 0.0077610000000000005
143 1 12 20 0.000678949999999999
144 1 13 14 -0.017686999999999998
145 1 13 15 0.002132500000000001
146 1 13 16 0.009463500000000001
147 1 13 17 0.007816000000000002
148 1 13 18 0.001701700000000002
149 1 13 19 -0.003970399999999997
150 1 13 20 0.0066300000000000005
151 1 14 15 0.010586
152 1 14 16 0.012329000000000001
153 1 14 17 0.002848049999999999
154 1 14 18 -0.005026499999999999
155 1 14 19 -0.0048495
156 1 14 20 -0.008028
157 1 15 16 -0.00016449999999999936
158 1 15 17 0.002000299999999999
159 1 15 18 -0.0066795000000000005
160 1 15 19 -0.012683
161 1 15 20 -0.010385000000000002
162 1 16 17 -0.012030500000000001
163 1 16 18 0.006540100000000001
164 1 16 19 0.0017253900000000003
165 1 16 20 0.0035554999999999988
166 1 17 18 -0.014778999999999997
167 1 17 19 -0.008823499999999998
168 1 17 20 -0.0010821499999999996
169 1 18 19 -0.0058975
170 1 18 20 -0.015513500000000001
171 1 19 20 0.0014924999999999988
172 2 3 4 0.026913000000000003
173 2 3 5 0.011533100000000001
174 2 3 6 0.02347495
175 2 3 7 0.028189399999999996
176 2 3 8 0.020269000000000006
177 2 3 9 0.013685899999999999
178 2 3 10 0.0136105
179 2 3 11 0.020396820000000003
180 2 3 12 0.007857000000000003
181 2 3 13 0.0290065
182 2 3 14 0.022935
183 2 3 15 0.007513800000000001
184 2 3 16 0.014477500000000003
185 2 3 17 0.013798399999999999
186 2 3 18 0.0205315
187 2 3 19 0.028171000000000005
188 2 3 20 0.0391555
189 2 4 5 -0.0164444
190 2 4 6 -0.0034790500000000005
191 2 4 7 -0.0006819
192 2 4 8 0.0094526
193 2 4 9 -0.0158421
194 2 4 10 -0.0037604999999999995
195 2 4 11 -0.00311983
196 2 4 12 -0.010056
197 2 4 13 0.017233
198 2 4 14 0.0116907
199 2 4 15 -0.006353500000000001
200 2 4 16 -0.004695
201 2 4 17 -0.012554599999999999
202 2 4 18 -0.010947499999999999
203 2 4 19 0.0031464999999999996
204 2 4 20 0.001659999999999999
205 2 5 6 0.01922635
206 2 5 7 -0.0018827500000000003
207 2 5 8 0.01069235
208 2 5 9 -0.0028602000000000002
209 2 5 10 0.0001747499999999999
210 2 5 11 0.02064957
211 2 5 12 -0.0005299500000000003
212 2 5 13 0.0232438
213 2 5 14 0.004017900000000002
214 2 5 15 -0.004341050000000001
215 2 5 16 0.0136769
216 2 5 17 0.006443800000000001
217 2 5 18 0.0033744000000000014
218 2 5 19 0.0017973999999999991
219 2 5 20 -0.0027266000000000013
220 2 6 7 0.007993450000000001
221 2 6 8 0.0068740500000000005
222 2 6 9 -0.01425455
223 2 6 10 -0.0066543999999999996
224 2 6 11 0.0023047200000000006
225 2 6 12 -0.00928155
226 2 6 13 0.014357199999999999
227 2 6 14 -0.0030919499999999987
228 2 6 15 -0.020307949999999998
229 2 6 16 -0.013055949999999998
230 2 6 17 -0.0050927
231 2 6 18 -0.00479595
232 2 6 19 0.01822405
233 2 6 20 0.0008224000000000003
234 2 7 8 0.007714799999999999
235 2 7 9 0.0011344999999999999
236 2 7 10 0.0028074
237 2 7 11 -0.01002523
238 2 7 12 0.0058040999999999995
239 2 7 13 0.010924600000000001
240 2 7 14 0.0034950999999999997
241 2 7 15 -0.012725750000000001
242 2 7 16 -0.0118024
243 2 7 17 0.00026645000000000005
244 2 7 18 0.006605
245 2 7 19 -0.002293899999999999
246 2 7 20 -0.007349400000000001
247 2 8 9 -0.017758600000000003
248 2 8 10 -0.010532
249 2 8 11 0.0017293699999999998
250 2 8 12 -0.015113499999999998
251 2 8 13 0.002390499999999998
252 2 8 14 -0.0006460000000000007
253 2 8 15 -0.013750785000000001
254 2 8 16 -0.011515000000000001
255 2 8 17 -0.008010600000000001
256 2 8 18 -0.011682499999999998
257 2 8 19 7.549999999999918e-5
258 2 8 20 0.015962999999999998
259 2 9 10 0.007545100000000001
260 2 9 11 0.00522092
261 2 9 12 -0.0025121500000000003
262 2 9 13 0.0119411
263 2 9 14 0.0214676
264 2 9 15 -0.0067252499999999995
265 2 9 16 0.014760100000000002
266 2 9 17 0.0119715
267 2 9 18 0.020249099999999996
268 2 9 19 0.0208301
269 2 9 20 0.012848249999999999
270 2 10 11 -0.00884433
271 2 10 12 -0.021450000000000004
272 2 10 13 0.014192999999999999
273 2 10 14 0.005182999999999999
274 2 10 15 -0.012908200000000002
275 2 10 16 0.0017527
276 2 10 17 -0.0027298999999999995
277 2 10 18 -0.005097000000000001
278 2 10 19 0.005891499999999999
279 2 10 20 0.018642500000000003
280 2 11 12 -0.007935820000000001
281 2 11 13 0.014934330000000003
282 2 11 14 0.00609583
283 2 11 15 -0.014590170000000001
284 2 11 16 0.004009830000000001
285 2 11 17 0.006103229999999999
286 2 11 18 0.005690635
287 2 11 19 0.006937229999999999
288 2 11 20 0.01905733
289 2 12 13 0.020650999999999996
290 2 12 14 0.0120795
291 2 12 15 -0.007835700000000001
292 2 12 16 0.013397999999999998
293 2 12 17 0.00531535
294 2 12 18 0.025900500000000003
295 2 12 19 0.023573
296 2 12 20 0.01818145
297 2 13 14 -0.0212895
298 2 13 15 -0.023520999999999997
299 2 13 16 -0.0109815
300 2 13 17 -0.0097571
301 2 13 18 -0.014412799999999998
302 2 13 19 -0.0138004
303 2 13 20 -0.0015094999999999998
304 2 14 15 -0.011465
305 2 14 16 -0.0045134999999999975
306 2 14 17 -0.011122550000000002
307 2 14 18 -0.0175385
308 2 14 19 -0.011077
309 2 14 20 -0.012564999999999998
310 2 15 16 0.005044
311 2 15 17 0.0100807
312 2 15 18 0.0028594999999999983
313 2 15 19 0.003140500000000002
314 2 15 20 0.007129
315 2 16 17 -0.009158600000000001
316 2 16 18 0.010870600000000001
317 2 16 19 0.01234039
318 2 16 20 0.015861
319 2 17 18 -0.013320400000000001
320 2 17 19 -0.0010804000000000009
321 2 17 20 0.00835145
322 2 18 19 0.00038699999999999916
323 2 18 20 -0.007538500000000001
324 2 19 20 0.003183
325 3 4 5 -0.0010645000000000016
326 3 4 6 -4.099999999999937e-5
327 3 4 7 -0.0019583000000000005
328 3 4 8 0.0160966
329 3 4 9 -0.0026150000000000006
330 3 4 10 0.009541999999999998
331 3 4 11 0.0033963500000000002
332 3 4 12 0.009000000000000001
333 3 4 13 0.015139499999999998
334 3 4 14 0.0156687
335 3 4 15 0.0130457
336 3 4 16 0.007740499999999998
337 3 4 17 0.0005600000000000022
338 3 4 18 -0.004566000000000001
339 3 4 19 0.0018885000000000013
340 3 4 20 -0.0105825
341 3 5 6 0.007284500000000001
342 3 5 7 -0.01853905
343 3 5 8 0.0019564500000000006
344 3 5 9 -0.005013
345 3 5 10 -0.0019026499999999997
346 3 5 11 0.011785850000000002
347 3 5 12 0.0031461500000000003
348 3 5 13 0.005770399999999999
349 3 5 14 -0.007383999999999999
350 3 5 15 -0.00032174999999999945
351 3 5 16 0.0107325
352 3 5 17 0.004178500000000001
353 3 5 18 -0.005624
354 3 5 19 -0.0148405
355 3 5 20 -0.030348999999999998
356 3 6 7 0.003279
357 3 6 8 0.01008
358 3 6 9 -0.0044655
359 3 6 10 0.00321005
360 3 6 11 0.005382850000000001
361 3 6 12 0.0063364
362 3 6 13 0.008825649999999999
363 3 6 14 -0.002552
364 3 6 15 -0.0043468
365 3 6 16 -0.004058500000000001
366 3 6 17 0.00458385
367 3 6 18 -0.0018525000000000013
368 3 6 19 0.013528
369 3 6 20 -0.014858150000000002
370 3 7 8 0.0156352
371 3 7 9 0.015638
372 3 7 10 0.0173863
373 3 7 11 -0.00223265
374 3 7 12 0.0261365
375 3 7 13 0.0101075
376 3 7 14 0.0087495
377 3 7 15 0.00794985
378 3 7 16 0.0019095
379 3 7 17 0.01465745
380 3 7 18 0.0142629
381 3 7 19 -0.0022754999999999997
382 3 7 20 -0.018315500000000002
383 3 8 9 -0.011175500000000001
384 3 8 10 -0.0038734999999999998
385 3 8 11 0.0016015500000000004
386 3 8 12 -0.0027015
387 3 8 13 -0.006347000000000003
388 3 8 14 -0.0033120000000000007
389 3 8 15 -0.0009955849999999998
390 3 8 16 -0.0057235
391 3 8 17 -0.001539999999999999
392 3 8 18 -0.011944999999999999
393 3 8 19 -0.0078265
394 3 8 20 -0.0029234999999999994
395 3 9 10 0.0076205
396 3 9 11 -0.001489999999999999
397 3 9 12 0.00331675
398 3 9 13 -0.0033795000000000006
399 3 9 14 0.0122185
400 3 9 15 -0.0005531499999999994
401 3 9 16 0.0139685
402 3 9 17 0.011859000000000001
403 3 9 18 0.013403499999999999
404 3 9 19 0.006345000000000001
405 3 9 20 -0.01262135
406 3 10 11 -0.015630650000000003
407 3 10 12 -0.015696500000000002
408 3 10 13 -0.0012030000000000014
409 3 10 14 -0.0041415
410 3 10 15 -0.0068115
411 3 10 16 0.0008856999999999997
412 3 10 17 -0.002917799999999999
413 3 10 18 -0.012018000000000001
414 3 10 19 -0.008668999999999998
415 3 10 20 -0.006902499999999999
416 3 11 12 0.004604
417 3 11 13 0.00632465
418 3 11 14 0.0035576499999999994
419 3 11 15 -0.00170715
420 3 11 16 0.00992915
421 3 11 17 0.012701650000000002
422 3 11 18 0.005555955
423 3 11 19 -0.0008369500000000003
424 3 11 20 0.00029864999999999894
425 3 12 13 -0.0004985000000000018
426 3 12 14 -0.002998500000000001
427 3 12 15 -0.007492500000000001
428 3 12 16 0.006777499999999999
429 3 12 17 -0.0006260499999999995
430 3 12 18 0.013225999999999998
431 3 12 19 0.003259
432 3 12 20 -0.013117050000000002
433 3 13 14 -0.015217999999999997
434 3 13 15 -0.0020282999999999994
435 3 13 16 0.0035475000000000007
436 3 13 17 0.005451000000000002
437 3 13 18 -0.0059378
438 3 13 19 -0.012964899999999998
439 3 13 20 -0.0116585
440 3 14 15 0.0039562
441 3 14 16 0.0039440000000000005
442 3 14 17 -0.001985949999999999
443 3 14 18 -0.015135
444 3 14 19 -0.016312999999999998
445 3 14 20 -0.028785500000000002
446 3 15 16 -0.0019197000000000005
447 3 15 17 0.0037961000000000015
448 3 15 18 -0.010158200000000001
449 3 15 19 -0.0175167
450 3 15 20 -0.024512700000000002
451 3 16 17 -0.0084795
452 3 16 18 0.0048166
453 3 16 19 -0.001353109999999999
454 3 16 20 -0.008816999999999998
455 3 17 18 -0.020053500000000002
456 3 17 19 -0.015453
457 3 17 20 -0.01700565
458 3 18 19 -0.007252499999999999
459 3 18 20 -0.0261625
460 3 19 20 -0.0078015
461 4 5 6 0.006261
462 4 5 7 -0.01764525
463 4 5 8 -0.015204649999999998
464 4 5 9 -0.003462500000000001
465 4 5 10 -0.012509149999999998
466 4 5 11 0.007325000000000001
467 4 5 12 -0.00691835
468 4 5 13 -0.010433600000000001
469 4 5 14 -0.024117200000000002
470 4 5 15 -0.014431950000000002
471 4 5 16 0.0019275000000000002
472 4 5 17 0.0025539999999999985
473 4 5 18 -0.002122500000000001
474 4 5 19 -0.0177935
475 4 5 20 -0.020831
476 4 6 7 0.005196299999999999
477 4 6 8 -0.006057600000000001
478 4 6 9 -0.0018915000000000002
479 4 6 10 -0.00637295
480 4 6 11 0.0019454999999999993
481 4 6 12 -0.0027046000000000006
482 4 6 13 -0.00635485
483 4 6 14 -0.0182617
484 4 6 15 -0.0174335
485 4 6 16 -0.01184
486 4 6 17 0.003982849999999999
487 4 6 18 0.0026724999999999987
488 4 6 19 0.0115985
489 4 6 20 -0.00431665
490 4 7 8 -0.0024197000000000003
491 4 7 9 0.0162947
492 4 7 10 0.005886000000000001
493 4 7 11 -0.007587300000000001
494 4 7 12 0.015178200000000001
495 4 7 13 -0.006990299999999999
496 4 7 14 -0.008877499999999998
497 4 7 15 -0.00705415
498 4 7 16 -0.0077893
499 4 7 17 0.012139149999999998
500 4 7 18 0.0168706
501 4 7 19 -0.006122299999999998
502 4 7 20 -0.009691299999999998
503 4 8 9 0.007536099999999998
504 4 8 10 0.0026811
505 4 8 11 0.014301800000000002
506 4 8 12 0.0043951
507 4 8 13 -0.005389900000000001
508 4 8 14 -0.0028841000000000006
509 4 8 15 0.002055315
510 4 8 16 0.0026326
511 4 8 17 0.0139966
512 4 8 18 0.0087176
513 4 8 19 0.0063816
514 4 8 20 0.023755599999999998
515 4 9 10 -0.0045365
516 4 9 11 -0.007501349999999999
517 4 9 12 -0.00829825
518 4 9 13 -0.021134
519 4 9 14 -0.0060652
520 4 9 15 -0.016213850000000002
521 4 9 16 0.0036130000000000008
522 4 9 17 0.008684
523 4 9 18 0.015354499999999998
524 4 9 19 0.0018415
525 4 9 20 -0.00465385
526 4 10 11 -0.009485
527 4 10 12 -0.015154500000000001
528 4 10 13 -0.006800500000000001
529 4 10 14 -0.010268200000000002
530 4 10 15 -0.0103152
531 4 10 16 0.0026872
532 4 10 17 0.0060642
533 4 10 18 0.002089999999999999
534 4 10 19 -0.0010155000000000003
535 4 10 20 0.013222000000000001
536 4 11 12 -0.0009996499999999995
537 4 11 13 -0.005418500000000001
538 4 11 14 -0.0087147
539 4 11 15 -0.0113565
540 4 11 16 0.0055850000000000006
541 4 11 17 0.015538
542 4 11 18 0.013518305000000001
543 4 11 19 0.0006709
544 4 11 20 0.014277500000000002
545 4 12 13 -0.0066380000000000015
546 4 12 14 -0.0096672
547 4 12 15 -0.0115382
548 4 12 16 0.008036999999999999
549 4 12 17 0.00781395
550 4 12 18 0.026792000000000007
551 4 12 19 0.0103705
552 4 12 20 0.006465450000000001
553 4 13 14 -0.015747200000000003
554 4 13 15 6.550000000000028e-5
555 4 13 16 0.0109465
556 4 13 17 0.0200305
557 4 13 18 0.013767699999999999
558 4 13 19 0.00028610000000000023
559 4 13 20 0.014063500000000001
560 4 14 15 0.0065791999999999995
561 4 14 16 0.011872200000000001
562 4 14 17 0.013122749999999999
563 4 14 18 0.0050996999999999995
564 4 14 19 -0.0025328000000000004
565 4 14 20 -0.0025342999999999993
566 4 15 16 0.003385499999999999
567 4 15 17 0.016281800000000003
568 4 15 18 0.007453499999999998
569 4 15 19 -0.006359499999999999
570 4 15 20 -0.0008844999999999992
571 4 16 17 -0.0012990000000000015
572 4 16 18 0.017123100000000002
573 4 16 19 0.00449889
574 4 16 20 0.009506
575 4 17 18 -0.014927499999999998
576 4 17 19 -0.0167815
577 4 17 20 -0.005863149999999999
578 4 18 19 -0.013707
579 4 18 20 -0.020145999999999997
580 4 19 20 0.004669500000000001
581 5 6 7 0.02910255
582 5 6 8 0.015408050000000001
583 5 6 9 0.007832
584 5 6 10 0.012397199999999999
585 5 6 11 0.0008814999999999989
586 5 6 12 0.010474750000000001
587 5 6 13 0.010339749999999998
588 5 6 14 0.012116499999999999
589 5 6 15 0.0032594500000000005
590 5 6 16 -0.0075065
591 5 6 17 0.007689849999999999
592 5 6 18 0.011055999999999998
593 5 6 19 0.035653000000000004
594 5 6 20 0.02277535
595 5 7 8 -0.004860300000000001
596 5 7 9 0.00211195
597 5 7 10 0.0007498999999999996
598 5 7 11 -0.032557550000000005
599 5 7 12 0.0044513
600 5 7 13 -0.01420195
601 5 7 14 -0.0024055500000000007
602 5 7 15 -0.01026745
603 5 7 16 -0.027362050000000006
604 5 7 17 -0.0080601
605 5 7 18 0.0013478499999999994
606 5 7 19 -0.005974049999999999
607 5 7 20 -0.006505550000000001
608 5 8 9 -0.00420605
609 5 8 10 -1.4399999999999135e-5
610 5 8 11 -0.00822785
611 5 8 12 -0.0038912000000000005
612 5 8 13 -0.010160950000000002
613 5 8 14 0.0060284499999999994
614 5 8 15 0.0012826150000000004
615 5 8 16 -0.014499549999999998
616 5 8 17 -0.003762049999999999
617 5 8 18 -0.004364549999999999
618 5 8 19 0.008970450000000001
619 5 8 20 0.029381950000000004
620 5 9 10 0.00451015
621 5 9 11 -0.018288850000000002
622 5 9 12 -0.004842400000000001
623 5 9 13 -0.014162900000000003
624 5 9 14 0.014589500000000002
625 5 9 15 -0.005244400000000001
626 5 9 16 -0.0017770000000000008
627 5 9 17 0.0026675000000000006
628 5 9 18 0.0140145
629 5 9 19 0.0161725
630 5 9 20 0.01271465
631 5 10 11 -0.029319150000000002
632 5 10 12 -0.020745299999999998
633 5 10 13 -0.008876050000000002
634 5 10 14 0.001339849999999998
635 5 10 15 -0.0083924
636 5 10 16 -0.01174945
637 5 10 17 -0.00899895
638 5 10 18 -0.00829665
639 5 10 19 0.004268849999999999
640 5 10 20 0.021543849999999996
641 5 11 12 0.013243699999999999
642 5 11 13 0.0123401
643 5 11 14 0.0227275
644 5 11 15 0.010400450000000002
645 5 11 16 0.010982500000000001
646 5 11 17 0.020309
647 5 11 18 0.022965805
648 5 11 19 0.0257894
649 5 11 20 0.042433500000000006
650 5 12 13 -0.0031227500000000005
651 5 12 14 0.007531649999999999
652 5 12 15 -0.004024600000000001
653 5 12 16 -0.0008088500000000013
654 5 12 17 -0.0016584000000000002
655 5 12 18 0.021996150000000003
656 5 12 19 0.02124565
657 5 12 20 0.0203781
658 5 13 14 -0.0020636000000000005
659 5 13 15 0.004063849999999999
660 5 13 16 -0.0014145999999999991
661 5 13 17 0.0070429
662 5 13 18 0.005456600000000001
663 5 13 19 0.007646000000000002
664 5 13 20 0.0244609
665 5 14 15 -0.003106049999999999
666 5 14 16 -0.014172499999999998
667 5 14 17 -0.013548450000000002
668 5 14 18 -0.016895
669 5 14 19 -0.0088565
670 5 14 20 -0.005820499999999999
671 5 15 16 -0.01297395
672 5 15 17 -0.00070415
673 5 15 18 -0.004855950000000002
674 5 15 19 -0.0029979499999999992
675 5 15 20 0.005514549999999999
676 5 16 17 -0.0019255000000000008
677 5 16 18 0.0211731
678 5 16 19 0.024219889999999997
679 5 16 20 0.0322645
680 5 17 18 -0.010250999999999998
681 5 17 19 0.0035659999999999997
682 5 17 20 0.01752185
683 5 18 19 0.0019640000000000005
684 5 18 20 -0.0014374999999999998
685 5 19 20 0.007707
686 6 7 8 0.0088342
687 6 7 9 0.0233825
688 6 7 10 0.017455250000000002
689 6 7 11 -0.0043365
690 6 7 12 0.0230791
691 6 7 13 0.00456085
692 6 7 14 0.014580500000000001
693 6 7 15 0.015575650000000003
694 6 7 16 0.009247000000000003
695 6 7 17 0.013352600000000001
696 6 7 18 0.019394400000000006
697 6 7 19 -0.012524500000000001
698 6 7 20 -0.00017834999999999935
699 6 8 9 0.003369999999999998
700 6 8 10 0.002996449999999999
701 6 8 11 0.006298700000000001
702 6 8 12 0.0010420999999999994
703 6 8 13 -0.005092650000000001
704 6 8 14 0.009319999999999997
705 6 8 15 0.013431214999999998
706 6 8 16 0.008415
707 6 8 17 0.00395615
708 6 8 18 -1.2499999999998625e-5
709 6 8 19 -0.0112745
710 6 8 20 0.02201465
711 6 9 10 -5.504999999999954e-5
712 6 9 11 -0.01133835
713 6 9 12 -0.00748515
714 6 9 13 -0.016670649999999995
715 6 9 14 0.010305
716 6 9 15 -0.0006718499999999996
717 6 9 16 0.013561500000000002
718 6 9 17 0.002809650000000001
719 6 9 18 0.0107905
720 6 9 19 -0.0116485
721 6 9 20 -0.0022286999999999997
722 6 10 11 -0.017803450000000002
723 6 10 12 -0.018822850000000002
724 6 10 13 -0.0068186
725 6 10 14 0.0016205499999999984
726 6 10 15 0.00074535
727 6 10 16 0.008154250000000002
728 6 10 17 -0.0042916
729 6 10 18 -0.006955449999999999
730 6 10 19 -0.01898695
731 6 10 20 0.0111657
732 6 11 12 0.0036504499999999995
733 6 11 13 0.0028818499999999996
734 6 11 14 0.011492500000000001
735 6 11 15 0.0080225
736 6 11 16 0.019370500000000002
737 6 11 17 0.013500650000000001
738 6 11 18 0.012791305000000003
739 6 11 19 -0.0089821
740 6 11 20 0.02053965
741 6 12 13 -0.00298775
742 6 12 14 0.005889899999999999
743 6 12 15 0.003190699999999999
744 6 12 16 0.017172399999999997
745 6 12 17 0.0011265000000000005
746 6 12 18 0.021414900000000004
747 6 12 19 -0.0039326
748 6 12 20 0.0080775
749 6 13 14 -0.0038403500000000006
750 6 13 15 0.01114415
751 6 13 16 0.016431650000000003
752 6 13 17 0.0096928
753 6 13 18 0.00474035
754 6 13 19 -0.017667250000000002
755 6 13 20 0.0120253
756 6 14 15 0.005751
757 6 14 16 0.005450500000000001
758 6 14 17 -0.0091218
759 6 14 18 -0.015834499999999998
760 6 14 19 -0.032393
761 6 14 20 -0.01647935
762 6 15 16 -0.0022079999999999995
763 6 15 17 -0.00513455
764 6 15 18 -0.0126525
765 6 15 19 -0.0353915
766 6 15 20 -0.014001350000000001
767 6 16 17 -0.01712185
768 6 16 18 0.0026106000000000007
769 6 16 19 -0.018939610000000003
770 6 16 20 0.0019826499999999994
771 6 17 18 -0.01361715
772 6 17 19 -0.024397150000000003
773 6 17 20 0.0024363499999999995
774 6 18 19 -0.022633
775 6 18 20 -0.01315685
776 6 19 20 0.02058465
777 7 8 9 -0.011178300000000002
778 7 8 10 -0.0056246
779 7 8 11 0.0194694
780 7 8 12 -0.013202799999999999
781 7 8 13 -0.0008193000000000006
782 7 8 14 0.0035736999999999995
783 7 8 15 0.006689765
784 7 8 16 0.0080022
785 7 8 17 -0.0005622500000000002
786 7 8 18 -0.010572699999999999
787 7 8 19 0.010084199999999998
788 7 8 20 0.0310272
789 7 9 10 0.005872199999999999
790 7 9 11 0.016380650000000004
791 7 9 12 -0.007181750000000001
792 7 9 13 0.002150999999999999
793 7 9 14 0.019107000000000002
794 7 9 15 0.007135000000000001
795 7 9 16 0.027697
796 7 9 17 0.01283955
797 7 9 18 0.0147786
798 7 9 19 0.0242585
799 7 9 20 0.02133215
800 7 10 11 0.0039883
801 7 10 12 -0.024446700000000002
802 7 10 13 0.006075799999999998
803 7 10 14 0.004495299999999999
804 7 10 15 0.0026249500000000005
805 7 10 16 0.0163625
806 7 10 17 -0.00018894999999999955
807 7 10 18 -0.0088946
808 7 10 19 0.010992799999999997
809 7 10 20 0.0287993
810 7 11 12 -0.02376515
811 7 11 13 -0.006015500000000002
812 7 11 14 -0.0074245
813 7 11 15 -0.01188965
814 7 11 16 0.005786999999999999
815 7 11 17 -0.004188450000000001
816 7 11 18 -0.010939595000000002
817 7 11 19 -0.0007941000000000018
818 7 11 20 0.016381499999999997
819 7 12 13 0.015530499999999996
820 7 12 14 0.014388499999999999
821 7 12 15 0.01069415
822 7 12 16 0.031004500000000004
823 7 12 17 0.010853
824 7 12 18 0.0250996
825 7 12 19 0.031671
826 7 12 20 0.03133494999999999
827 7 13 14 -0.01386
828 7 13 15 0.0001293500000000003
829 7 13 16 0.0117455
830 7 13 17 0.0009010500000000005
831 7 13 18 -0.010093199999999998
832 7 13 19 -0.0005819000000000005
833 7 13 20 0.0167645
834 7 14 15 0.004755850000000001
835 7 14 16 0.010784
836 7 14 17 -0.0078939
837 7 14 18 -0.0206484
838 7 14 19 -0.005288000000000001
839 7 14 20 -0.0017204999999999998
840 7 15 16 0.004120649999999999
841 7 15 17 -0.0029114999999999996
842 7 15 18 -0.016471250000000003
843 7 15 19 -0.007291349999999999
844 7 15 20 0.00175265
845 7 16 17 -0.02122745
846 7 16 18 -0.007536799999999999
847 7 16 19 0.0028318899999999997
848 7 16 20 0.011408000000000001
849 7 17 18 -0.01965895
850 7 17 19 0.0014799499999999992
851 7 17 20 0.015967300000000004
852 7 18 19 0.0092859
853 7 18 20 0.0064159
854 7 19 20 0.008238500000000001
855 8 9 10 0.0003184999999999987
856 8 9 11 -0.01426705
857 8 9 12 -0.005157250000000002
858 8 9 13 -0.008208
859 8 9 14 0.004354999999999999
860 8 9 15 -0.010733065
861 8 9 16 0.0085165
862 8 9 17 0.0022234999999999993
863 8 9 18 0.014172999999999998
864 8 9 19 0.0029959999999999987
865 8 9 20 -0.02087335
866 8 10 11 -0.0211057
867 8 10 12 -0.016868499999999998
868 8 10 13 0.0012705000000000008
869 8 10 14 -0.004703000000000001
870 8 10 15 -0.009689415
871 8 10 16 0.0027356999999999998
872 8 10 17 -0.0052512999999999995
873 8 10 18 -0.003946500000000001
874 8 10 19 -0.004716
875 8 10 20 -0.007852499999999998
876 8 11 12 0.00890705
877 8 11 13 0.014273200000000003
878 8 11 14 0.008471200000000002
879 8 11 15 0.0008899850000000001
880 8 11 16 0.0172542
881 8 11 17 0.0158432
882 8 11 18 0.019102505000000002
883 8 11 19 0.0085911
884 8 11 20 0.0048237
885 8 12 13 0.0031470000000000014
886 8 12 14 -0.002388000000000001
887 8 12 15 -0.009198415
888 8 12 16 0.009799500000000001
889 8 12 17 -0.0017875500000000002
890 8 12 18 0.0224695
891 8 12 19 0.008384
892 8 12 20 -0.012895050000000002
893 8 13 14 -0.018253000000000002
894 8 13 15 -0.007379715000000003
895 8 13 16 0.002923999999999999
896 8 13 17 0.0006439999999999987
897 8 13 18 -0.0003398000000000023
898 8 13 19 -0.011485400000000002
899 8 13 20 -0.015082000000000002
900 8 14 15 0.001639784999999999
901 8 14 16 0.0063555
902 8 14 17 -0.0037579500000000004
903 8 14 18 -0.006502
904 8 14 19 -0.011798500000000002
905 8 14 20 -0.029174
906 8 15 16 0.002808215
907 8 15 17 0.0043405150000000005
908 8 15 18 0.0007912149999999979
909 8 15 19 -0.010685785
910 8 15 20 -0.022584785000000003
911 8 16 17 -0.012663000000000002
912 8 16 18 0.011038099999999999
913 8 16 19 0.0007498900000000002
914 8 16 20 -0.011617
915 8 17 18 -0.0096485
916 8 17 19 -0.009166500000000001
917 8 17 20 -0.01562215
918 8 18 19 -0.011371
919 8 18 20 -0.035184
920 8 19 20 -0.012704499999999999
921 9 10 11 -0.006520150000000001
922 9 10 12 -0.011392750000000002
923 9 10 13 0.009797
924 9 10 14 -0.0087395
925 9 10 15 0.00136215
926 9 10 16 -0.0054623000000000015
927 9 10 17 -0.007156300000000001
928 9 10 18 -0.017801
929 9 10 19 -0.0073935
930 9 10 20 0.01333935
931 9 11 12 -0.00020274999999999945
932 9 11 13 0.008214149999999998
933 9 11 14 -0.01015085
934 9 11 15 -0.002644
935 9 11 16 -0.00552935
936 9 11 17 -0.00064735
937 9 11 18 -0.009337545
938 9 11 19 -0.008671950000000001
939 9 11 20 0.01143
940 9 12 13 0.006197750000000001
941 9 12 14 -0.011900250000000001
942 9 12 15 -0.0036226
943 9 12 16 -0.0038742500000000014
944 9 12 17 -0.009168300000000002
945 9 12 18 0.003139250000000002
946 9 12 19 0.0002307499999999997
947 9 12 20 0.0028210500000000003
948 9 13 14 -0.030816000000000003
949 9 13 15 -0.00485465
950 9 13 16 -0.0138005
951 9 13 17 -0.009787500000000003
952 9 13 18 -0.0227208
953 9 13 19 -0.0226894
954 9 13 20 -0.0024166499999999994
955 9 14 15 0.01672785
956 9 14 16 0.002194
957 9 14 17 -0.00162645
958 9 14 18 -0.016319999999999998
959 9 14 19 -0.0104395
960 9 14 20 -0.003945649999999999
961 9 15 16 -0.01644135
962 9 15 17 -0.00861605
963 9 15 18 -0.02411485
964 9 15 19 -0.024414850000000002
965 9 15 20 -0.0124445
966 9 16 17 -0.006370000000000001
967 9 16 18 0.005381600000000002
968 9 16 19 0.006270390000000001
969 9 16 20 0.01777285
970 9 17 18 -0.021598
971 9 17 19 -0.009939
972 9 17 20 0.007474700000000001
973 9 18 19 -0.0001940000000000011
974 9 18 20 -0.00013765000000000028
975 9 19 20 0.01116485
976 10 11 12 0.0046698500000000006
977 10 11 13 -0.008103
978 10 11 14 -0.0079315
979 10 11 15 -0.010526300000000002
980 10 11 16 -0.006587200000000001
981 10 11 17 -1.1200000000000792e-5
982 10 11 18 0.0019433049999999996
983 10 11 19 -0.0077986
984 10 11 20 -0.008429500000000003
985 10 12 13 -0.014992
986 10 12 14 -0.014553500000000002
987 10 12 15 -0.0163775
988 10 12 16 -0.009804700000000003
989 10 12 17 -0.013404750000000002
990 10 12 18 0.0095475
991 10 12 19 -0.0037685
992 10 12 20 -0.021911050000000005
993 10 13 14 -0.0122795
994 10 13 15 0.0035801999999999987
995 10 13 16 0.001458799999999999
996 10 13 17 0.0071658
997 10 13 18 0.0048772
998 10 13 19 -0.005498900000000001
999 10 13 20 -0.005958999999999999
1000 10 14 15 0.0066262
1001 10 14 16 -0.001083200000000001
1002 10 14 17 -0.003209650000000001
1003 10 14 18 -0.007258499999999999
1004 10 14 19 -0.011785500000000003
1005 10 14 20 -0.0260245
1006 10 15 16 -0.009616900000000001
1007 10 15 17 -9.759999999999977e-5
1008 10 15 18 -0.004951700000000001
1009 10 15 19 -0.015659199999999998
1010 10 15 20 -0.0244217
1011 10 16 17 -0.004676000000000001
1012 10 16 18 0.0177203
1013 10 16 19 0.008201590000000002
1014 10 16 20 -0.0010287999999999999
1015 10 17 18 -0.0109533
1016 10 17 19 -0.0097018
1017 10 17 20 -0.013020949999999998
1018 10 18 19 -0.0106015
1019 10 18 20 -0.031278
1020 10 19 20 -0.009568
1021 11 12 13 -0.0022191500000000005
1022 11 12 14 -0.0019521499999999995
1023 11 12 15 -0.0011813499999999998
1024 11 12 16 0.0014523499999999996
1025 11 12 17 -0.008723700000000001
1026 11 12 18 0.012274045000000003
1027 11 12 19 0.00869995
1028 11 12 20 -0.0088117
1029 11 13 14 -0.012451000000000002
1030 11 13 15 0.006003499999999999
1031 11 13 16 -5.700000000000011e-5
1032 11 13 17 -0.0009260000000000004
1033 11 13 18 -0.005169105
1034 11 13 19 -0.005803300000000001
1035 11 13 20 -0.0056324999999999995
1036 11 14 15 0.009220999999999998
1037 11 14 16 -0.002427499999999999
1038 11 14 17 -0.01112995
1039 11 14 18 -0.017133305
1040 11 14 19 -0.011918400000000003
1041 11 14 20 -0.025526500000000004
1042 11 15 16 -0.013556000000000002
1043 11 15 17 -0.0106127
1044 11 15 18 -0.017421305
1045 11 15 19 -0.0183869
1046 11 15 20 -0.0265185
1047 11 16 17 -0.011252000000000002
1048 11 16 18 0.009189795
1049 11 16 19 0.00941299
1050 11 16 20 0.0008135000000000003
1051 11 17 18 -0.012907805
1052 11 17 19 -0.0019143999999999995
1053 11 17 20 -0.00460265
1054 11 18 19 -0.0008595949999999998
1055 11 18 20 -0.020905194999999998
1056 11 19 20 -0.008937100000000002
1057 12 13 14 -0.012718000000000002
1058 12 13 15 0.0049657
1059 12 13 16 -0.003728500000000001
1060 12 13 17 0.005578549999999999
1061 12 13 18 -0.019662299999999997
1062 12 13 19 -0.0167224
1063 12 13 20 0.0009600499999999998
1064 12 14 15 0.0084502
1065 12 14 16 -0.005831999999999998
1066 12 14 17 -0.0043584
1067 12 14 18 -0.031359500000000005
1068 12 14 19 -0.0225705
1069 12 14 20 -0.01866695
1070 12 15 16 -0.0161897
1071 12 15 17 -0.00307035
1072 12 15 18 -0.030876700000000003
1073 12 15 19 -0.028268199999999997
1074 12 15 20 -0.01888815
1075 12 16 17 -0.0010759500000000006
1076 12 16 18 -0.0016319000000000014
1077 12 16 19 0.0021653899999999997
1078 12 16 20 0.01107755
1079 12 17 18 -0.03390555
1080 12 17 19 -0.019338050000000002
1081 12 17 20 -0.004514649999999999
1082 12 18 19 0.0027145000000000003
1083 12 18 20 0.00018055000000000154
1084 12 19 20 0.00857455
1085 13 14 15 -0.0092335
1086 13 14 16 -0.014821499999999998
1087 13 14 17 -0.022654950000000004
1088 13 14 18 -0.024415199999999998
1089 13 14 19 -0.018566100000000002
1090 13 14 20 -0.032345
1091 13 15 16 -0.007495500000000001
1092 13 15 17 -0.0036832000000000006
1093 13 15 18 -0.006248700000000002
1094 13 15 19 -0.006580099999999999
1095 13 15 20 -0.014882500000000002
1096 13 16 17 -0.010383000000000002
1097 13 16 18 0.014301900000000001
1098 13 16 19 0.015159289999999999
1099 13 16 20 0.006389
1100 13 17 18 -0.0086647
1101 13 17 19 0.0029629000000000014
1102 13 17 20 0.00010384999999999995
1103 13 18 19 -0.00022540000000000063
1104 13 18 20 -0.0204418
1105 13 19 20 -0.0091079
1106 14 15 16 -0.001907500000000001
1107 14 15 17 0.00973825
1108 14 15 18 0.008932999999999996
1109 14 15 19 0.0027525000000000023
1110 14 15 20 0.008229
1111 14 16 17 -0.0025495500000000003
1112 14 16 18 0.0238956
1113 14 16 19 0.018903890000000003
1114 14 16 20 0.023912500000000003
1115 14 17 18 -0.006904449999999999
1116 14 17 19 -0.0011259499999999993
1117 14 17 20 0.0097939
1118 14 18 19 -0.006074499999999999
1119 14 18 20 -0.012512
1120 14 19 20 0.004671
1121 15 16 17 -0.0141953
1122 15 16 18 0.013055100000000004
1123 15 16 19 0.014243889999999999
1124 15 16 20 0.013775999999999998
1125 15 17 18 -0.006099199999999998
1126 15 17 19 0.005859799999999998
1127 15 17 20 0.011303150000000001
1128 15 18 19 0.00010599999999999775
1129 15 18 20 -0.011808
1130 15 19 20 -0.0008054999999999986
1131 16 17 18 -0.03334960000000001
1132 16 17 19 -0.022579389999999998
1133 16 17 20 -0.01666815
1134 16 18 19 -0.0010827900000000001
1135 16 18 20 -0.012528899999999997
1136 16 19 20 -0.00033761
1137 17 18 19 -0.011853
1138 17 18 20 -0.029210350000000003
1139 17 19 20 -0.006248849999999999
1140 18 19 20 0.011108499999999999
