l i j f[l]=f_ij g[l]=g_ij s[l]=s_ij h[l]=h_ij
1 1 2 -0.16129 -0.5917217777777779 0.43043177777777764 2.220446049250313e-16
2 1 3 -0.82353 -0.3127916111111112 -0.5107383888888888 0.0
3 2 3 0.5 0.2789301666666667 0.2210698333333333 0.0
4 1 4 -0.375 -0.4120709444444446 0.03707094444444444 1.6653345369377348e-16
5 2 4 -0.15385 0.17965083333333334 -0.33350083333333336 2.7755575615628914e-17
6 3 4 -0.15789 -0.09927933333333336 -0.058610666666666665 2.7755575615628914e-17
7 1 5 0.032258 -0.16827788888888906 0.20053588888888885 2.220446049250313e-16
8 2 5 0.6 0.42344388888888884 0.17655611111111105 1.1102230246251565e-16
9 3 5 0.043478 0.14451372222222217 -0.10103572222222222 5.551115123125783e-17
10 4 5 0.076923 0.24379305555555553 -0.16687005555555556 5.551115123125783e-17
11 1 6 -0.6 -0.3491014444444446 -0.2508985555555555 1.1102230246251565e-16
12 2 6 0.23077 0.24262033333333335 -0.011850333333333334 -2.7755575615628914e-17
13 3 6 -0.047619 -0.03630983333333335 -0.011309166666666683 2.7755575615628914e-17
14 4 6 0.15789 0.06296950000000001 0.09492049999999996 2.7755575615628914e-17
15 5 6 -0.30435 -0.18082355555555552 -0.12352644444444445 -5.551115123125783e-17
16 1 7 -0.57895 -0.5665416111111112 -0.012408388888888879 1.1102230246251565e-16
17 2 7 0.28571 0.02518016666666667 0.2605298333333333 5.551115123125783e-17
18 3 7 -0.625 -0.25375000000000003 -0.37125 5.551115123125783e-17
19 4 7 0.18182 -0.15447066666666667 0.3362906666666666 5.551115123125783e-17
20 5 7 -0.58621 -0.39826372222222217 -0.18794627777777778 -5.551115123125783e-17
21 6 7 0.043478 -0.21744016666666668 0.2609181666666667 2.7755575615628914e-17
22 1 8 -0.2 -0.5345668333333335 0.3345668333333333 2.220446049250313e-16
23 2 8 -0.84615 0.057154944444444425 -0.9033049444444443 -6.938893903907228e-17
24 3 8 -0.42857 -0.2217752222222223 -0.20679477777777783 1.1102230246251565e-16
25 4 8 0.071429 -0.12249588888888893 0.19392488888888887 6.938893903907228e-17
26 5 8 -0.22222 -0.36628894444444443 0.14406894444444443 0.0
27 6 8 -0.30435 -0.18546538888888892 -0.11888461111111111 0.0
28 7 8 0.13333 0.031974777777777755 0.10135522222222224 1.3877787807814457e-17
29 1 9 -0.85366 -0.6574545555555558 -0.1962054444444444 2.220446049250313e-16
30 2 9 0.25 -0.0657327777777778 0.31573277777777775 5.551115123125783e-17
31 3 9 2.220446049250313e-16 -0.3446629444444445 0.3446629444444447 5.551115123125783e-17
32 4 9 -0.30435 -0.24538361111111115 -0.05896638888888891 5.551115123125783e-17
33 5 9 -0.3 -0.4891766666666667 0.18917666666666663 1.1102230246251565e-16
34 6 9 -0.25926 -0.3083531111111112 0.04909311111111109 1.1102230246251565e-16
35 7 9 -0.14286 -0.09091294444444448 -0.051947055555555566 5.551115123125783e-17
36 8 9 0.14286 -0.12288772222222223 0.26574772222222215 6.938893903907228e-17
37 1 10 -0.48571 -0.5681760000000001 0.08246600000000001 1.1102230246251565e-16
38 2 10 0.12 0.023545777777777777 0.09645422222222219 2.7755575615628914e-17
39 3 10 -0.14286 -0.2553843888888889 0.11252438888888888 5.551115123125783e-17
40 4 10 -0.3125 -0.15610505555555557 -0.15639494444444443 0.0
41 5 10 -0.45455 -0.39989811111111107 -0.0546518888888889 -5.551115123125783e-17
42 6 10 -0.64286 -0.21907455555555558 -0.4237854444444445 8.326672684688674e-17
43 7 10 0.18519 -0.0016343888888888936 0.18682438888888886 2.7755575615628914e-17
44 8 10 0.3 -0.03360916666666665 0.3336091666666666 1.3877787807814457e-17
45 9 10 0.18182 0.08927855555555558 0.09254144444444448 -5.551115123125783e-17
46 1 11 -0.48571 -0.3915787777777779 -0.0941312222222222 1.1102230246251565e-16
47 2 11 0.13333 0.20014300000000002 -0.066813 0.0
48 3 11 -0.37931 -0.07878716666666669 -0.30052283333333335 5.551115123125783e-17
49 4 11 -0.38462 0.020492166666666672 -0.40511216666666666 -2.7755575615628914e-17
50 5 11 0.071429 -0.22330088888888885 0.2947298888888888 8.326672684688674e-17
51 6 11 0.043478 -0.04247733333333333 0.08595533333333333 6.938893903907228e-18
52 7 11 -0.0625 0.17496283333333335 -0.2374628333333333 -5.551115123125783e-17
53 8 11 0.13333 0.1429880555555556 -0.009658055555555541 -5.551115123125783e-17
54 9 11 0.40741 0.2658757777777778 0.14153422222222223 -5.551115123125783e-17
55 10 11 0.25 0.17659722222222224 0.07340277777777778 0.0
56 1 12 -0.2 -0.26113288888888897 0.06113288888888889 5.551115123125783e-17
57 2 12 0.65217 0.33058888888888893 0.3215811111111111 0.0
58 3 12 -0.028571 0.05165872222222226 -0.08022972222222223 -2.7755575615628914e-17
59 4 12 0.21429 0.15093805555555562 0.06335194444444442 -2.7755575615628914e-17
60 5 12 -0.26667 -0.09285499999999991 -0.173815 -1.1102230246251565e-16
61 6 12 0.11111 0.0879685555555556 0.023141444444444444 -5.551115123125783e-17
62 7 12 0.22222 0.30540872222222226 -0.08318872222222222 -5.551115123125783e-17
63 8 12 -0.11765 0.2734339444444445 -0.3910839444444444 -1.6653345369377348e-16
64 9 12 0.70732 0.3963216666666668 0.31099833333333327 -1.1102230246251565e-16
65 10 12 0.12 0.30704311111111116 -0.1870431111111111 -5.551115123125783e-17
66 11 12 -0.21739 0.13044588888888894 -0.34783588888888883 -1.1102230246251565e-16
67 1 13 -0.54286 -0.3696184444444446 -0.1732415555555556 1.6653345369377348e-16
68 2 13 -0.13043 0.22210333333333337 -0.3525333333333333 -5.551115123125783e-17
69 3 13 0.17241 -0.056826833333333326 0.22923683333333325 8.326672684688674e-17
70 4 13 2.220446049250313e-16 0.042452500000000025 -0.04245249999999979 -1.3877787807814457e-17
71 5 13 -0.11111 -0.2013405555555555 0.09023055555555556 -8.326672684688674e-17
72 6 13 0.047619 -0.02051699999999998 0.068136 -2.0816681711721685e-17
73 7 13 0.22581 0.1969231666666667 0.02888683333333334 -2.7755575615628914e-17
74 8 13 0.17647 0.16494838888888896 0.011521611111111087 -5.551115123125783e-17
75 9 13 0.6 0.2878361111111112 0.31216388888888885 -5.551115123125783e-17
76 10 13 0.037037 0.1985575555555556 -0.16152055555555556 -5.551115123125783e-17
77 11 13 -0.41667 0.021960333333333353 -0.43863033333333323 -1.0408340855860843e-16
78 12 13 -0.037037 -0.10848555555555559 0.07144855555555554 4.163336342344337e-17
79 1 14 -0.75 -0.597126388888889 -0.15287361111111114 1.1102230246251565e-16
80 2 14 0.14286 -0.005404611111111124 0.14826461111111106 5.551115123125783e-17
81 3 14 -0.30435 -0.2843347777777778 -0.020015222222222268 1.1102230246251565e-16
82 4 14 -0.71429 -0.18505544444444447 -0.5292345555555555 2.7755575615628914e-17
83 5 14 -0.52941 -0.42884849999999997 -0.10056150000000005 0.0
84 6 14 -0.28 -0.24802494444444448 -0.0319750555555556 5.551115123125783e-17
85 7 14 -0.090909 -0.030584777777777794 -0.060324222222222224 1.3877787807814457e-17
86 8 14 -0.56522 -0.06255955555555555 -0.5026604444444445 6.938893903907228e-17
87 9 14 0.47059 0.06032816666666668 0.41026183333333344 -1.1102230246251565e-16
88 10 14 0.17647 -0.0289503888888889 0.20542038888888886 2.7755575615628914e-17
89 11 14 -0.5 -0.20554761111111114 -0.29445238888888886 0.0
90 12 14 -0.69231 -0.33599350000000006 -0.3563164999999999 0.0
91 13 14 -0.058824 -0.2275079444444445 0.16868394444444448 0.0
92 1 15 -0.38462 -0.578259277777778 0.19363927777777779 2.220446049250313e-16
93 2 15 0.28571 0.013462499999999988 0.2722475 5.551115123125783e-17
94 3 15 -0.375 -0.2654676666666667 -0.10953233333333334 5.551115123125783e-17
95 4 15 0.034483 -0.16618833333333335 0.2006713333333333 2.7755575615628914e-17
96 5 15 -0.44828 -0.4099813888888889 -0.03829861111111112 0.0
97 6 15 -0.26316 -0.22915783333333337 -0.034002166666666674 2.7755575615628914e-17
98 7 15 -0.055556 -0.011717666666666682 -0.04383833333333333 1.3877787807814457e-17
99 8 15 -0.33333 -0.04369244444444444 -0.2896375555555556 1.3877787807814457e-17
100 9 15 0.052632 0.0791952777777778 -0.026563277777777748 -5.551115123125783e-17
101 10 15 0.17647 -0.010083277777777788 0.18655327777777772 5.551115123125783e-17
102 11 15 -0.21212 -0.18668050000000003 -0.02543949999999999 0.0
103 12 15 -0.058824 -0.317126388888889 0.2583023888888889 1.1102230246251565e-16
104 13 15 -0.17647 -0.2086408333333334 0.03217083333333336 5.551115123125783e-17
105 14 15 -0.12 0.018867111111111112 -0.1388671111111111 0.0
106 1 16 -0.2381 -0.5651862222222224 0.3270862222222222 1.1102230246251565e-16
107 2 16 0.13043 0.026535555555555534 0.10389444444444443 2.7755575615628914e-17
108 3 16 -0.083333 -0.25239461111111117 0.16906161111111112 5.551115123125783e-17
109 4 16 -0.30435 -0.1531152777777778 -0.15123472222222223 2.7755575615628914e-17
110 5 16 -0.36364 -0.3969083333333333 0.03326833333333332 -5.551115123125783e-17
111 6 16 -0.28 -0.21608477777777782 -0.06391522222222228 8.326672684688674e-17
112 7 16 -0.2 0.0013553888888888643 -0.2013553888888889 2.7755575615628914e-17
113 8 16 -0.25 -0.03061938888888889 -0.2193806111111111 -1.3877787807814457e-17
114 9 16 -0.11111 0.09226833333333334 -0.20337833333333327 -6.938893903907228e-17
115 10 16 0.1 0.002989777777777758 0.09701022222222225 0.0
116 11 16 0.44 -0.17360744444444448 0.6136074444444446 -1.1102230246251565e-16
117 12 16 -0.5 -0.3040533333333334 -0.19594666666666666 5.551115123125783e-17
118 13 16 -0.40541 -0.19556777777777784 -0.20984222222222215 0.0
119 14 16 -0.58333 0.03194016666666666 -0.6152701666666666 -1.1102230246251565e-16
120 15 16 0.1 0.013073055555555546 0.08692694444444445 1.3877787807814457e-17
121 1 17 -0.5 -0.3771142777777779 -0.12288572222222222 1.1102230246251565e-16
122 2 17 0.68421 0.2146075 0.4696025 0.0
123 3 17 -0.043478 -0.06432266666666668 0.020844666666666654 2.7755575615628914e-17
124 4 17 0.36 0.03495666666666667 0.32504333333333324 7.632783294297951e-17
125 5 17 -0.14286 -0.20883638888888884 0.0659763888888889 -5.551115123125783e-17
126 6 17 -0.36364 -0.028012833333333334 -0.3356271666666667 1.3877787807814457e-17
127 7 17 0.54545 0.18942733333333334 0.35602266666666665 0.0
128 8 17 0.36 0.1574525555555556 0.20254744444444442 -2.7755575615628914e-17
129 9 17 0.15789 0.2803402777777778 -0.12245027777777776 -5.551115123125783e-17
130 10 17 0.2 0.19106172222222223 0.0089382777777778 -2.7755575615628914e-17
131 11 17 -0.066667 0.014464499999999998 -0.08113150000000002 2.0816681711721685e-17
132 12 17 -0.47059 -0.11598138888888894 -0.3546086111111112 1.249000902703301e-16
133 13 17 0.030303 -0.007495833333333354 0.03779883333333336 -3.469446951953614e-18
134 14 17 0.27273 0.22001211111111113 0.052717888888888856 0.0
135 15 17 0.375 0.20114500000000002 0.17385500000000004 -5.551115123125783e-17
136 16 17 -0.076923 0.18807194444444447 -0.26499494444444444 -5.551115123125783e-17
137 1 18 -0.72093 -0.5673830555555557 -0.15354694444444442 1.1102230246251565e-16
138 2 18 -0.26316 0.024338722222222248 -0.2874987222222222 -2.7755575615628914e-17
139 3 18 -0.16129 -0.2545914444444445 0.09330144444444444 5.551115123125783e-17
140 4 18 -0.21429 -0.1553121111111111 -0.05897788888888893 0.0
141 5 18 -0.42857 -0.3991051666666666 -0.02946483333333335 -5.551115123125783e-17
142 6 18 2.220446049250313e-16 -0.2182816111111111 0.21828161111111127 5.551115123125783e-17
143 7 18 0.29032 -0.0008414444444444225 0.2911614444444444 2.7755575615628914e-17
144 8 18 0.11111 -0.03281622222222218 0.1439262222222222 -2.7755575615628914e-17
145 9 18 0.032258 0.09007150000000005 -0.05781349999999998 -6.938893903907228e-17
146 10 18 0.047619 0.0007929444444444711 0.04682605555555555 -2.0816681711721685e-17
147 11 18 -0.12 -0.17580427777777777 0.05580427777777777 0.0
148 12 18 -0.21212 -0.3062501666666667 0.09413016666666665 5.551115123125783e-17
149 13 18 -0.58333 -0.19776461111111113 -0.3855653888888889 2.7755575615628914e-17
150 14 18 -0.38462 0.02974333333333337 -0.4143633333333334 2.7755575615628914e-17
151 15 18 0.1875 0.01087622222222226 0.1766237777777777 2.7755575615628914e-17
152 16 18 -0.16667 -0.002196833333333287 -0.16447316666666667 -5.551115123125783e-17
153 17 18 0.24138 -0.1902687777777778 0.4316487777777777 8.326672684688674e-17
