t i j k u[t]=u_ijk
1 1 2 3 -0.003329000000000001
2 1 2 4 0.006324999999999996
3 1 2 5 0.0088015
4 1 2 6 0.014636149999999997
5 1 2 7 0.005058499999999999
6 1 2 8 0.006362899999999999
7 1 2 9 0.0047744999999999975
8 1 2 10 0.02424249999999999
9 1 2 11 -0.0022428
10 1 2 12 -0.004327700000000004
11 1 2 13 0.0018981999999999996
12 1 2 14 0.0145455
13 1 2 15 0.020392999999999998
14 1 2 16 0.005888999999999999
15 1 2 17 0.0246195
16 1 2 18 0.0250535
17 1 2 19 0.011702
18 1 2 20 0.0236165
19 1 3 4 0.010610149999999999
20 1 3 5 -0.004056500000000002
21 1 3 6 -0.004005219999999999
22 1 3 7 -0.0112065
23 1 3 8 -0.024462099999999994
24 1 3 9 -0.0171435
25 1 3 10 0.02259305
26 1 3 11 0.0006607000000000001
27 1 3 12 -0.0108052
28 1 3 13 -0.0083313
29 1 3 14 0.019104499999999993
30 1 3 15 0.0048175000000000015
31 1 3 16 0.0008114999999999982
32 1 3 17 0.002631
33 1 3 18 0.0161895
34 1 3 19 0.0043314999999999985
35 1 3 20 0.009800500000000004
36 1 4 5 -0.001302199999999999
37 1 4 6 -0.009834499999999996
38 1 4 7 -0.008343999999999999
39 1 4 8 0.0028339000000000003
40 1 4 9 -0.017446249999999993
41 1 4 10 -0.006242499999999999
42 1 4 11 -0.0330018
43 1 4 12 -0.032254700000000004
44 1 4 13 -0.0309788
45 1 4 14 0.007980999999999999
46 1 4 15 -0.011345999999999998
47 1 4 16 -0.021793999999999997
48 1 4 17 0.003681999999999999
49 1 4 18 0.012590000000000002
50 1 4 19 -0.0094755
51 1 4 20 -0.0018529999999999964
52 1 5 6 -0.009308
53 1 5 7 -0.018659
54 1 5 8 -0.0210916
55 1 5 9 -0.014422500000000001
56 1 5 10 0.004522999999999999
57 1 5 11 0.004384199999999999
58 1 5 12 -0.0219017
59 1 5 13 -0.0228453
60 1 5 14 0.006013
61 1 5 15 -0.003173999999999999
62 1 5 16 -0.014861000000000001
63 1 5 17 0.009690999999999996
64 1 5 18 0.0004599999999999992
65 1 5 19 0.0028405
66 1 5 20 0.0033980000000000004
67 1 6 7 0.005221849999999998
68 1 6 8 -0.0025070999999999995
69 1 6 9 -0.008302
70 1 6 10 0.027236549999999995
71 1 6 11 -0.0098723
72 1 6 12 -0.0055182
73 1 6 13 0.002106549999999999
74 1 6 14 0.010624500000000002
75 1 6 15 0.0200347
76 1 6 16 0.018023115
77 1 6 17 0.02506849999999999
78 1 6 18 0.014778499999999997
79 1 6 19 0.005532500000000001
80 1 6 20 0.018197500000000002
81 1 7 8 -0.0108741
82 1 7 9 -0.012622
83 1 7 10 0.021728699999999997
84 1 7 11 0.0023507
85 1 7 12 -0.003209200000000001
86 1 7 13 -0.015150799999999996
87 1 7 14 0.011570999999999996
88 1 7 15 0.0019165000000000013
89 1 7 16 -0.007724999999999998
90 1 7 17 0.029315499999999994
91 1 7 18 0.0292015
92 1 7 19 -0.004524500000000001
93 1 7 20 0.022597
94 1 8 9 -0.0020539
95 1 8 10 0.019751349999999997
96 1 8 11 -0.003333200000000001
97 1 8 12 -0.0119406
98 1 8 13 -0.005082199999999999
99 1 8 14 0.025639349999999995
100 1 8 15 0.018872349999999996
101 1 8 16 -1.1900000000000797e-5
102 1 8 17 0.006278599999999995
103 1 8 18 0.026825599999999995
104 1 8 19 -0.00017490000000000005
105 1 8 20 0.0366576
106 1 9 10 0.022099499999999994
107 1 9 11 0.0011302000000000007
108 1 9 12 0.00791145
109 1 9 13 -0.018357299999999997
110 1 9 14 0.024717999999999997
111 1 9 15 0.013321
112 1 9 16 0.012685499999999999
113 1 9 17 0.027498499999999995
114 1 9 18 0.031751499999999995
115 1 9 19 0.0114305
116 1 9 20 0.025787
117 1 10 11 -0.0217938
118 1 10 12 -0.021522794999999997
119 1 10 13 -0.0081868
120 1 10 14 -0.0061554999999999995
121 1 10 15 -0.012715999999999998
122 1 10 16 -0.008805499999999999
123 1 10 17 -0.0023010000000000027
124 1 10 18 -0.0011619999999999977
125 1 10 19 -0.007986499999999999
126 1 10 20 -0.008718999999999996
127 1 11 12 -0.0086013
128 1 11 13 -0.018886499999999997
129 1 11 14 0.01584735
130 1 11 15 0.0134696
131 1 11 16 0.00443521
132 1 11 17 0.026358679999999992
133 1 11 18 0.0217531
134 1 11 19 0.0029362999999999998
135 1 11 20 0.0142413
136 1 12 13 -0.019474599999999998
137 1 12 14 0.0240124
138 1 12 15 0.0073002000000000015
139 1 12 16 0.009527799999999998
140 1 12 17 0.016442699999999994
141 1 12 18 0.03418784999999999
142 1 12 19 0.01773405
143 1 12 20 0.0244547
144 1 13 14 0.0348998
145 1 13 15 0.031929799999999994
146 1 13 16 0.022853299999999997
147 1 13 17 0.03143209999999999
148 1 13 18 0.03712599999999999
149 1 13 19 0.017552599999999998
150 1 13 20 0.025987199999999995
151 1 14 15 -0.009411435
152 1 14 16 -0.028491500000000003
153 1 14 17 -0.00036800000000000304
154 1 14 18 0.006773000000000001
155 1 14 19 -0.019728
156 1 14 20 0.0101545
157 1 15 16 -0.019708499999999997
158 1 15 17 0.020651699999999995
159 1 15 18 0.009771499999999999
160 1 15 19 -0.004007500000000001
161 1 15 20 0.006602
162 1 16 17 0.022150004999999997
163 1 16 18 0.027603500000000003
164 1 16 19 -0.0036309999999999997
165 1 16 20 0.0129115
166 1 17 18 -0.002938099999999996
167 1 17 19 -0.0327215
168 1 17 20 -0.003012149999999995
169 1 18 19 -0.01088205
170 1 18 20 0.0020287500000000006
171 1 19 20 0.0007600000000000022
172 2 3 4 0.00095615
173 2 3 5 -0.016187
174 2 3 6 -0.021970369999999996
175 2 3 7 -0.019593999999999997
176 2 3 8 -0.034154
177 2 3 9 -0.025246999999999995
178 2 3 10 -0.004978449999999999
179 2 3 11 -0.00042550000000000086
180 2 3 12 -0.009806499999999998
181 2 3 13 -0.0135585
182 2 3 14 0.0012300000000000017
183 2 3 15 -0.018904499999999998
184 2 3 16 -0.008406499999999999
185 2 3 17 -0.025317499999999993
186 2 3 18 -0.012193
187 2 3 19 -0.0106995
188 2 3 20 -0.017144999999999997
189 2 4 5 -0.0037786999999999994
190 2 4 6 -0.018145649999999996
191 2 4 7 -0.0070775
192 2 4 8 0.002796000000000001
193 2 4 9 -0.015895749999999997
194 2 4 10 -0.024159999999999997
195 2 4 11 -0.024434
196 2 4 12 -0.021602
197 2 4 13 -0.026551999999999996
198 2 4 14 -0.00023949999999999804
199 2 4 15 -0.025414
200 2 4 16 -0.021358
201 2 4 17 -0.014612499999999995
202 2 4 18 -0.006138499999999999
203 2 4 19 -0.014852499999999998
204 2 4 20 -0.0191445
205 2 5 6 -0.015142649999999995
206 2 5 7 -0.014915999999999997
207 2 5 8 -0.018652999999999996
208 2 5 9 -0.010395499999999998
209 2 5 10 -0.010917999999999999
210 2 5 11 0.0154285
211 2 5 12 -0.008772499999999997
212 2 5 13 -0.015941999999999998
213 2 5 14 0.00026900000000000117
214 2 5 15 -0.014765499999999996
215 2 5 16 -0.0119485
216 2 5 17 -0.006126999999999996
217 2 5 18 -0.015792
218 2 5 19 -5.9999999999998944e-5
219 2 5 20 -0.011416999999999998
220 2 6 7 0.014799499999999997
221 2 6 8 0.0057661499999999985
222 2 6 9 0.0015596500000000005
223 2 6 10 0.0176302
224 2 6 11 0.007006649999999997
225 2 6 12 0.013445649999999996
226 2 6 13 0.0148445
227 2 6 14 0.010715150000000001
228 2 6 15 0.014277849999999996
229 2 6 16 0.026770264999999994
230 2 6 17 0.01508515
231 2 6 18 0.004361149999999997
232 2 6 19 0.008466649999999997
233 2 6 20 0.009217149999999999
234 2 7 8 -0.0121785
235 2 7 9 -0.012337999999999998
236 2 7 10 0.002544700000000001
237 2 7 11 0.009651999999999999
238 2 7 12 0.006177
239 2 7 13 -0.011990499999999998
240 2 7 14 0.0020840000000000025
241 2 7 15 -0.013417999999999998
242 2 7 16 -0.008555499999999999
243 2 7 17 0.009754500000000001
244 2 7 18 0.0092065
245 2 7 19 -0.011167999999999999
246 2 7 20 0.004038999999999999
247 2 8 9 -0.0004654999999999992
248 2 8 10 0.0018717500000000001
249 2 8 11 0.005272499999999998
250 2 8 12 -0.0012499999999999996
251 2 8 13 -0.0006174999999999999
252 2 8 14 0.01745675
253 2 8 15 0.0048422499999999985
254 2 8 16 0.00046199999999999844
255 2 8 17 -0.011977999999999997
256 2 8 18 0.008134999999999998
257 2 8 19 -0.005513999999999999
258 2 8 20 0.019403999999999998
259 2 9 10 0.0026315
260 2 9 11 0.008147499999999998
261 2 9 12 0.017013649999999998
262 2 9 13 -0.015480999999999998
263 2 9 14 0.014946999999999998
264 2 9 15 -0.0022975000000000005
265 2 9 16 0.011570999999999998
266 2 9 17 0.007653500000000001
267 2 9 18 0.011472499999999998
268 2 9 19 0.004502999999999998
269 2 9 20 0.006944999999999998
270 2 10 11 0.004691499999999998
271 2 10 12 0.0070474050000000005
272 2 10 13 0.0141575
273 2 10 14 0.0035415
274 2 10 15 -0.0088665
275 2 10 16 0.009548
276 2 10 17 -0.0026779999999999994
277 2 10 18 -0.001973000000000001
278 2 10 19 0.004554
279 2 10 20 -0.008093
280 2 11 12 -0.006516399999999997
281 2 11 13 -0.023027499999999996
282 2 11 14 -0.0009409499999999974
283 2 11 15 -0.0091662
284 2 11 16 -0.0036965899999999987
285 2 11 17 -0.0005036199999999967
286 2 11 18 -0.005543199999999999
287 2 11 19 -0.0110085
288 2 11 20 -0.011617999999999998
289 2 12 13 -0.0257005
290 2 12 14 0.0051392
291 2 12 15 -0.0174205
292 2 12 16 -0.0006889000000000016
293 2 12 17 -0.012504499999999998
294 2 12 18 0.004806649999999997
295 2 12 19 0.0017043499999999984
296 2 12 20 -0.0034895000000000013
297 2 13 14 0.0222525
298 2 13 15 0.013434999999999997
299 2 13 16 0.018862499999999997
300 2 13 17 0.008710800000000001
301 2 13 18 0.013970699999999999
302 2 13 19 0.007748799999999999
303 2 13 20 0.004268899999999999
304 2 14 15 -0.015258935000000001
305 2 14 16 -0.019835000000000002
306 2 14 17 -0.010442
307 2 14 18 -0.003735000000000001
308 2 14 19 -0.0168845
309 2 14 20 0.0010834999999999983
310 2 15 16 -0.0052045
311 2 15 17 0.0164252
312 2 15 18 0.005110999999999999
313 2 15 19 0.004683499999999999
314 2 15 20 0.003378499999999999
315 2 16 17 0.0034195050000000024
316 2 16 18 0.008438999999999999
317 2 16 19 -0.009444
318 2 16 20 -0.004816
319 2 17 18 -0.003372100000000003
320 2 17 19 -0.019804
321 2 17 20 -0.0020091500000000025
322 2 18 19 0.00246945
323 2 18 20 0.00346575
324 2 19 20 -0.0111545
325 3 4 5 0.013364449999999998
326 3 4 6 0.00478087
327 3 4 7 0.01347265
328 3 4 8 0.03790614999999999
329 3 4 9 0.010307399999999998
330 3 4 10 -0.0182254
331 3 4 11 -0.023052349999999996
332 3 4 12 -0.01083935
333 3 4 13 -0.012037349999999999
334 3 4 14 -0.0005133499999999999
335 3 4 15 -0.005553350000000001
336 3 4 16 -0.011995349999999998
337 3 4 17 0.011661149999999995
338 3 4 18 0.007010650000000001
339 3 4 19 -0.003196849999999998
340 3 4 20 -0.0010433500000000013
341 3 5 6 -0.009359280000000001
342 3 5 7 -0.011508999999999998
343 3 5 8 -0.0006860000000000018
344 3 5 9 -0.0013355000000000012
345 3 5 10 -0.02212655
346 3 5 11 -0.0003330000000000013
347 3 5 12 -0.015152999999999998
348 3 5 13 -0.0185705
349 3 5 14 -0.017148
350 3 5 15 -0.012048000000000001
351 3 5 16 -0.019729
352 3 5 17 0.0030034999999999975
353 3 5 18 -0.019785999999999998
354 3 5 19 -0.0055474999999999995
355 3 5 20 -0.010459000000000001
356 3 6 7 0.01242313
357 3 6 8 0.017949779999999995
358 3 6 9 0.00483628
359 3 6 10 0.0006382799999999999
360 3 6 11 -0.014538219999999998
361 3 6 12 0.0012817800000000002
362 3 6 13 0.00643263
363 3 6 14 -0.012485219999999998
364 3 6 15 0.011211979999999998
365 3 6 16 0.013206395
366 3 6 17 0.01843228
367 3 6 18 -0.005416219999999999
368 3 6 19 -0.0028042199999999988
369 3 6 20 0.00439178
370 3 7 8 0.0023814999999999973
371 3 7 9 -0.006685000000000001
372 3 7 10 -0.012070850000000001
373 3 7 11 -0.009516499999999999
374 3 7 12 -0.0036105000000000004
375 3 7 13 -0.018025999999999997
376 3 7 14 -0.01874
377 3 7 15 -0.0141075
378 3 7 16 -0.019742999999999997
379 3 7 17 0.015477999999999997
380 3 7 18 0.0018055000000000007
381 3 7 19 -0.020062499999999997
382 3 7 20 0.0015899999999999983
383 3 8 9 -0.009372499999999995
384 3 8 10 -0.0273038
385 3 8 11 -0.028455999999999995
386 3 8 12 -0.0255975
387 3 8 13 -0.021213
388 3 8 14 -0.017927249999999995
389 3 8 15 -0.010407249999999998
390 3 8 16 -0.0252855
391 3 8 17 -0.0208145
392 3 8 18 -0.013825999999999998
393 3 8 19 -0.028968499999999994
394 3 8 20 0.0023949999999999996
395 3 9 10 -0.017637049999999998
396 3 9 11 -0.016673999999999998
397 3 9 12 0.0015731500000000006
398 3 9 13 -0.0271695
399 3 9 14 -0.011529999999999999
400 3 9 15 -0.00864
401 3 9 16 -0.005269499999999999
402 3 9 17 0.0077239999999999965
403 3 9 18 -0.001581499999999998
404 3 9 19 -0.0100445
405 3 9 20 -0.0011570000000000011
406 3 10 11 0.00013855000000000115
407 3 10 12 0.011875455
408 3 10 13 0.02273755
409 3 10 14 -0.0026669500000000013
410 3 10 15 0.00505955
411 3 10 16 0.012976049999999998
412 3 10 17 0.017661049999999998
413 3 10 18 0.005241550000000001
414 3 10 19 0.01027505
415 3 10 20 0.0040735500000000004
416 3 11 12 0.0028646
417 3 11 13 -0.009894499999999999
418 3 11 14 -0.0025964499999999997
419 3 11 15 0.009312799999999998
420 3 11 16 0.00428441
421 3 11 17 0.024388379999999998
422 3 11 18 0.0062243
423 3 11 19 -0.0007344999999999989
424 3 11 20 0.005101499999999999
425 3 12 13 -0.021948499999999996
426 3 12 14 -0.005897299999999999
427 3 12 15 -0.0083225
428 3 12 16 -0.0020889
429 3 12 17 0.003006499999999998
430 3 12 18 0.007193150000000001
431 3 12 19 0.0025973500000000004
432 3 12 20 0.0038489999999999987
433 3 13 14 0.007463999999999998
434 3 13 15 0.018780999999999996
435 3 13 16 0.013710499999999997
436 3 13 17 0.020469799999999996
437 3 13 18 0.012605199999999999
438 3 13 19 0.004889800000000001
439 3 13 20 0.007855399999999997
440 3 14 15 0.004875564999999999
441 3 14 16 -0.010198500000000001
442 3 14 17 0.016105499999999995
443 3 14 18 0.009688
444 3 14 19 -0.004954999999999999
445 3 14 20 0.0194585
446 3 15 16 -0.015702499999999998
447 3 15 17 0.022838199999999993
448 3 15 18 -0.0016004999999999982
449 3 15 19 -0.003521499999999998
450 3 15 20 0.0016189999999999993
451 3 16 17 0.020330504999999995
452 3 16 18 0.0122255
453 3 16 19 -0.0071509999999999985
454 3 16 20 0.003922499999999999
455 3 17 18 -0.016496599999999997
456 3 17 19 -0.034421999999999994
457 3 17 20 -0.010181649999999999
458 3 18 19 0.0009759500000000001
459 3 18 20 0.008417749999999998
460 3 19 20 -0.004709000000000001
461 4 5 6 -0.0007756999999999999
462 4 5 7 -0.0116172
463 4 5 8 -0.025227699999999995
464 4 5 9 0.0017215499999999999
465 4 5 10 0.009463299999999997
466 4 5 11 0.03608379999999999
467 4 5 12 0.0090508
468 4 5 13 0.006831300000000002
469 4 5 14 -0.003270200000000001
470 4 5 15 0.006869800000000001
471 4 5 16 0.005630799999999996
472 4 5 17 0.004706800000000002
473 4 5 18 -0.013432199999999998
474 4 5 19 0.0110138
475 4 5 20 0.003948800000000002
476 4 6 7 0.0037313499999999996
477 4 6 8 -0.0151755
478 4 6 9 -0.0006902499999999999
479 4 6 10 0.023644549999999997
480 4 6 11 0.013295
481 4 6 12 0.016902
482 4 6 13 0.02325085
483 4 6 14 -0.007190999999999997
484 4 6 15 0.021546199999999998
485 4 6 16 0.029982615
486 4 6 17 0.011551999999999998
487 4 6 18 -0.007646000000000002
488 4 6 19 0.005173499999999997
489 4 6 20 0.010216
490 4 7 8 -0.022052000000000002
491 4 7 9 -0.00351975
492 4 7 10 0.019627199999999997
493 4 7 11 0.027008499999999998
494 4 7 12 0.0207015
495 4 7 13 0.007484
496 4 7 14 -0.0047539999999999995
497 4 7 15 0.004918500000000001
498 4 7 16 0.005725000000000002
499 4 7 17 0.0172895
500 4 7 18 0.0082675
501 4 7 19 -0.0033930000000000015
502 4 7 20 0.016105999999999995
503 4 8 9 0.01822625
504 4 8 10 0.02882775
505 4 8 11 0.03250249999999999
506 4 8 12 0.023147999999999995
507 4 8 13 0.0287305
508 4 8 14 0.020492249999999997
509 4 8 15 0.03305225
510 4 8 16 0.024615999999999996
511 4 8 17 0.005430499999999999
512 4 8 18 0.017069499999999998
513 4 8 19 0.0121345
514 4 8 20 0.0413445
515 4 9 10 0.010895750000000001
516 4 9 11 0.016685750000000003
517 4 9 12 0.022719899999999998
518 4 9 13 -0.004824749999999999
519 4 9 14 -0.0007092500000000001
520 4 9 15 0.007220749999999999
521 4 9 16 0.01703325
522 4 9 17 0.006370249999999999
523 4 9 18 0.00171525
524 4 9 19 0.003459749999999997
525 4 9 20 0.010193749999999998
526 4 10 11 0.0049655
527 4 10 12 0.004489405000000001
528 4 10 13 0.0165495
529 4 10 14 -0.020378999999999998
530 4 10 15 -0.007612499999999999
531 4 10 16 0.006746
532 4 10 17 -0.0122255
533 4 10 18 -0.0199945
534 4 10 19 -0.004753499999999999
535 4 10 20 -0.013108499999999997
536 4 11 12 -0.009348399999999996
537 4 11 13 -0.020909499999999998
538 4 11 14 -0.025135449999999997
539 4 11 15 -0.008186199999999998
540 4 11 16 -0.00677259
541 4 11 17 -0.010325119999999998
542 4 11 18 -0.023838699999999997
543 4 11 19 -0.020589999999999997
544 4 11 20 -0.016907499999999995
545 4 12 13 -0.020750499999999998
546 4 12 14 -0.0162233
547 4 12 15 -0.0136085
548 4 12 16 -0.0009329000000000014
549 4 12 17 -0.019493999999999997
550 4 12 18 -0.010656849999999999
551 4 12 19 -0.005045150000000001
552 4 12 20 -0.005947
553 4 13 14 -0.004060000000000001
554 4 13 15 0.012296999999999999
555 4 13 16 0.013668499999999997
556 4 13 17 -0.0032287000000000006
557 4 13 18 -0.006442800000000001
558 4 13 19 -0.003950700000000002
559 4 13 20 -0.0031386000000000005
560 4 14 15 0.009915565
561 4 14 16 0.0012834999999999984
562 4 14 17 0.003931
563 4 14 18 0.0021639999999999997
564 4 14 19 -0.002271500000000001
565 4 14 20 0.0199885
566 4 15 16 -0.009260500000000001
567 4 15 17 0.005623699999999999
568 4 15 18 -0.014164500000000002
569 4 15 19 -0.005878
570 4 15 20 -0.0028910000000000003
571 4 16 17 -0.0033259949999999987
572 4 16 18 -0.006780499999999999
573 4 16 19 -0.0159495
574 4 16 20 -0.007029499999999998
575 4 17 18 -0.0118461
576 4 17 19 -0.019564
577 4 17 20 0.00252285
578 4 18 19 0.01118345
579 4 18 20 0.01647175
580 4 19 20 -0.006862499999999998
581 5 6 7 0.014572850000000002
582 5 6 8 0.0092765
583 5 6 9 -0.0031875
584 5 6 10 0.013405549999999999
585 5 6 11 -0.023564499999999995
586 5 6 12 0.007075499999999999
587 5 6 13 0.015643849999999997
588 5 6 14 -0.0046964999999999976
589 5 6 15 0.013900699999999998
590 5 6 16 0.023576115
591 5 6 17 0.006069499999999997
592 5 6 18 0.005010500000000001
593 5 6 19 -0.006615999999999999
594 5 6 20 0.005491500000000002
595 5 7 8 -0.008441500000000001
596 5 7 9 -0.016858499999999995
597 5 7 10 -0.0014532999999999996
598 5 7 11 -0.0206925
599 5 7 12 3.350000000000019e-5
600 5 7 13 -0.010964499999999997
601 5 7 14 -0.013100999999999998
602 5 7 15 -0.013568499999999999
603 5 7 16 -0.011522999999999997
604 5 7 17 0.0009654999999999996
605 5 7 18 0.010082500000000001
606 5 7 19 -0.026024000000000002
607 5 7 20 0.0005400000000000001
608 5 8 9 -0.008723
609 5 8 10 -0.0058632499999999995
610 5 8 11 -0.028808999999999998
611 5 8 12 -0.0111305
612 5 8 13 -0.003328499999999999
613 5 8 14 -0.001465249999999999
614 5 8 15 0.0009547499999999997
615 5 8 16 -0.006242499999999999
616 5 8 17 -0.024504
617 5 8 18 0.005274
618 5 8 19 -0.024107
619 5 8 20 0.012167999999999998
620 5 9 10 0.003154000000000001
621 5 9 11 -0.017676499999999998
622 5 9 12 0.015390649999999999
623 5 9 13 -0.009934499999999997
624 5 9 14 0.004282500000000002
625 5 9 15 0.0020725000000000006
626 5 9 16 0.013124000000000002
627 5 9 17 0.0033849999999999987
628 5 9 18 0.016869000000000002
629 5 9 19 -0.005832500000000001
630 5 9 20 0.007966499999999998
631 5 10 11 -0.021654999999999997
632 5 10 12 0.004901905
633 5 10 13 0.0191815
634 5 10 14 -0.0076454999999999995
635 5 10 15 -0.005018999999999999
636 5 10 16 0.010578500000000001
637 5 10 17 -0.007469000000000002
638 5 10 18 0.002900999999999999
639 5 10 19 -0.006303999999999999
640 5 10 20 -0.007593999999999999
641 5 11 12 0.017684599999999998
642 5 11 13 0.008343
643 5 11 14 0.014218550000000002
644 5 11 15 0.0210278
645 5 11 16 0.02368041
646 5 11 17 0.021051879999999995
647 5 11 18 0.0256773
648 5 11 19 0.00448
649 5 11 20 0.015227499999999996
650 5 12 13 -0.018531
651 5 12 14 -0.0039022999999999996
652 5 12 15 -0.011427499999999998
653 5 12 16 0.0024871000000000003
654 5 12 17 -0.015150000000000002
655 5 12 18 0.011826149999999999
656 5 12 19 -0.00700815
657 5 12 20 -0.0008450000000000005
658 5 13 14 0.006041500000000001
659 5 13 15 0.012258499999999999
660 5 13 16 0.014868999999999999
661 5 13 17 -0.001104200000000001
662 5 13 18 0.013820699999999998
663 5 13 19 -0.0081332
664 5 13 20 -0.00025610000000000075
665 5 14 15 -0.00022443500000000086
666 5 14 16 -0.007617499999999999
667 5 14 17 -0.004046000000000002
668 5 14 18 0.012325999999999998
669 5 14 19 -0.0165555
670 5 14 20 0.012769499999999998
671 5 15 16 -0.008021499999999999
672 5 15 17 0.007786699999999998
673 5 15 18 0.006137500000000001
674 5 15 19 -0.010022
675 5 15 20 2.9999999999999472e-5
676 5 16 17 -0.002401995000000002
677 5 16 18 0.012282499999999998
678 5 16 19 -0.0213325
679 5 16 20 -0.0053475000000000016
680 5 17 18 0.006292900000000001
681 5 17 19 -0.025870999999999998
682 5 17 20 0.00328085
683 5 18 19 -0.01326255
684 5 18 20 -0.000909250000000001
685 5 19 20 0.0002024999999999999
686 6 7 8 -0.00314515
687 6 7 9 0.0009018499999999998
688 6 7 10 -0.00028599999999999974
689 6 7 11 0.017444849999999998
690 6 7 12 0.0075308499999999995
691 6 7 13 -0.0120355
692 6 7 14 0.0061683499999999995
693 6 7 15 -0.01289635
694 6 7 16 -0.020526264999999995
695 6 7 17 0.009468850000000001
696 6 7 18 0.01964485
697 6 7 19 -0.004835149999999999
698 6 7 20 0.009621349999999999
699 6 8 9 0.0037410000000000004
700 6 8 10 -0.009992299999999999
701 6 8 11 0.004031999999999998
702 6 8 12 -0.008929499999999998
703 6 8 13 -0.00969585
704 6 8 14 0.012507749999999998
705 6 8 15 -0.00366945
706 6 8 16 -0.020542114999999996
707 6 8 17 -0.021296999999999996
708 6 8 18 0.009539999999999998
709 6 8 19 -0.008214499999999996
710 6 8 20 0.015953
711 6 9 10 -0.013439049999999998
712 6 9 11 0.0027004999999999998
713 6 9 12 0.005127650000000001
714 6 9 13 -0.028765849999999996
715 6 9 14 0.005791499999999998
716 6 9 15 -0.015015699999999998
717 6 9 16 -0.013639614999999999
718 6 9 17 -0.005871999999999999
719 6 9 18 0.008671
720 6 9 19 -0.0024040000000000003
721 6 9 20 -0.000712500000000002
722 6 10 11 0.015315049999999997
723 6 10 12 0.011231955
724 6 10 13 0.016943200000000002
725 6 10 14 0.010456549999999997
726 6 10 15 -0.00551415
727 6 10 16 0.00040793500000000006
728 6 10 17 -0.00013295000000000112
729 6 10 18 0.01129605
730 6 10 19 0.01371755
731 6 10 20 0.00032004999999999946
732 6 11 12 -0.012955399999999999
733 6 11 13 -0.030865350000000003
734 6 11 14 -0.00464945
735 6 11 15 -0.016437399999999998
736 6 11 16 -0.023460204999999998
737 6 11 17 -0.008582119999999997
738 6 11 18 -0.0028976999999999983
739 6 11 19 -0.012468499999999999
740 6 11 20 -0.013828499999999997
741 6 12 13 -0.027099349999999998
742 6 12 14 0.007869699999999997
743 6 12 15 -0.0182527
744 6 12 16 -0.014013515
745 6 12 17 -0.014144
746 6 12 18 0.01389115
747 6 12 19 0.006683349999999999
748 6 12 20 0.0007389999999999986
749 6 13 14 0.02638185
750 6 13 15 0.014001649999999997
751 6 13 16 0.0069367349999999986
752 6 13 17 0.008470150000000001
753 6 13 18 0.024454049999999998
754 6 13 19 0.01412665
755 6 13 20 0.009896249999999999
756 6 14 15 -0.018821634999999996
757 6 14 16 -0.035890115
758 6 14 17 -0.014811999999999995
759 6 14 18 0.002619000000000002
760 6 14 19 -0.014635999999999998
761 6 14 20 0.0025815
762 6 15 16 -0.017696915
763 6 15 17 0.0156179
764 6 15 18 0.015027699999999998
765 6 15 19 0.0104947
766 6 15 20 0.008439199999999997
767 6 16 17 0.01510462
768 6 16 18 0.030848114999999992
769 6 16 19 0.008859615000000001
770 6 16 20 0.012737114999999999
771 6 17 18 0.007351899999999999
772 6 17 19 -0.013185499999999998
773 6 17 20 0.003858849999999998
774 6 18 19 -0.0016360500000000002
775 6 18 20 -0.0013902500000000017
776 6 19 20 -0.011905
777 7 8 9 -0.0003060000000000007
778 7 8 10 -0.01285145
779 7 8 11 -0.016558
780 7 8 12 -0.019605500000000005
781 7 8 13 -0.000805500000000002
782 7 8 14 0.0031942499999999974
783 7 8 15 0.006081749999999998
784 7 8 16 -0.0031610000000000023
785 7 8 17 -0.033911000000000004
786 7 8 18 -0.01325
787 7 8 19 -0.0065245
788 7 8 20 0.003186499999999999
789 7 9 10 -0.012251199999999999
790 7 9 11 -0.013842499999999997
791 7 9 12 -0.0015013499999999994
792 7 9 13 -0.0158285
793 7 9 14 0.000524999999999999
794 7 9 15 -0.0012175000000000005
795 7 9 16 0.007788499999999999
796 7 9 17 -0.014438999999999997
797 7 9 18 -0.010072
798 7 9 19 0.0033329999999999996
799 7 9 20 -0.009432
800 7 10 11 -0.0024157999999999996
801 7 10 12 0.003415105
802 7 10 13 0.028692699999999998
803 7 10 14 0.004002199999999997
804 7 10 15 0.0070962
805 7 10 16 0.020648199999999995
806 7 10 17 -0.0098878
807 7 10 18 -0.0086348
808 7 10 19 0.018266699999999997
809 7 10 20 -0.009587299999999998
810 7 11 12 -0.003041399999999999
811 7 11 13 -0.001385
812 7 11 14 0.006627049999999999
813 7 11 15 0.0139038
814 7 11 16 0.014510909999999997
815 7 11 17 -0.0006061199999999994
816 7 11 18 -0.0050977
817 7 11 19 0.009811499999999999
818 7 11 20 -0.006004999999999998
819 7 12 13 -0.007533
820 7 12 14 0.009232199999999998
821 7 12 15 0.0021745
822 7 12 16 0.0140436
823 7 12 17 -0.016082
824 7 12 18 0.001777149999999999
825 7 12 19 0.01904935
826 7 12 20 -0.0013514999999999998
827 7 13 14 0.008178
828 7 13 15 0.0148625
829 7 13 16 0.015427499999999999
830 7 13 17 -0.013034199999999998
831 7 13 18 -0.007226299999999999
832 7 13 19 0.006926300000000001
833 7 13 20 -0.011760599999999998
834 7 14 15 0.00024306500000000037
835 7 14 16 -0.009195499999999999
836 7 14 17 -0.018112499999999997
837 7 14 18 -0.010857499999999999
838 7 14 19 -0.0036324999999999994
839 7 14 20 -0.0008714999999999986
840 7 15 16 -0.010067000000000001
841 7 15 17 -0.006747299999999999
842 7 15 18 -0.0175135
843 7 15 19 0.0024335000000000008
844 7 15 20 -0.014078499999999997
845 7 16 17 -0.014890494999999997
846 7 16 18 -0.009323
847 7 16 19 -0.006831499999999998
848 7 16 20 -0.017410499999999995
849 7 17 18 -0.0028241000000000004
850 7 17 19 0.0011185
851 7 17 20 0.00370635
852 7 18 19 0.02284395
853 7 18 20 0.00863325
854 7 19 20 -0.026361499999999996
855 8 9 10 0.00029425000000000143
856 8 9 11 0.0024095000000000006
857 8 9 12 0.01779815
858 8 9 13 -0.015328999999999999
859 8 9 14 -0.0029752499999999996
860 8 9 15 -0.007605249999999998
861 8 9 16 0.0106435
862 8 9 17 0.019166000000000006
863 8 9 18 0.0028719999999999996
864 8 9 19 0.0095515
865 8 9 20 -0.012924499999999998
866 8 10 11 0.00129075
867 8 10 12 0.010169155
868 8 10 13 0.01664675
869 8 10 14 -0.012043499999999999
870 8 10 15 -0.011837
871 8 10 16 0.010957749999999999
872 8 10 17 0.01117175
873 8 10 18 -0.00823625
874 8 10 19 0.011939749999999997
875 8 10 20 -0.025625249999999995
876 8 11 12 6.100000000000202e-6
877 8 11 13 -0.017137499999999996
878 8 11 14 -0.013125199999999997
879 8 11 15 -0.00873595
880 8 11 16 0.0011139100000000005
881 8 11 17 0.01674688
882 8 11 18 -0.0084057
883 8 11 19 -0.00022200000000000136
884 8 11 20 -0.0257495
885 8 12 13 -0.026333
886 8 12 14 -0.01356755
887 8 12 15 -0.023512749999999995
888 8 12 16 -0.0024009
889 8 12 17 -0.0017765
890 8 12 18 -0.00457835
891 8 12 19 0.005968349999999998
892 8 12 20 -0.0241435
893 8 13 14 0.0041782500000000005
894 8 13 15 0.00797525
895 8 13 16 0.017783
896 8 13 17 0.020071300000000004
897 8 13 18 0.0052182
898 8 13 19 0.012645299999999996
899 8 13 20 -0.0157526
900 8 14 15 -0.0026444349999999997
901 8 14 16 -0.0028402499999999995
902 8 14 17 0.018992749999999996
903 8 14 18 0.00558675
904 8 14 19 0.006086249999999998
905 8 14 20 -0.0008637499999999992
906 8 15 16 -0.0008242500000000013
907 8 15 17 0.033245449999999996
908 8 15 18 0.0018182499999999998
909 8 15 19 0.015039749999999996
910 8 15 20 -0.01118325
911 8 16 17 0.015859505
912 8 16 18 0.0007659999999999986
913 8 16 19 -0.003468000000000001
914 8 16 20 -0.023757999999999998
915 8 17 18 -0.0234851
916 8 17 19 -0.026268
917 8 17 20 -0.03339115
918 8 18 19 0.01611845
919 8 18 20 -0.00780325
920 8 19 20 -0.0360725
921 9 10 11 -0.0008245000000000001
922 9 10 12 -0.007334744999999998
923 9 10 13 0.03227
924 9 10 14 -0.008774
925 9 10 15 -0.003937499999999998
926 9 10 16 0.0006085000000000002
927 9 10 17 -0.0077
928 9 10 18 -0.010813999999999999
929 9 10 19 0.0026825000000000013
930 9 10 20 -0.012406499999999997
931 9 11 12 -0.015382549999999997
932 9 11 13 0.0006010000000000015
933 9 11 14 -0.0077404499999999985
934 9 11 15 0.0012788000000000007
935 9 11 16 -0.007120089999999999
936 9 11 17 -9.61999999999955e-6
937 9 11 18 -0.0088682
938 9 11 19 -0.007363999999999998
939 9 11 20 -0.010415499999999998
940 9 12 13 0.0067941500000000005
941 9 12 14 0.007205849999999999
942 9 12 15 0.0018906500000000004
943 9 12 16 0.004753749999999999
944 9 12 17 -0.003144350000000001
945 9 12 18 0.010347799999999999
946 9 12 19 0.014214999999999998
947 9 12 20 0.00657915
948 9 13 14 -0.008175499999999997
949 9 13 15 0.0002515000000000017
950 9 13 16 -0.008189499999999999
951 9 13 17 -0.0144237
952 9 13 18 -0.012982799999999997
953 9 13 19 -0.012235199999999996
954 9 13 20 -0.018157099999999995
955 9 14 15 0.0019855649999999995
956 9 14 16 -0.016459
957 9 14 17 -0.003148500000000001
958 9 14 18 -0.0002605000000000006
959 9 14 19 -0.0064405
960 9 14 20 0.0090855
961 9 15 16 -0.019073
962 9 15 17 0.006474199999999999
963 9 15 18 -0.008659
964 9 15 19 -0.002116999999999999
965 9 15 20 -0.005863999999999999
966 9 16 17 0.007337004999999998
967 9 16 18 0.008537499999999998
968 9 16 19 -0.0023759999999999988
969 9 16 20 -0.00018999999999999917
970 9 17 18 -0.0071911
971 9 17 19 -0.016653499999999998
972 9 17 20 -0.0013006499999999987
973 9 18 19 0.009438950000000002
974 9 18 20 0.007993250000000002
975 9 19 20 -0.0135965
976 10 11 12 -0.008872304999999999
977 10 11 13 -0.032493499999999995
978 10 11 14 0.00020905000000000088
979 10 11 15 0.0043917999999999995
980 10 11 16 -0.00855309
981 10 11 17 0.006865880000000001
982 10 11 18 0.0011213
983 10 11 19 -0.010870999999999999
984 10 11 20 0.0011664999999999994
985 10 12 13 -0.03281059499999999
986 10 12 14 0.008645105
987 10 12 15 -0.0015065949999999995
988 10 12 16 -0.003189495
989 10 12 17 -0.002779094999999998
990 10 12 18 0.013827055
991 10 12 19 0.004197754999999998
992 10 12 20 0.011650904999999998
993 10 13 14 0.032868499999999995
994 10 13 15 0.036459
995 10 13 16 0.023471999999999996
996 10 13 17 0.025546299999999997
997 10 13 18 0.0301012
998 10 13 19 0.017352299999999998
999 10 13 20 0.026519399999999995
1000 10 14 15 -0.002850935
1001 10 14 16 -0.025841499999999996
1002 10 14 17 -0.004222499999999999
1003 10 14 18 0.0017794999999999992
1004 10 14 19 -0.017897
1005 10 14 20 0.012717999999999998
1006 10 15 16 -0.023619
1007 10 15 17 0.0102367
1008 10 15 18 -0.0017825
1009 10 15 19 -0.008737
1010 10 15 20 0.002604999999999999
1011 10 16 17 0.015645505
1012 10 16 18 0.01996
1013 10 16 19 -0.00445
1014 10 16 20 0.012824999999999996
1015 10 17 18 -0.004077100000000001
1016 10 17 19 -0.027036
1017 10 17 20 0.0034058499999999976
1018 10 18 19 -0.00405755
1019 10 18 20 0.009585749999999999
1020 10 19 20 0.0014924999999999993
1021 11 12 13 -0.009189399999999999
1022 11 12 14 -0.00043625000000000017
1023 11 12 15 -0.014770699999999996
1024 11 12 16 -0.003508709999999999
1025 11 12 17 -0.018517279999999997
1026 11 12 18 0.0038334499999999995
1027 11 12 19 0.00619645
1028 11 12 20 0.0016121000000000002
1029 11 13 14 0.0001659500000000008
1030 11 13 15 -0.00042629999999999887
1031 11 13 16 -0.00046840999999999956
1032 11 13 17 -0.013813079999999998
1033 11 13 18 -0.003513599999999999
1034 11 13 19 -0.004270199999999999
1035 11 13 20 -0.007140599999999999
1036 11 14 15 -0.007033684999999999
1037 11 14 16 -0.01707936
1038 11 14 17 -0.01087933
1039 11 14 18 0.0008672500000000003
1040 11 14 19 -0.0068169500000000004
1041 11 14 20 0.011760549999999998
1042 11 15 16 -0.010674109999999999
1043 11 15 17 0.00776262
1044 11 15 18 0.0014879999999999997
1045 11 15 19 0.006525799999999999
1046 11 15 20 0.005830299999999999
1047 11 16 17 0.00022653499999999999
1048 11 16 18 0.010285609999999999
1049 11 16 19 -0.00213209
1050 11 16 20 0.003105409999999999
1051 11 17 18 0.0016674799999999998
1052 11 17 19 -0.00929912
1053 11 17 20 0.009105229999999999
1054 11 18 19 0.00793475
1055 11 18 20 0.00954055
1056 11 19 20 -0.010544999999999999
1057 12 13 14 -0.008587199999999998
1058 12 13 15 0.005154999999999999
1059 12 13 16 -0.006149100000000001
1060 12 13 17 -0.0044852
1061 12 13 18 -0.016536449999999998
1062 12 13 19 -0.019656049999999998
1063 12 13 20 -0.0179421
1064 12 14 15 0.007300764999999999
1065 12 14 16 -0.0140069
1066 12 14 17 0.0072016999999999975
1067 12 14 18 -0.003402449999999999
1068 12 14 19 -0.01344965
1069 12 14 20 0.009712199999999999
1070 12 15 16 -0.021936099999999997
1071 12 15 17 0.011509199999999999
1072 12 15 18 -0.01711615
1073 12 15 19 -0.014441349999999999
1074 12 15 20 -0.0105525
1075 12 16 17 0.015235105
1076 12 16 18 0.0029434499999999994
1077 12 16 19 -0.011837249999999999
1078 12 16 20 -0.0020153999999999997
1079 12 17 18 -0.020683249999999997
1080 12 17 19 -0.03401285
1081 12 17 20 -0.01102415
1082 12 18 19 0.00557175
1083 12 18 20 0.011761899999999999
1084 12 19 20 -0.0059606500000000005
1085 13 14 15 -0.006441434999999999
1086 13 14 16 -0.016444999999999998
1087 13 14 17 0.0030996999999999995
1088 13 14 18 0.0045468
1089 13 14 19 -0.0023807999999999993
1090 13 14 20 0.019067099999999997
1091 13 15 16 -0.010631999999999999
1092 13 15 17 0.0211494
1093 13 15 18 0.004575299999999999
1094 13 15 19 0.010369699999999999
1095 13 15 20 0.0125446
1096 13 16 17 0.013571205
1097 13 16 18 0.013330799999999999
1098 13 16 19 0.0016696999999999988
1099 13 16 20 0.0097776
1100 13 17 18 -0.008632
1101 13 17 19 -0.018842
1102 13 17 20 0.00243275
1103 13 18 19 0.00869135
1104 13 18 20 0.013167549999999998
1105 13 19 20 -0.0076746
1106 14 15 16 -0.0006284349999999993
1107 14 15 17 0.011608265
1108 14 15 18 -0.006412935
1109 14 15 19 0.006309065000000001
1110 14 15 20 -0.012963934999999998
1111 14 16 17 -0.005973495
1112 14 16 18 -0.007661
1113 14 16 19 -0.012394499999999998
1114 14 16 20 -0.025734499999999997
1115 14 17 18 -0.010079099999999999
1116 14 17 19 -0.013361499999999998
1117 14 17 20 -0.013534649999999999
1118 14 18 19 0.01561895
1119 14 18 20 -0.0013527499999999996
1120 14 19 20 -0.029122500000000003
1121 15 16 17 -0.018210194999999995
1122 15 16 18 -0.0018765000000000001
1123 15 16 19 -0.019331999999999995
1124 15 16 20 -0.013398999999999998
1125 15 17 18 0.007942099999999999
1126 15 17 19 -0.0080623
1127 15 17 20 0.01103755
1128 15 18 19 0.0028969499999999997
1129 15 18 20 0.00519825
1130 15 19 20 -0.009849499999999999
1131 16 17 18 -0.008391594999999998
1132 16 17 19 -0.006940495
1133 16 17 20 0.006226355
1134 16 18 19 0.020352449999999998
1135 16 18 20 0.01672075
1136 16 19 20 -0.015782499999999998
1137 17 18 19 0.018901349999999997
1138 17 18 20 0.0021027999999999997
1139 17 19 20 -0.02894935
1140 18 19 20 -0.012150799999999998
