l i j f[l]=f_ij g[l]=g_ij s[l]=s_ij h[l]=h_ij
1 1 2 0.7852 0.35218885000000005 0.4330111499999999 5.551115123125783e-17
2 1 3 0.18366 0.15083404 0.03282596 0.0
3 2 3 -0.29575 -0.20135481000000002 -0.09439519 2.7755575615628914e-17
4 1 4 -0.096828 0.06856094500000001 -0.165388945 0.0
5 2 4 -0.62796 -0.283627905 -0.3443320949999999 -5.551115123125783e-17
6 3 4 0.015303 -0.08227309499999999 0.09757609499999999 0.0
7 1 5 -0.14201 0.057278050000000025 -0.1992880499999999 -1.1102230246251565e-16
8 2 5 -0.10521 -0.29491080000000003 0.18970079999999997 5.551115123125783e-17
9 3 5 -0.47552 -0.09355598999999999 -0.3819640099999999 -9.71445146547012e-17
10 4 5 -0.084092 -0.011282894999999994 -0.072809105 -6.938893903907228e-18
11 1 6 0.35958 0.10510520000000007 0.2544748 -5.551115123125783e-17
12 2 6 -0.13723 -0.24708365 0.10985365000000001 0.0
13 3 6 -0.029496 -0.04572883999999995 0.01623283999999999 -4.163336342344337e-17
14 4 6 0.2433 0.036544255000000046 0.206755745 -4.85722573273506e-17
15 5 6 0.30491 0.04782715000000004 0.25708285 0.0
16 1 7 0.4269 0.21881975 0.20808024999999997 2.7755575615628914e-17
17 2 7 -0.17567 -0.13336910000000002 -0.04230089999999998 0.0
18 3 7 0.15174 0.06798571 0.08375429000000002 -1.3877787807814457e-17
19 4 7 0.16767 0.150258805 0.01741119500000002 0.0
20 5 7 0.034025 0.1615417 -0.1275167 0.0
21 6 7 -0.012876 0.11371454999999996 -0.12659054999999997 1.3877787807814457e-17
22 1 8 0.15381 0.05191620000000002 0.10189379999999996 1.3877787807814457e-17
23 2 8 -0.11389 -0.30027265000000003 0.18638264999999996 5.551115123125783e-17
24 3 8 -0.4517 -0.09891783999999999 -0.35278216 1.3877787807814457e-17
25 4 8 0.51613 -0.016644744999999996 0.5327747449999999 9.020562075079397e-17
26 5 8 -0.46993 -0.005361850000000001 -0.46456814999999996 -5.551115123125783e-17
27 6 8 0.052147 -0.05318900000000004 0.10533599999999999 5.551115123125783e-17
28 7 8 -0.12742 -0.16690355 0.03948354999999999 0.0
29 1 9 0.24937 0.039186475000000026 0.21018352499999998 0.0
30 2 9 0.05172 -0.313002375 0.364722375 0.0
31 3 9 0.11484 -0.11164756499999999 0.22648756499999997 1.3877787807814457e-17
32 4 9 0.085032 -0.029374469999999993 0.11440646999999998 6.938893903907228e-18
33 5 9 0.012323 -0.018091575 0.03041457499999998 2.0816681711721685e-17
34 6 9 -0.099405 -0.06591872500000004 -0.03348627499999999 2.7755575615628914e-17
35 7 9 -0.26447 -0.17963327499999998 -0.08483672500000002 0.0
36 8 9 0.22412 -0.012729724999999997 0.23684972499999996 5.551115123125783e-17
37 1 10 -0.19959 -0.03280745499999999 -0.16678254499999998 -2.0816681711721685e-17
38 2 10 -0.25046 -0.38499630500000004 0.134536305 0.0
39 3 10 0.17927 -0.18364149500000002 0.3629114949999999 1.1102230246251565e-16
40 4 10 -0.28899 -0.10136840000000001 -0.18762160000000005 4.163336342344337e-17
41 5 10 0.21821 -0.09008550500000001 0.30829550499999997 2.7755575615628914e-17
42 6 10 0.12045 -0.13791265500000005 0.25836265499999994 1.1102230246251565e-16
43 7 10 -0.20597 -0.251627205 0.04565720500000002 0.0
44 8 10 -0.18538 -0.08472365500000001 -0.10065634499999995 -2.7755575615628914e-17
45 9 10 0.1828 -0.07199393000000001 0.25479392999999995 5.551115123125783e-17
46 1 11 0.10441 -0.01355887499999997 0.117968875 -2.7755575615628914e-17
47 2 11 -0.68188 -0.365747725 -0.316132275 0.0
48 3 11 0.011653 -0.16439291499999997 0.17604591499999997 0.0
49 4 11 -0.48078 -0.08211981999999998 -0.39866018 -2.7755575615628914e-17
50 5 11 0.24838 -0.070836925 0.3192169249999999 1.1102230246251565e-16
51 6 11 -0.44094 -0.11866407500000004 -0.322275925 5.551115123125783e-17
52 7 11 -0.073218 -0.23237862499999998 0.159160625 -2.7755575615628914e-17
53 8 11 -0.31579 -0.065475075 -0.25031492499999997 -5.551115123125783e-17
54 9 11 -0.0034925 -0.052745349999999996 0.04925285 -6.938893903907228e-18
55 10 11 0.26234 0.019248580000000026 0.24309141999999997 1.734723475976807e-17
56 1 12 0.39833 0.0785919 0.3197381 -1.3877787807814457e-17
57 2 12 -0.33516 -0.27359695000000006 -0.061563050000000015 5.551115123125783e-17
58 3 12 -0.44227 -0.07224214000000001 -0.37002786 0.0
59 4 12 -0.13219 0.010030954999999987 -0.14222095499999998 -6.938893903907228e-18
60 5 12 -0.26949 0.02131384999999998 -0.29080385000000003 4.163336342344337e-17
61 6 12 -0.22378 -0.02651330000000006 -0.19726670000000002 6.938893903907228e-17
62 7 12 0.11691 -0.14022785000000001 0.25713785 2.7755575615628914e-17
63 8 12 -0.078783 0.026675699999999983 -0.10545869999999997 -1.3877787807814457e-17
64 9 12 0.25275 0.03940542499999998 0.21334457499999993 6.938893903907228e-17
65 10 12 0.43134 0.111399355 0.3199406449999999 8.326672684688674e-17
66 11 12 0.10624 0.09215077499999998 0.014089225000000009 1.3877787807814457e-17
67 1 13 0.32262 0.014924455000000017 0.30769554499999996 4.163336342344337e-17
68 2 13 0.050795 -0.337264395 0.38805939500000003 -5.551115123125783e-17
69 3 13 0.028748 -0.135909585 0.16465758499999997 2.7755575615628914e-17
70 4 13 0.0083981 -0.05363649 0.06203458999999997 2.7755575615628914e-17
71 5 13 -0.061039 -0.04235359500000001 -0.01868540500000001 1.3877787807814457e-17
72 6 13 0.24234 -0.09018074500000005 0.33252074499999995 9.71445146547012e-17
73 7 13 -0.26141 -0.203895295 -0.057514704999999965 0.0
74 8 13 -0.16174 -0.036991745000000006 -0.12474825499999997 -1.3877787807814457e-17
75 9 13 0.057706 -0.02426202000000001 0.08196801999999999 2.0816681711721685e-17
76 10 13 0.19161 0.04773191000000001 0.14387808999999996 3.469446951953614e-17
77 11 13 -0.52797 0.028483329999999987 -0.55645333 -6.938893903907228e-17
78 12 13 -0.32509 -0.06366744499999999 -0.26142255499999995 -5.551115123125783e-17
79 1 14 -0.45833 -0.09382508999999999 -0.3645049099999999 -1.249000902703301e-16
80 2 14 -0.69651 -0.44601394000000005 -0.2504960599999999 0.0
81 3 14 0.0099932 -0.24465913 0.2546523299999999 8.326672684688674e-17
82 4 14 -0.27081 -0.162386035 -0.10842396500000001 2.7755575615628914e-17
83 5 14 -0.16543 -0.15110314000000002 -0.014326859999999986 2.7755575615628914e-17
84 6 14 -0.15613 -0.19893029000000007 0.04280028999999999 8.326672684688674e-17
85 7 14 -0.56926 -0.31264484000000003 -0.25661515999999995 0.0
86 8 14 -0.080114 -0.14574129000000002 0.06562728999999998 5.551115123125783e-17
87 9 14 -0.097517 -0.133011565 0.035494565000000006 0.0
88 10 14 -0.26399 -0.061017634999999994 -0.20297236499999993 -7.632783294297951e-17
89 11 14 -0.16985 -0.08026621500000002 -0.08958378499999999 0.0
90 12 14 -0.054976 -0.17241699 0.11744099 0.0
91 13 14 0.10899 -0.108749545 0.21773954499999998 2.7755575615628914e-17
92 1 15 -0.14518 -0.11632244999999994 -0.02885754999999998 -8.326672684688674e-17
93 2 15 -0.22026 -0.46851129999999996 0.2482513 -5.551115123125783e-17
94 3 15 -0.47249 -0.26715648999999997 -0.20533351 -5.551115123125783e-17
95 4 15 -0.37184 -0.18488339499999995 -0.18695660499999991 -1.3877787807814457e-16
96 5 15 -0.34598 -0.17360049999999996 -0.17237949999999996 -8.326672684688674e-17
97 6 15 0.31415 -0.22142765 0.5355776499999999 8.326672684688674e-17
98 7 15 -0.59055 -0.33514219999999995 -0.25540779999999996 -1.1102230246251565e-16
99 8 15 0.11619 -0.16823864999999996 0.28442865000000006 -8.326672684688674e-17
100 9 15 -0.54533 -0.15550892499999996 -0.38982107499999996 -5.551115123125783e-17
101 10 15 -0.33424 -0.08351499499999995 -0.25072500499999995 -8.326672684688674e-17
102 11 15 -0.044154 -0.10276357499999997 0.05860957499999997 0.0
103 12 15 -0.2711 -0.19491434999999996 -0.07618565000000001 -5.551115123125783e-17
104 13 15 -0.026917 -0.13124690499999997 0.10432990499999999 -2.7755575615628914e-17
105 14 15 -0.10317 -0.022497359999999952 -0.08067263999999998 -6.938893903907228e-17
106 1 16 -0.16246 -0.20318034999999998 0.04072035000000002 -2.7755575615628914e-17
107 2 16 -0.63595 -0.5553692 -0.0805808 0.0
108 3 16 -0.29638 -0.35401439 0.05763439000000002 0.0
109 4 16 -0.23919 -0.271741295 0.03255129499999998 0.0
110 5 16 -0.15023 -0.2604584 0.11022839999999996 0.0
111 6 16 0.21848 -0.30828555 0.52676555 0.0
112 7 16 -0.56753 -0.4220001 -0.14552989999999993 -5.551115123125783e-17
113 8 16 -0.081078 -0.25509655 0.17401855000000002 -5.551115123125783e-17
114 9 16 -0.10105 -0.242366825 0.141316825 0.0
115 10 16 0.1497 -0.17037289499999997 0.32007289499999997 0.0
116 11 16 -0.027601 -0.189621475 0.16202047500000002 -2.7755575615628914e-17
117 12 16 -0.29417 -0.28177224999999995 -0.012397749999999994 -5.551115123125783e-17
118 13 16 -0.24387 -0.21810480499999998 -0.025765195000000008 0.0
119 14 16 -0.41198 -0.10935525999999998 -0.30262474 -2.7755575615628914e-17
120 15 16 -0.51071 -0.08685790000000003 -0.4238521 4.163336342344337e-17
121 1 17 -0.39519 -0.10881179999999999 -0.2863782 2.7755575615628914e-17
122 2 17 -0.75563 -0.46100065 -0.29462934999999996 -5.551115123125783e-17
123 3 17 -0.48265 -0.25964584 -0.22300416 0.0
124 4 17 -0.22499 -0.177372745 -0.04761725499999998 0.0
125 5 17 -0.20677 -0.16608985 -0.04068015000000001 2.7755575615628914e-17
126 6 17 -0.053724 -0.21391700000000005 0.16019299999999997 8.326672684688674e-17
127 7 17 -0.042196 -0.32763155 0.2854355499999999 5.551115123125783e-17
128 8 17 -0.28693 -0.160728 -0.126202 0.0
129 9 17 -0.082334 -0.147998275 0.06566427499999995 5.551115123125783e-17
130 10 17 0.016209 -0.076004345 0.092213345 0.0
131 11 17 0.06177 -0.09525292500000002 0.15702292499999998 2.7755575615628914e-17
132 12 17 -0.51986 -0.1874037 -0.3324562999999999 -5.551115123125783e-17
133 13 17 -0.078283 -0.123736255 0.045453254999999984 1.3877787807814457e-17
134 14 17 -0.2175 -0.01498671 -0.20251328999999996 -4.163336342344337e-17
135 15 17 0.1934 0.007510649999999952 0.18588934999999998 5.551115123125783e-17
136 16 17 0.25113 0.09436854999999998 0.15676145000000002 1.3877787807814457e-17
137 1 18 -0.61261 -0.10902729999999997 -0.5035826999999999 -8.326672684688674e-17
138 2 18 -0.35597 -0.46121615 0.10524615 0.0
139 3 18 -0.33743 -0.25986134 -0.07756865999999998 -5.551115123125783e-17
140 4 18 -0.21887 -0.17758824499999998 -0.041281755 -2.7755575615628914e-17
141 5 18 -0.39042 -0.16630535 -0.22411464999999994 -5.551115123125783e-17
142 6 18 -0.42435 -0.21413250000000003 -0.2102175 2.7755575615628914e-17
143 7 18 -0.16711 -0.32784705 0.16073704999999994 5.551115123125783e-17
144 8 18 -0.15508 -0.1609435 0.005863500000000018 -2.7755575615628914e-17
145 9 18 0.1454 -0.148213775 0.29361377499999997 2.7755575615628914e-17
146 10 18 -0.059224 -0.07621984499999998 0.016995844999999992 -1.3877787807814457e-17
147 11 18 -0.11821 -0.095468425 -0.022741574999999997 0.0
148 12 18 0.15754 -0.18761919999999999 0.3451591999999999 1.1102230246251565e-16
149 13 18 -0.12672 -0.12395175499999998 -0.0027682450000000008 -1.3877787807814457e-17
150 14 18 -0.15388 -0.01520220999999998 -0.13867778999999997 -4.163336342344337e-17
151 15 18 -0.08327 0.0072951499999999725 -0.09056515000000001 4.163336342344337e-17
152 16 18 0.5977 0.09415305 0.50354695 -4.163336342344337e-17
153 17 18 -0.21153 -0.0002154999999999796 -0.2113144999999999 -1.1102230246251565e-16
154 1 19 -0.26838 -0.21690199500000004 -0.05147800500000001 2.7755575615628914e-17
155 2 19 -0.48629 -0.5690908450000001 0.08280084500000001 0.0
156 3 19 -0.19837 -0.36773603500000007 0.169366035 1.1102230246251565e-16
157 4 19 -0.23556 -0.28546294000000005 0.04990294 5.551115123125783e-17
158 5 19 -0.30082 -0.27418004500000004 -0.026639954999999983 5.551115123125783e-17
159 6 19 -0.44473 -0.3220071950000001 -0.12272280499999999 5.551115123125783e-17
160 7 19 -0.70895 -0.43572174500000005 -0.273228255 5.551115123125783e-17
161 8 19 -0.49446 -0.26881819500000004 -0.22564180499999997 0.0
162 9 19 -0.19567 -0.25608847000000007 0.06041846999999998 5.551115123125783e-17
163 10 19 -0.0031789 -0.18409454000000003 0.18091564 2.7755575615628914e-17
164 11 19 -0.25753 -0.20334312000000007 -0.05418687999999998 8.326672684688674e-17
165 12 19 -0.035693 -0.295493895 0.2598008949999999 1.1102230246251565e-16
166 13 19 -0.24812 -0.23182645000000004 -0.01629355000000001 5.551115123125783e-17
167 14 19 -0.22192 -0.12307690500000004 -0.09884309499999999 2.7755575615628914e-17
168 15 19 0.12219 -0.10057954500000009 0.22276954499999999 9.71445146547012e-17
169 16 19 -0.3083 -0.01372164500000006 -0.294578355 5.551115123125783e-17
170 17 19 -0.49464 -0.10809019500000004 -0.386549805 4.163336342344337e-17
171 18 19 -0.16836 -0.10787469500000006 -0.060485304999999996 4.163336342344337e-17
172 1 20 -0.35139 -0.09105854999999999 -0.2603314499999999 -8.326672684688674e-17
173 2 20 -0.33536 -0.4432474 0.1078874 5.551115123125783e-17
174 3 20 -0.3021 -0.24189259000000002 -0.06020740999999998 2.7755575615628914e-17
175 4 20 -0.40201 -0.159619495 -0.24239050499999998 0.0
176 5 20 -0.25822 -0.1483366 -0.10988339999999999 0.0
177 6 20 -0.30076 -0.19616375000000005 -0.10459625000000003 5.551115123125783e-17
178 7 20 -0.17152 -0.3098783 0.13835829999999996 5.551115123125783e-17
179 8 20 0.17178 -0.14297475 0.31475474999999997 2.7755575615628914e-17
180 9 20 0.12845 -0.13024502500000001 0.2586950249999999 1.1102230246251565e-16
181 10 20 -0.012165 -0.058251094999999996 0.04608609500000001 -1.3877787807814457e-17
182 11 20 0.031077 -0.07749967500000002 0.10857667499999998 2.7755575615628914e-17
183 12 20 -0.25268 -0.16965045 -0.08302955000000001 0.0
184 13 20 0.033311 -0.105983005 0.13929400499999997 4.163336342344337e-17
185 14 20 0.27293 0.002766539999999998 0.27016345999999997 4.163336342344337e-17
186 15 20 -0.28412 0.02526389999999995 -0.30938389999999993 0.0
187 16 20 0.32097 0.11212179999999998 0.20884819999999998 1.3877787807814457e-17
188 17 20 0.21077 0.017753249999999998 0.19301674999999996 5.551115123125783e-17
189 18 20 -0.013216 0.017968749999999978 -0.03118475000000001 3.469446951953614e-17
190 19 20 -0.45883 0.12584344500000005 -0.584673445 -1.1102230246251565e-16
