t i j k u[t]=u_ijk
1 1 2 3 0.005440049999999999
2 1 2 4 0.0125727
3 1 2 5 0.019756500000000003
4 1 2 6 0.013122484999999998
5 1 2 7 0.01910485
6 1 2 8 0.011150450000000003
7 1 2 9 0.02619355
8 1 2 10 0.0176915
9 1 2 11 0.0006000000000000006
10 1 2 12 0.0034264999999999994
11 1 2 13 0.006405149999999998
12 1 2 14 0.017618500000000002
13 1 2 15 0.02409315
14 1 2 16 0.013001499999999997
15 1 2 17 0.020649500000000005
16 1 2 18 0.0276725
17 1 2 19 0.028081000000000002
18 1 2 20 0.011465499999999998
19 1 3 4 0.012184000000000002
20 1 3 5 0.007117
21 1 3 6 0.0019181500000000002
22 1 3 7 0.004340000000000001
23 1 3 8 -0.0028580499999999996
24 1 3 9 0.001421000000000003
25 1 3 10 0.013644499999999999
26 1 3 11 0.0012205000000000022
27 1 3 12 0.006677500000000002
28 1 3 13 -0.00053565
29 1 3 14 0.016043500000000002
30 1 3 15 0.017677050000000003
31 1 3 16 0.0050955
32 1 3 17 0.0001439999999999997
33 1 3 18 0.030519500000000005
34 1 3 19 0.014609000000000002
35 1 3 20 0.004483999999999999
36 1 4 5 -0.0048332
37 1 4 6 0.0033870999999999984
38 1 4 7 -0.00034544999999999997
39 1 4 8 0.013461250000000001
40 1 4 9 -0.0024467000000000004
41 1 4 10 0.0021538000000000004
42 1 4 11 -0.021573199999999997
43 1 4 12 -0.006201700000000001
44 1 4 13 -0.013600050000000002
45 1 4 14 0.0102918
46 1 4 15 0.006154799999999999
47 1 4 16 -0.0037512000000000005
48 1 4 17 0.003938300000000001
49 1 4 18 0.011195300000000004
50 1 4 19 0.0019967999999999987
51 1 4 20 -0.0005648500000000009
52 1 5 6 -0.01444655
53 1 5 7 -0.013390999999999998
54 1 5 8 -0.02032655
55 1 5 9 -0.010382500000000001
56 1 5 10 -0.0029058999999999995
57 1 5 11 -0.0101
58 1 5 12 -0.010696500000000001
59 1 5 13 -0.018454750000000002
60 1 5 14 0.0081452
61 1 5 15 -0.0018204500000000015
62 1 5 16 -0.005246800000000001
63 1 5 17 -0.00023004999999999936
64 1 5 18 0.005170500000000001
65 1 5 19 -0.004464
66 1 5 20 -0.014197000000000001
67 1 6 7 0.0042356500000000005
68 1 6 8 0.0044493250000000005
69 1 6 9 0.000805700000000001
70 1 6 10 0.005495200000000001
71 1 6 11 -0.0042122999999999996
72 1 6 12 -0.003822300000000001
73 1 6 13 0.0029179000000000006
74 1 6 14 0.012165700000000002
75 1 6 15 0.01129725
76 1 6 16 0.0142169
77 1 6 17 0.012311800000000003
78 1 6 18 0.010210700000000005
79 1 6 19 0.0091277
80 1 6 20 0.002630199999999999
81 1 7 8 -0.005438700000000001
82 1 7 9 -0.011512500000000002
83 1 7 10 0.007539309650000002
84 1 7 11 0.007085600000000001
85 1 7 12 0.004378599999999999
86 1 7 13 -0.02645685
87 1 7 14 0.0021225
88 1 7 15 -0.005021500000000001
89 1 7 16 -0.018088500000000004
90 1 7 17 0.003924000000000001
91 1 7 18 0.015891
92 1 7 19 0.005954500000000001
93 1 7 20 0.0029339519999999997
94 1 8 9 0.0032013500000000004
95 1 8 10 0.006152750000000001
96 1 8 11 -0.003720950000000001
97 1 8 12 -0.011644950000000001
98 1 8 13 -0.012618299999999999
99 1 8 14 0.011074549999999999
100 1 8 15 0.01582745
101 1 8 16 -0.012620950000000004
102 1 8 17 -0.00972945
103 1 8 18 0.016710050000000004
104 1 8 19 -0.002353950000000002
105 1 8 20 0.010201449999999999
106 1 9 10 0.0016920000000000001
107 1 9 11 -0.009564500000000002
108 1 9 12 0.006056999999999999
109 1 9 13 -0.007402550000000002
110 1 9 14 0.014176699999999997
111 1 9 15 -0.008285000000000002
112 1 9 16 0.002895399999999999
113 1 9 17 -0.0065885000000000015
114 1 9 18 0.012886000000000003
115 1 9 19 0.005183
116 1 9 20 -0.0037804000000000015
117 1 10 11 -0.0035581300000000005
118 1 10 12 0.0022724999999999998
119 1 10 13 -0.008943850000000001
120 1 10 14 -0.00044000000000000153
121 1 10 15 -0.004758000000000002
122 1 10 16 0.0013220499999999989
123 1 10 17 -0.020023500000000003
124 1 10 18 -0.005165499999999998
125 1 10 19 0.0047794
126 1 10 20 -0.010670000000000002
127 1 11 12 -0.003072100000000001
128 1 11 13 -0.013687900000000001
129 1 11 14 0.010100749999999999
130 1 11 15 0.0147735
131 1 11 16 0.0020209249999999994
132 1 11 17 0.010514500000000001
133 1 11 18 0.018768900000000005
134 1 11 19 0.008320899999999999
135 1 11 20 0.0024724499999999993
136 1 12 13 -0.018399850000000002
137 1 12 14 0.022881000000000006
138 1 12 15 -0.0010749999999999998
139 1 12 16 0.00318255
140 1 12 17 -0.003031999999999999
141 1 12 18 0.03215900000000001
142 1 12 19 0.024324000000000002
143 1 12 20 0.009728
144 1 13 14 0.022261500000000004
145 1 13 15 0.0186604
146 1 13 16 0.01681895
147 1 13 17 0.020245700000000005
148 1 13 18 0.0339171
149 1 13 19 0.019302800000000002
150 1 13 20 0.010762049999999999
151 1 14 15 0.0005985000000000005
152 1 14 16 -0.01061836
153 1 14 17 -0.004715699999999998
154 1 14 18 0.014102400000000006
155 1 14 19 -0.017803
156 1 14 20 -0.0082615
157 1 15 16 -0.012787500000000002
158 1 15 17 0.010720000000000004
159 1 15 18 0.010601500000000003
160 1 15 19 0.0007630000000000005
161 1 15 20 -0.010947499999999999
162 1 16 17 0.019191000000000003
163 1 16 18 0.024679950000000006
164 1 16 19 0.0007465
165 1 16 20 0.01008
166 1 17 18 0.0156962
167 1 17 19 -0.001843000000000002
168 1 17 20 0.0066395000000000004
169 1 18 19 -0.004769000000000002
170 1 18 20 -0.024835950000000006
171 1 19 20 -0.0023845000000000008
172 2 3 4 0.0050513500000000005
173 2 3 5 -0.0071994500000000005
174 2 3 6 -0.005764285
175 2 3 7 -0.0093248
176 2 3 8 -0.00856845
177 2 3 9 -0.019332500000000002
178 2 3 10 0.0013930499999999992
179 2 3 11 0.006060549999999999
180 2 3 12 0.008691049999999999
181 2 3 13 -0.0015007500000000001
182 2 3 14 0.003865050000000002
183 2 3 15 -0.0009760500000000003
184 2 3 16 -0.002465949999999999
185 2 3 17 -0.01506545
186 2 3 18 0.00828705
187 2 3 19 -0.008031950000000001
188 2 3 20 -0.0015414500000000013
189 2 4 5 -0.012017
190 2 4 6 0.0028373149999999987
191 2 4 7 -0.006877600000000001
192 2 4 8 0.0148835
193 2 4 9 -0.016067550000000003
194 2 4 10 -0.002965000000000001
195 2 4 11 -0.009600500000000001
196 2 4 12 0.0029445000000000005
197 2 4 13 -0.007432500000000001
198 2 4 14 0.0052460000000000015
199 2 4 15 -0.0053656500000000005
200 2 4 16 -0.00418
201 2 4 17 -0.004138500000000001
202 2 4 18 -0.0039045000000000017
203 2 4 19 -0.013511500000000003
204 2 4 20 0.0005423499999999992
205 2 5 6 -0.007812535
206 2 5 7 -0.01273935
207 2 5 8 -0.011720500000000002
208 2 5 9 -0.016819550000000003
209 2 5 10 -0.0008409000000000007
210 2 5 11 0.009056499999999999
211 2 5 12 0.0056335000000000005
212 2 5 13 -0.005103400000000001
213 2 5 14 0.0102832
214 2 5 15 -0.006157100000000001
215 2 5 16 0.0015082000000000006
216 2 5 17 -0.0011230500000000002
217 2 5 18 -0.0027455000000000023
218 2 5 19 -0.012788500000000001
219 2 5 20 -0.0059060000000000015
220 2 6 7 -0.001746715
221 2 6 8 0.00642136
222 2 6 9 -0.012265365000000002
223 2 6 10 0.0009261850000000003
224 2 6 11 0.008310184999999998
225 2 6 12 0.005873684999999998
226 2 6 13 0.009635235
227 2 6 14 0.007669685
228 2 6 15 0.0003265850000000001
229 2 6 16 0.014337885
230 2 6 17 0.0047847850000000015
231 2 6 18 -0.0043393150000000024
232 2 6 19 -0.005830815000000001
233 2 6 20 0.004287185000000001
234 2 7 8 0.0025157
235 2 7 9 -0.018601200000000005
236 2 7 10 0.008952659650000002
237 2 7 11 0.02559045
238 2 7 12 0.02005695
239 2 7 13 -0.013757150000000003
240 2 7 14 0.00360885
241 2 7 15 -0.010009800000000001
242 2 7 16 -0.01198515
243 2 7 17 0.002379350000000001
244 2 7 18 0.0073233499999999984
245 2 7 19 -0.0030216500000000003
246 2 7 20 0.010573301999999998
247 2 8 9 -0.011841750000000002
248 2 8 10 -0.0003883000000000005
249 2 8 11 0.0068295000000000005
250 2 8 12 -0.003921
251 2 8 13 -0.007873
252 2 8 14 0.004606500000000001
253 2 8 15 0.00288475
254 2 8 16 -0.014471999999999999
255 2 8 17 -0.019228500000000003
256 2 8 18 0.00018799999999999928
257 2 8 19 -0.019284500000000003
258 2 8 20 0.009886400000000002
259 2 9 10 0.010194050000000001
260 2 9 11 0.01602905
261 2 9 12 0.028824050000000007
262 2 9 13 0.012385850000000002
263 2 9 14 0.022751749999999998
264 2 9 15 -0.0061846
265 2 9 16 0.01608745
266 2 9 17 -0.0010444499999999997
267 2 9 18 0.011407049999999998
268 2 9 19 0.003295550000000001
269 2 9 20 0.01094765
270 2 10 11 0.013533370000000001
271 2 10 12 0.016537500000000004
272 2 10 13 0.002342500000000001
273 2 10 14 -0.00036699999999999927
274 2 10 15 -0.01115965
275 2 10 16 0.006012050000000002
276 2 10 17 -0.0229815
277 2 10 18 -0.015146500000000004
278 2 10 19 -0.0056101
279 2 10 20 -0.004444
280 2 11 12 -0.0058986
281 2 11 13 -0.019493049999999998
282 2 11 14 -0.006917749999999999
283 2 11 15 -0.008719649999999999
284 2 11 16 -0.010380574999999998
285 2 11 17 -0.009534999999999998
286 2 11 18 -0.0083036
287 2 11 19 -0.0191601
288 2 11 20 -0.00839305
289 2 12 13 -0.0213785
290 2 12 14 0.008689
291 2 12 15 -0.021741650000000005
292 2 12 16 -0.00639245
293 2 12 17 -0.020255000000000002
294 2 12 18 0.007913
295 2 12 19 -0.0003305000000000003
296 2 12 20 0.0016890000000000004
297 2 13 14 0.01104815
298 2 13 15 0.0009723999999999998
299 2 13 16 0.010222600000000002
300 2 13 17 0.006001350000000001
301 2 13 18 0.01264975
302 2 13 19 -0.0023730500000000002
303 2 13 20 0.0057017
304 2 14 15 -0.005876150000000001
305 2 14 16 -0.00600136
306 2 14 17 -0.0077467000000000005
307 2 14 18 0.004048399999999999
308 2 14 19 -0.028265500000000002
309 2 14 20 -0.002108500000000001
310 2 15 16 -0.0016958499999999987
311 2 15 17 0.014163650000000002
312 2 15 18 0.00702215
313 2 15 19 -0.0032248500000000005
314 2 15 20 0.0016801500000000005
315 2 16 17 0.011543000000000001
316 2 16 18 0.010008949999999999
317 2 16 19 -0.014333000000000002
318 2 16 20 0.011616
319 2 17 18 0.008673199999999999
320 2 17 19 -0.009274500000000001
321 2 17 20 0.015823500000000004
322 2 18 19 -0.005177499999999999
323 2 18 20 -0.00862895
324 2 19 20 0.014230999999999999
325 3 4 5 0.0002338000000000007
326 3 4 6 0.013652950000000002
327 3 4 7 0.007498550000000001
328 3 4 8 0.028503300000000002
329 3 4 9 0.0083163
330 3 4 10 0.0006932999999999996
331 3 4 11 -0.0106097
332 3 4 12 -0.0006952000000000001
333 3 4 13 -0.0008803999999999994
334 3 4 14 0.006432300000000001
335 3 4 15 0.0006617499999999999
336 3 4 16 0.0033373000000000014
337 3 4 17 0.0159783
338 3 4 18 -0.007140199999999999
339 3 4 19 -0.00042820000000000087
340 3 4 20 0.007135150000000002
341 3 5 6 -0.009247700000000001
342 3 5 7 -0.010614000000000002
343 3 5 8 -0.010351500000000001
344 3 5 9 -0.004686500000000002
345 3 5 10 -0.009433400000000002
346 3 5 11 -0.004203500000000001
347 3 5 12 -0.010257000000000002
348 3 5 13 -0.0108021
349 3 5 14 -0.0007813000000000009
350 3 5 15 -0.012380500000000003
351 3 5 16 -0.0032253000000000013
352 3 5 17 0.006742949999999999
353 3 5 18 -0.018232
354 3 5 19 -0.011956000000000001
355 3 5 20 -0.011564000000000001
356 3 6 7 0.0018138000000000004
357 3 6 8 0.009225525
358 3 6 9 0.0013028499999999986
359 3 6 10 -0.0062311499999999995
360 3 6 11 -0.0035146500000000015
361 3 6 12 -0.008581650000000001
362 3 6 13 0.005371700000000001
363 3 6 14 -0.0019596500000000003
364 3 6 15 -0.00446165
365 3 6 16 0.01103955
366 3 6 17 0.014085950000000005
367 3 6 18 -0.01839065
368 3 6 19 -0.0035631500000000015
369 3 6 20 6.435000000000052e-5
370 3 7 8 0.00175935
371 3 7 9 -0.008593500000000004
372 3 7 10 -0.0017651903500000002
373 3 7 11 0.010205100000000002
374 3 7 12 0.0020410999999999993
375 3 7 13 -0.021581200000000002
376 3 7 14 -0.009581000000000001
377 3 7 15 -0.01835855
378 3 7 16 -0.018844000000000003
379 3 7 17 0.008120000000000002
380 3 7 18 -0.0102885
381 3 7 19 -0.004314500000000001
382 3 7 20 0.0027899520000000005
383 3 8 9 -0.0010777000000000009
384 3 8 10 -0.010349800000000001
385 3 8 11 -0.007799500000000001
386 3 8 12 -0.021180500000000005
387 3 8 13 -0.014940700000000001
388 3 8 14 -0.007827
389 3 8 15 -0.004707650000000001
390 3 8 16 -0.020574500000000003
391 3 8 17 -0.012731500000000003
392 3 8 18 -0.016667500000000002
393 3 8 19 -0.019821000000000002
394 3 8 20 0.002859400000000001
395 3 9 10 -0.0105315
396 3 9 11 -0.009364
397 3 9 12 0.0008004999999999999
398 3 9 13 -0.0054459
399 3 9 14 -0.0004457999999999994
400 3 9 15 -0.02454105
401 3 9 16 -0.0007790999999999997
402 3 9 17 -0.0053115
403 3 9 18 -0.0162125
404 3 9 19 -0.008005
405 3 9 20 -0.0068434
406 3 10 11 0.008865870000000001
407 3 10 12 0.009239500000000001
408 3 10 13 0.005236300000000001
409 3 10 14 -0.002839
410 3 10 15 -0.008790550000000001
411 3 10 16 0.009871049999999998
412 3 10 17 -0.006523000000000002
413 3 10 18 -0.0220405
414 3 10 19 0.003814900000000001
415 3 10 20 -0.0015094999999999998
416 3 11 12 -0.008529100000000001
417 3 11 13 -0.011931750000000001
418 3 11 14 -0.00472225
419 3 11 15 -0.0016830500000000002
420 3 11 16 -0.0018540750000000002
421 3 11 17 0.011591000000000002
422 3 11 18 -0.0105301
423 3 11 19 -0.0050676
424 3 11 20 -0.0007910499999999994
425 3 12 13 -0.0111867
426 3 12 14 0.013515
427 3 12 15 -0.01207455
428 3 12 16 0.00476455
429 3 12 17 0.0035015000000000024
430 3 12 18 0.008317000000000001
431 3 12 19 0.0163925
432 3 12 20 0.011921500000000003
433 3 13 14 0.005682349999999999
434 3 13 15 0.0004476999999999998
435 3 13 16 0.011187800000000001
436 3 13 17 0.019566050000000005
437 3 13 18 0.0028619500000000003
438 3 13 19 0.004158149999999999
439 3 13 20 0.005742400000000001
440 3 14 15 -0.00103505
441 3 14 16 0.00032963999999999975
442 3 14 17 0.011183800000000002
443 3 14 18 -0.00037359999999999965
444 3 14 19 -0.0163685
445 3 14 20 0.003298000000000001
446 3 15 16 -0.00020595000000000061
447 3 15 17 0.028253050000000002
448 3 15 18 -0.0022409500000000002
449 3 15 19 0.0038310500000000008
450 3 15 20 0.002245550000000001
451 3 16 17 0.0241425
452 3 16 18 -0.0007440499999999996
453 3 16 19 -0.008767
454 3 16 20 0.010691500000000001
455 3 17 18 -0.014679300000000003
456 3 17 19 -0.016308
457 3 17 20 0.002299500000000002
458 3 18 19 0.011141500000000002
459 3 18 20 0.0011995500000000004
460 3 19 20 0.0077405
461 4 5 6 -0.022666850000000002
462 4 5 7 -0.01787875
463 4 5 8 -0.038620999999999996
464 4 5 9 -0.012769
465 4 5 10 -0.0098929
466 4 5 11 0.00664
467 4 5 12 -0.009328000000000001
468 4 5 13 -0.0096879
469 4 5 14 -0.006979800000000001
470 4 5 15 -0.01280845
471 4 5 16 -0.006328800000000002
472 4 5 17 -0.00900155
473 4 5 18 -0.010858000000000003
474 4 5 19 -0.011294
475 4 5 20 -0.018465350000000002
476 4 6 7 0.0079682
477 4 6 8 -0.005624825
478 4 6 9 0.0066395000000000004
479 4 6 10 0.0067285
480 4 6 11 0.020748
481 4 6 12 0.0057664999999999965
482 4 6 13 0.019905050000000004
483 4 6 14 0.005261000000000001
484 4 6 15 0.00852955
485 4 6 16 0.0213552
486 4 6 17 0.011760600000000001
487 4 6 18 0.0024024999999999993
488 4 6 19 0.010518
489 4 6 20 0.006582150000000001
490 4 7 8 -0.0192454
491 4 7 9 -0.009411250000000003
492 4 7 10 0.00504005965
493 4 7 11 0.02831335
494 4 7 12 0.010234849999999998
495 4 7 13 -0.013202250000000004
496 4 7 14 -0.008514750000000001
497 4 7 15 -0.01152175
498 4 7 16 -0.014682750000000001
499 4 7 17 -0.00035975000000000037
500 4 7 18 0.00435025
501 4 7 19 0.0036122500000000017
502 4 7 20 0.0031533520000000003
503 4 8 9 0.019109300000000003
504 4 8 10 0.0174602
505 4 8 11 0.0313135
506 4 8 12 0.008018
507 4 8 13 0.014442999999999998
508 4 8 14 0.014243999999999996
509 4 8 15 0.0231339
510 4 8 16 0.004591499999999998
511 4 8 17 -0.00020650000000000117
512 4 8 18 0.018976
513 4 8 19 0.009110499999999997
514 4 8 20 0.024227550000000004
515 4 9 10 -0.0029085000000000005
516 4 9 11 0.009561999999999996
517 4 9 12 0.009812
518 4 9 13 0.0037508
519 4 9 14 0.0014381999999999989
520 4 9 15 -0.0168865
521 4 9 16 0.004199899999999999
522 4 9 17 -0.012973500000000004
523 4 9 18 -0.0007560000000000011
524 4 9 19 0.0007395000000000007
525 4 9 20 -0.005662250000000001
526 4 10 11 0.02016887
527 4 10 12 0.010628
528 4 10 13 0.00681
529 4 10 14 -0.008578
530 4 10 15 -0.008759000000000001
531 4 10 16 0.007227049999999999
532 4 10 17 -0.021808
533 4 10 18 -0.014207000000000001
534 4 10 19 0.004936400000000001
535 4 10 20 -0.007951350000000001
536 4 11 12 -0.0184436
537 4 11 13 -0.021661049999999998
538 4 11 14 -0.02176425
539 4 11 15 -0.012954499999999997
540 4 11 16 -0.015801074999999998
541 4 11 17 -0.014996999999999998
542 4 11 18 -0.013999599999999997
543 4 11 19 -0.015249099999999996
544 4 11 20 -0.018535899999999998
545 4 12 13 -0.011001499999999999
546 4 12 14 0.006387500000000001
547 4 12 15 -0.0134315
548 4 12 16 0.00073205
549 4 12 17 -0.013172000000000001
550 4 12 18 0.014762
551 4 12 19 0.0161255
552 4 12 20 0.004091150000000002
553 4 13 14 -0.0016303500000000011
554 4 13 15 -0.0010944500000000003
555 4 13 16 0.006970099999999998
556 4 13 17 0.0027073500000000003
557 4 13 18 0.00912175
558 4 13 19 0.0037059500000000013
559 4 13 20 -0.0022731500000000003
560 4 14 15 0.004735500000000001
561 4 14 16 0.003424640000000001
562 4 14 17 0.0016378000000000009
563 4 14 18 0.013198900000000001
564 4 14 19 -0.009507999999999999
565 4 14 20 0.002595150000000001
566 4 15 16 -0.002881500000000001
567 4 15 17 0.012936500000000002
568 4 15 18 0.005561
569 4 15 19 0.004921000000000001
570 4 15 20 -0.00422785
571 4 16 17 0.011501500000000001
572 4 16 18 0.00973345
573 4 16 19 -0.005001499999999999
574 4 16 20 0.006893650000000001
575 4 17 18 0.008439200000000001
576 4 17 19 9.85e-5
577 4 17 20 0.011142650000000002
578 4 18 19 0.004429500000000002
579 4 18 20 -0.0130758
580 4 19 20 0.00017714999999999954
581 5 6 7 0.0031801
582 5 6 8 0.010329325000000002
583 5 6 9 -0.0032583500000000006
584 5 6 10 -0.006045450000000001
585 5 6 11 -0.008558850000000002
586 5 6 12 -0.007572350000000001
587 5 6 13 0.006926100000000001
588 5 6 14 -0.01042605
589 5 6 15 -0.0013288499999999995
590 5 6 16 0.005017150000000001
591 5 6 17 -0.0019047
592 5 6 18 -0.00940635
593 5 6 19 -0.0008548500000000015
594 5 6 20 0.002380650000000001
595 5 7 8 0.0014968500000000012
596 5 7 9 -0.014521000000000001
597 5 7 10 -0.0029457903499999997
598 5 7 11 0.0037946
599 5 7 12 0.0016841000000000002
600 5 7 13 -0.0213931
601 5 7 14 -0.019413700000000002
602 5 7 15 -0.01659205
603 5 7 16 -0.026232699999999998
604 5 7 17 -0.009236949999999999
605 5 7 18 -0.0026704999999999993
606 5 7 19 -0.0029725000000000003
607 5 7 20 0.0037399520000000012
608 5 8 9 -0.0067427
609 5 8 10 -0.011267900000000003
610 5 8 11 -0.013947500000000002
611 5 8 12 -0.021275000000000002
612 5 8 13 -0.014490100000000002
613 5 8 14 -0.017397200000000005
614 5 8 15 -0.0026786500000000007
615 5 8 16 -0.027700700000000005
616 5 8 17 -0.029825950000000004
617 5 8 18 -0.008787000000000001
618 5 8 19 -0.018216500000000004
619 5 8 20 0.004071900000000001
620 5 9 10 -0.005784600000000002
621 5 9 11 -0.009847000000000003
622 5 9 12 0.006371
623 5 9 13 0.0006696999999999999
624 5 9 14 -0.004351000000000002
625 5 9 15 -0.01684705
626 5 9 16 -0.0022403
627 5 9 17 -0.01674095
628 5 9 18 -0.002667
629 5 9 19 -0.0007355000000000008
630 5 9 20 3.4100000000000104e-5
631 5 10 11 0.0036359699999999997
632 5 10 12 0.0100631
633 5 10 13 0.006605000000000001
634 5 10 14 -0.0114911
635 5 10 15 -0.00584345
636 5 10 16 0.0036629500000000003
637 5 10 17 -0.02269935
638 5 10 18 -0.013241899999999997
639 5 10 19 0.0063375
640 5 10 20 0.0006211000000000016
641 5 11 12 -0.0024755999999999997
642 5 11 13 -0.005333149999999999
643 5 11 14 -0.008144450000000001
644 5 11 15 0.006493950000000002
645 5 11 16 -0.0028322749999999995
646 5 11 17 0.0006445500000000014
647 5 11 18 0.003498400000000002
648 5 11 19 0.0026849
649 5 11 20 0.006569450000000002
650 5 12 13 -0.0106416
651 5 12 14 0.004039300000000001
652 5 12 15 -0.00995105
653 5 12 16 -0.00226715
654 5 12 17 -0.013498450000000002
655 5 12 18 0.016292
656 5 12 19 0.0180915
657 5 12 20 0.013228500000000002
658 5 13 14 -0.004338450000000001
659 5 13 15 0.0020261000000000003
660 5 13 16 0.003611
661 5 13 17 0.0020210000000000007
662 5 13 18 0.010291850000000002
663 5 13 19 0.005312049999999999
664 5 13 20 0.006504300000000002
665 5 14 15 0.010564150000000001
666 5 14 16 0.0027736400000000004
667 5 14 17 0.0036595500000000006
668 5 14 18 0.017077100000000005
669 5 14 19 -0.005193800000000002
670 5 14 20 0.014080700000000002
671 5 15 16 -0.009361150000000002
672 5 15 17 0.0091296
673 5 15 18 0.00361055
674 5 15 19 0.003406549999999999
675 5 15 20 0.0014290500000000007
676 5 16 17 0.01417425
677 5 16 18 0.01426265
678 5 16 19 -3.630000000000161e-5
679 5 16 20 0.0190302
680 5 17 18 0.010295650000000002
681 5 17 19 0.002390949999999999
682 5 17 20 0.020606450000000002
683 5 18 19 0.004865499999999999
684 5 18 20 -0.005468450000000001
685 5 19 20 0.007348500000000002
686 6 7 8 -0.005652375
687 6 7 9 -0.008082550000000003
688 6 7 10 0.00627975965
689 6 7 11 0.015533550000000002
690 6 7 12 0.012436550000000003
691 6 7 13 -0.025139100000000004
692 6 7 14 -0.005807550000000001
693 6 7 15 -0.012083100000000003
694 6 7 16 -0.02806975
695 6 7 17 -0.00415215
696 6 7 18 0.009915950000000001
697 6 7 19 0.001062450000000001
698 6 7 20 0.0045394020000000005
699 6 8 9 0.006844975000000001
700 6 8 10 0.005106875
701 6 8 11 0.004940675
702 6 8 12 -0.0033733249999999995
703 6 8 13 -0.011086875000000003
704 6 8 14 0.0033581749999999997
705 6 8 15 0.008979524999999999
706 6 8 16 -0.022388525000000003
707 6 8 17 -0.017591925000000005
708 6 8 18 0.010948675
709 6 8 19 -0.007032325000000001
710 6 8 20 0.012020575000000002
711 6 9 10 -0.0029975000000000006
712 6 9 11 -0.004546500000000001
713 6 9 12 0.010685000000000002
714 6 9 13 -0.00951475
715 6 9 14 0.0028166999999999997
716 6 9 15 -0.01877655
717 6 9 16 -0.0105158
718 6 9 17 -0.018094600000000002
719 6 9 18 0.0034809999999999993
720 6 9 19 -0.0031389999999999994
721 6 9 20 -0.005604900000000001
722 6 10 11 0.006149370000000001
723 6 10 12 0.011590000000000003
724 6 10 13 -0.0063665499999999995
725 6 10 14 -0.0071105000000000005
726 6 10 15 -0.01056005
727 6 10 16 -0.00739965
728 6 10 17 -0.026840100000000006
729 6 10 18 -0.009881000000000001
730 6 10 19 0.001146900000000001
731 6 10 20 -0.007805000000000002
732 6 11 12 -0.0034620999999999996
733 6 11 13 -0.020818100000000003
734 6 11 14 -0.006277250000000002
735 6 11 15 -0.0007360500000000006
736 6 11 16 -0.016408275
737 6 11 17 -0.0060096
738 6 11 18 0.004345900000000001
739 6 11 19 -0.0050191
740 6 11 20 -0.004370050000000001
741 6 12 13 -0.025140050000000004
742 6 12 14 0.006893
743 6 12 15 -0.016194550000000002
744 6 12 16 -0.014856650000000004
745 6 12 17 -0.019166100000000005
746 6 12 18 0.018125999999999996
747 6 12 19 0.011374
748 6 12 20 0.0032754999999999993
749 6 13 14 0.013013700000000003
750 6 13 15 0.01028105
751 6 13 16 0.00551995
752 6 13 17 0.0108518
753 6 13 18 0.0266243
754 6 13 19 0.013093000000000004
755 6 13 20 0.01104975
756 6 14 15 0.0014669500000000003
757 6 14 16 -0.01266956
758 6 14 17 -0.0048617999999999995
759 6 14 18 0.0160574
760 6 14 19 -0.014765
761 6 14 20 0.0012740000000000002
762 6 15 16 -0.015707150000000003
763 6 15 17 0.009705450000000001
764 6 15 18 0.01168805
765 6 15 19 0.002932550000000001
766 6 15 20 -0.0022804500000000003
767 6 16 17 0.021096100000000003
768 6 16 18 0.02868615
769 6 16 19 0.005835700000000001
770 6 16 20 0.0216667
771 6 17 18 0.017797300000000002
772 6 17 19 0.0013411000000000007
773 6 17 20 0.016321099999999998
774 6 18 19 -0.0036859999999999996
775 6 18 20 -0.017255450000000002
776 6 19 20 0.0041129999999999995
777 7 8 9 0.009275150000000003
778 7 8 10 -0.00682525965
779 7 8 11 -0.01624525
780 7 8 12 -0.02146225
781 7 8 13 0.008399850000000002
782 7 8 14 0.0035133500000000006
783 7 8 15 0.01541025
784 7 8 16 2.8849999999999715e-5
785 7 8 17 -0.019092150000000006
786 7 8 18 -0.004619650000000001
787 7 8 19 -0.013747150000000005
788 7 8 20 0.0018287980000000004
789 7 9 10 -0.017359809650000002
790 7 9 11 -0.02816260000000001
791 7 9 12 -0.009834100000000002
792 7 9 13 0.0075418
793 7 9 14 0.0005416999999999988
794 7 9 15 -0.014776000000000003
795 7 9 16 0.0094714
796 7 9 17 -0.022025000000000003
797 7 9 18 -0.014517500000000001
798 7 9 19 -0.012284000000000002
799 7 9 20 -0.018226852
800 7 10 11 -0.003104420350000001
801 7 10 12 0.005433209650000001
802 7 10 13 0.02505230965
803 7 10 14 0.0049768096500000004
804 7 10 15 0.007802809650000002
805 7 10 16 0.026949859650000005
806 7 10 17 -0.016408190350000004
807 7 10 18 -0.01351719035
808 7 10 19 0.00636420965
809 7 10 20 -0.006064642350000001
810 7 11 12 -0.0003650999999999998
811 7 11 13 0.019854550000000002
812 7 11 14 0.015063850000000004
813 7 11 15 0.0268806
814 7 11 16 0.027195025
815 7 11 17 0.013676100000000002
816 7 11 18 0.0099635
817 7 11 19 0.009452
818 7 11 20 0.006624098000000001
819 7 12 13 0.012435600000000002
820 7 12 14 0.025137100000000002
821 7 12 15 0.008325100000000002
822 7 12 16 0.025649650000000003
823 7 12 17 -0.0025773999999999992
824 7 12 18 0.0206466
825 7 12 19 0.0227481
826 7 12 20 0.011172648
827 7 13 14 -0.006317850000000002
828 7 13 15 -0.0027749500000000004
829 7 13 16 0.0084506
830 7 13 17 -0.010135149999999999
831 7 13 18 -0.008430750000000002
832 7 13 19 -0.013108550000000004
833 7 13 20 -0.018628752000000002
834 7 14 15 0.007742500000000002
835 7 14 16 0.009592640000000001
836 7 14 17 -0.0065172
837 7 14 18 0.0003339000000000002
838 7 14 19 -0.021634999999999998
839 7 14 20 -0.009072952
840 7 15 16 0.0002794999999999992
841 7 15 17 0.0017744999999999998
842 7 15 18 -0.010311000000000002
843 7 15 19 -0.010213000000000002
844 7 15 20 -0.018902952000000004
845 7 16 17 -0.002821500000000002
846 7 16 18 -0.009299550000000002
847 7 16 19 -0.023296500000000005
848 7 16 20 -0.010942452
849 7 17 18 0.0037292000000000002
850 7 17 19 -0.003873500000000001
851 7 17 20 0.007629548000000001
852 7 18 19 0.0051675
853 7 18 20 -0.011878902
854 7 19 20 0.0006360480000000002
855 8 9 10 -0.0012593999999999997
856 8 9 11 -0.0026422000000000004
857 8 9 12 0.020903300000000003
858 8 9 13 0.008417100000000002
859 8 9 14 0.006303500000000001
860 8 9 15 -0.020911100000000002
861 8 9 16 0.0187177
862 8 9 17 0.006342300000000001
863 8 9 18 -0.0006226999999999997
864 8 9 19 0.010738300000000003
865 8 9 20 -0.010780500000000002
866 8 10 11 0.006315570000000001
867 8 10 12 0.0200702
868 8 10 13 0.0098272
869 8 10 14 -0.0053618
870 8 10 15 -0.0144327
871 8 10 16 0.02009575
872 8 10 17 -0.004141299999999998
873 8 10 18 -0.0157228
874 8 10 19 0.013286100000000006
875 8 10 20 -0.014718700000000001
876 8 11 12 0.0048519
877 8 11 13 -0.00479055
878 8 11 14 -0.00469475
879 8 11 15 -0.0047749
880 8 11 16 0.010920925000000001
881 8 11 17 0.016523000000000003
882 8 11 18 -0.0016621
883 8 11 19 0.006953900000000002
884 8 11 20 -0.011449950000000002
885 8 12 13 -0.017426500000000004
886 8 12 14 0.00016150000000000054
887 8 12 15 -0.028547400000000004
888 8 12 16 0.004158550000000001
889 8 12 17 -0.0049475
890 8 12 18 0.003804000000000001
891 8 12 19 0.015033000000000001
892 8 12 20 -0.012118400000000001
893 8 13 14 -0.0014313500000000005
894 8 13 15 -0.009785350000000002
895 8 13 16 0.016821600000000003
896 8 13 17 0.017356850000000004
897 8 13 18 0.004588750000000001
898 8 13 19 0.009038450000000002
899 8 13 20 -0.012057700000000003
900 8 14 15 -0.0041544
901 8 14 16 0.013077140000000001
902 8 14 17 0.016088300000000003
903 8 14 18 0.0084669
904 8 14 19 -0.0043745
905 8 14 20 -0.007388400000000001
906 8 15 16 0.015660900000000002
907 8 15 17 0.03627690000000001
908 8 15 18 0.0097189
909 8 15 19 0.0189444
910 8 15 20 -0.005321500000000001
911 8 16 17 0.0162995
912 8 16 18 -0.00465105
913 8 16 19 -0.009520500000000001
914 8 16 20 -0.012742400000000004
915 8 17 18 -0.0107433
916 8 17 19 -0.009218500000000001
917 8 17 20 -0.013291400000000002
918 8 18 19 0.014295000000000004
919 8 18 20 -0.01832735
920 8 19 20 -0.0149399
921 9 10 11 0.007698370000000003
922 9 10 12 -0.0020924999999999984
923 9 10 13 0.00015070000000000017
924 9 10 14 -0.0129247
925 9 10 15 0.0052190000000000005
926 9 10 16 0.00011865000000000002
927 9 10 17 -0.011743
928 9 10 18 -0.0163595
929 9 10 19 0.0012883999999999997
930 9 10 20 -0.0051976
931 9 11 12 -0.0186936
932 9 11 13 -0.015849850000000002
933 9 11 14 -0.013640450000000002
934 9 11 15 0.013494000000000003
935 9 11 16 -0.010438975000000001
936 9 11 17 0.007538500000000002
937 9 11 18 -0.0036816000000000006
938 9 11 19 -0.006426600000000001
939 9 11 20 -0.0033116500000000006
940 9 12 13 -0.004940300000000001
941 9 12 14 0.0147613
942 9 12 15 0.013267000000000003
943 9 12 16 0.006344149999999999
944 9 12 17 0.0096135
945 9 12 18 0.025330000000000005
946 9 12 19 0.025197999999999998
947 9 12 20 0.0195654
948 9 13 14 0.0006822499999999999
949 9 13 15 0.01954285
950 9 13 16 0.006520999999999999
951 9 13 17 0.01943165
952 9 13 18 0.013628550000000001
953 9 13 19 0.00671725
954 9 13 20 0.007139899999999999
955 9 14 15 0.0230602
956 9 14 16 0.0006629400000000001
957 9 14 17 0.0160495
958 9 14 18 0.015393100000000003
959 9 14 19 -0.0088093
960 9 14 20 0.0096956
961 9 15 16 -0.0239679
962 9 15 17 0.0090235
963 9 15 18 -0.0105695
964 9 15 19 -0.012705000000000001
965 9 15 20 -0.0154521
966 9 16 17 0.028674900000000007
967 9 16 18 0.014689350000000002
968 9 16 19 -0.001541100000000001
969 9 16 20 0.0167558
970 9 17 18 -0.0037783000000000005
971 9 17 19 -0.013614500000000002
972 9 17 20 0.0038314000000000017
973 9 18 19 0.002934
974 9 18 20 -0.008169550000000001
975 9 19 20 0.0065789
976 10 11 12 -0.008902730000000001
977 10 11 13 -0.008302180000000001
978 10 11 14 0.006982620000000001
979 10 11 15 0.01597337
980 10 11 16 -0.002859255
981 10 11 17 0.026979870000000003
982 10 11 18 0.020376270000000002
983 10 11 19 -1.663000000000012e-5
984 10 11 20 0.00958432
985 10 12 13 -0.007183499999999999
986 10 12 14 0.0255935
987 10 12 15 0.005955500000000002
988 10 12 16 0.004133000000000001
989 10 12 17 0.019264000000000003
990 10 12 18 0.03959700000000001
991 10 12 19 0.021817100000000002
992 10 12 20 0.0226705
993 10 13 14 0.013757650000000003
994 10 13 15 0.014474550000000003
995 10 13 16 0.0065530499999999995
996 10 13 17 0.03132535
997 10 13 18 0.030138750000000002
998 10 13 19 0.00557955
999 10 13 20 0.012488200000000001
1000 10 14 15 0.004916500000000001
1001 10 14 16 -0.01238041
1002 10 14 17 0.014867800000000002
1003 10 14 18 0.0188279
1004 10 14 19 -0.0230224
1005 10 14 20 0.0019685
1006 10 15 16 -0.01886755
1007 10 15 17 0.0259855
1008 10 15 18 0.011009
1009 10 15 19 -0.0087744
1010 10 15 20 -0.0050355
1011 10 16 17 0.040536550000000005
1012 10 16 18 0.031167500000000004
1013 10 16 19 -0.0027108500000000008
1014 10 16 20 0.02207205
1015 10 17 18 0.0008381999999999996
1016 10 17 19 -0.026645900000000004
1017 10 17 20 -0.002714
1018 10 18 19 -0.014713900000000002
1019 10 18 20 -0.01933145
1020 10 19 20 0.013064900000000003
1021 11 12 13 -0.00778405
1022 11 12 14 0.009708150000000002
1023 11 12 15 -0.0189206
1024 11 12 16 -0.001910475
1025 11 12 17 -0.0166186
1026 11 12 18 0.010317999999999999
1027 11 12 19 0.012930999999999998
1028 11 12 20 0.004183450000000002
1029 11 13 14 -0.00152715
1030 11 13 15 -0.009801000000000002
1031 11 13 16 0.001110125
1032 11 13 17 -0.0039567
1033 11 13 18 0.0014602999999999999
1034 11 13 19 -0.002706
1035 11 13 20 -0.0053983
1036 11 14 15 -0.004074250000000001
1037 11 14 16 -0.002538535
1038 11 14 17 -0.00512945
1039 11 14 18 0.00543425
1040 11 14 19 -0.016023150000000003
1041 11 14 20 -0.0006331999999999998
1042 11 15 16 -3.492499999999954e-5
1043 11 15 17 0.014979000000000003
1044 11 15 18 0.006606099999999998
1045 11 15 19 0.007215600000000001
1046 11 15 20 0.0013535500000000013
1047 11 16 17 0.010697425
1048 11 16 18 0.007931975
1049 11 16 19 -0.005553475000000001
1050 11 16 20 0.009628475000000001
1051 11 17 18 0.007441800000000002
1052 11 17 19 0.0003505999999999995
1053 11 17 20 0.014681550000000003
1054 11 18 19 0.005679000000000002
1055 11 18 20 -0.0085395
1056 11 19 20 0.003463950000000001
1057 12 13 14 -0.01901935
1058 12 13 15 0.00133555
1059 12 13 16 -0.004763450000000001
1060 12 13 17 0.004877850000000001
1061 12 13 18 -0.01664175
1062 12 13 19 -0.023421050000000002
1063 12 13 20 -0.0173658
1064 12 14 15 0.024554500000000003
1065 12 14 16 0.009080089999999999
1066 12 14 17 0.021197300000000002
1067 12 14 18 0.0048244
1068 12 14 19 -0.019246000000000003
1069 12 14 20 0.0048915
1070 12 15 16 -0.017045050000000003
1071 12 15 17 0.012677
1072 12 15 18 -0.0226325
1073 12 15 19 -0.024636
1074 12 15 20 -0.021750500000000002
1075 12 16 17 0.025405550000000002
1076 12 16 18 -0.0042965
1077 12 16 19 -0.020394950000000002
1078 12 16 20 0.00353455
1079 12 17 18 -0.019494800000000003
1080 12 17 19 -0.029199000000000003
1081 12 17 20 -0.006120499999999998
1082 12 18 19 0.003066000000000001
1083 12 18 20 -0.0024049500000000008
1084 12 19 20 0.0122115
1085 13 14 15 0.0041996
1086 13 14 16 -0.0051758099999999994
1087 13 14 17 -0.0026999000000000003
1088 13 14 18 0.0024468000000000003
1089 13 14 19 -0.014844300000000001
1090 13 14 20 0.0032379500000000007
1091 13 15 16 -0.01094605
1092 13 15 17 0.0091347
1093 13 15 18 -0.004655200000000001
1094 13 15 19 0.00012059999999999988
1095 13 15 20 -0.00304915
1096 13 16 17 0.01576425
1097 13 16 18 0.0075818
1098 13 16 19 -0.0017373500000000008
1099 13 16 20 0.0161369
1100 13 17 18 0.0020248
1101 13 17 19 -0.0009001000000000004
1102 13 17 20 0.016123150000000003
1103 13 18 19 0.009845300000000001
1104 13 18 20 -0.0016809000000000004
1105 13 19 20 0.00615625
1106 14 15 16 -0.0015706399999999997
1107 14 15 17 0.0160342
1108 14 15 18 -0.0029024000000000003
1109 14 15 19 0.019164499999999998
1110 14 15 20 -0.0020875
1111 14 16 17 0.01328834
1112 14 16 18 -4.081000000000015e-5
1113 14 16 19 0.00793114
1114 14 16 20 0.007723140000000001
1115 14 17 18 -0.0031219
1116 14 17 19 0.0112443
1117 14 17 20 0.010185300000000001
1118 14 18 19 0.0271364
1119 14 18 20 -0.0024720500000000004
1120 14 19 20 -0.011925999999999999
1121 15 16 17 -0.004316500000000001
1122 15 16 18 0.00129095
1123 15 16 19 -0.012804000000000003
1124 15 16 20 0.00824
1125 15 17 18 0.015814700000000004
1126 15 17 19 0.008114000000000001
1127 15 17 20 0.02830700000000001
1128 15 18 19 0.0050695
1129 15 18 20 -0.003286950000000001
1130 15 19 20 0.009326
1131 16 17 18 0.010207250000000001
1132 16 17 19 0.016601499999999998
1133 16 17 20 0.015750500000000004
1134 16 18 19 0.01916445
1135 16 18 20 -0.010236000000000002
1136 16 19 20 -0.011718000000000003
1137 17 18 19 0.012770200000000002
1138 17 18 20 -0.01577925
1139 17 19 20 -0.010867000000000002
1140 18 19 20 0.017682450000000002
