t i j k u[t]=u_ijk
1 1 2 3 -0.007204500000000003
2 1 2 4 0.0005808000000000015
3 1 2 5 0.022359000000000004
4 1 2 6 0.014808000000000003
5 1 2 7 -0.0006923999999999987
6 1 2 8 0.029879500000000007
7 1 2 9 -0.0037949999999999993
8 1 2 10 -0.0141335
9 1 2 11 -0.0343738
10 1 2 12 -0.0013547999999999993
11 1 2 13 0.010724000000000003
12 1 2 14 0.005884500000000003
13 1 2 15 -0.0016541500000000003
14 1 2 16 -0.02298275
15 1 2 17 -0.006986050000000001
16 1 2 18 -0.0021401999999999997
17 1 2 19 -0.009650345
18 1 2 20 -0.0019332499999999999
19 1 3 4 0.02116435000000001
20 1 3 5 0.020487000000000005
21 1 3 6 -0.002303
22 1 3 7 -0.0063369
23 1 3 8 0.03234650000000001
24 1 3 9 -0.0016584999999999992
25 1 3 10 0.019020950000000002
26 1 3 11 0.006642750000000001
27 1 3 12 0.004597499999999999
28 1 3 13 0.008364000000000002
29 1 3 14 0.035071000000000005
30 1 3 15 0.008482000000000002
31 1 3 16 -0.015276300000000001
32 1 3 17 0.021421900000000004
33 1 3 18 0.010846000000000001
34 1 3 19 -0.011509345
35 1 3 20 0.025674545000000007
36 1 4 5 0.00768425
37 1 4 6 -0.0020997500000000014
38 1 4 7 0.0025960999999999988
39 1 4 8 0.0033640000000000007
40 1 4 9 -0.022552500000000003
41 1 4 10 -0.004128890000000001
42 1 4 11 -0.004796800000000002
43 1 4 12 0.006851199999999999
44 1 4 13 -0.010599050000000002
45 1 4 14 0.030003500000000006
46 1 4 15 0.004563499999999999
47 1 4 16 -0.00010479999999999935
48 1 4 17 -0.003963400000000001
49 1 4 18 -0.010985200000000002
50 1 4 19 -0.00019384500000000087
51 1 4 20 0.011947000000000001
52 1 5 6 0.006610500000000001
53 1 5 7 0.0007585999999999984
54 1 5 8 0.018916000000000002
55 1 5 9 -0.025013000000000004
56 1 5 10 -0.0351665
57 1 5 11 -0.004396800000000001
58 1 5 12 0.0010411499999999996
59 1 5 13 -0.00021650000000000147
60 1 5 14 0.003611499999999999
61 1 5 15 0.004690999999999999
62 1 5 16 -0.011414800000000001
63 1 5 17 -0.009020050000000002
64 1 5 18 -0.008416700000000001
65 1 5 19 -0.007120845000000001
66 1 5 20 -0.01822
67 1 6 7 0.0032951000000000013
68 1 6 8 0.021994735000000005
69 1 6 9 -0.021478500000000005
70 1 6 10 0.0010818000000000002
71 1 6 11 0.0003411999999999999
72 1 6 12 -0.025075499999999997
73 1 6 13 0.0020305
74 1 6 14 0.037902000000000005
75 1 6 15 -0.0085305
76 1 6 16 -0.0202728
77 1 6 17 -0.0325565
78 1 6 18 -0.0333482
79 1 6 19 -0.0035618450000000005
80 1 6 20 0.007211550000000001
81 1 7 8 0.042164400000000005
82 1 7 9 -0.0309891
83 1 7 10 0.029443900000000005
84 1 7 11 0.005180600000000001
85 1 7 12 0.024836400000000005
86 1 7 13 -0.012010100000000003
87 1 7 14 0.02831590000000001
88 1 7 15 0.0003178999999999988
89 1 7 16 -0.014036900000000001
90 1 7 17 0.00400265
91 1 7 18 -0.022408800000000003
92 1 7 19 0.001938905
93 1 7 20 0.0056118999999999995
94 1 8 9 -0.04873650000000001
95 1 8 10 -0.035028000000000004
96 1 8 11 -0.03887940000000001
97 1 8 12 -0.019448300000000005
98 1 8 13 -0.022619850000000007
99 1 8 14 -0.0010732000000000007
100 1 8 15 -0.02504300000000001
101 1 8 16 -0.04749980000000001
102 1 8 17 -0.011303500000000001
103 1 8 18 -0.03430685000000001
104 1 8 19 -0.019763345
105 1 8 20 -0.04533500000000001
106 1 9 10 0.05737550000000001
107 1 9 11 0.019857417000000002
108 1 9 12 0.013394000000000003
109 1 9 13 0.011671
110 1 9 14 0.0242095
111 1 9 15 -0.003109000000000001
112 1 9 16 -0.004895300000000001
113 1 9 17 -0.0036005000000000013
114 1 9 18 -0.004047200000000001
115 1 9 19 0.033745655
116 1 9 20 0.022711500000000003
117 1 10 11 -0.042216300000000005
118 1 10 12 -0.0034665000000000004
119 1 10 13 -0.013577500000000003
120 1 10 14 0.043853
121 1 10 15 0.027409000000000003
122 1 10 16 -0.021709300000000004
123 1 10 17 0.007806500000000002
124 1 10 18 0.0038878000000000016
125 1 10 19 0.0014751550000000003
126 1 10 20 0.01262795
127 1 11 12 0.0170493
128 1 11 13 0.0035893000000000014
129 1 11 14 0.032323300000000006
130 1 11 15 0.012161300000000003
131 1 11 16 -0.0017461500000000003
132 1 11 17 -0.007911199999999998
133 1 11 18 0.0020659999999999997
134 1 11 19 -0.006104545000000001
135 1 11 20 -0.008067199999999998
136 1 12 13 -0.005180500000000002
137 1 12 14 0.025304500000000004
138 1 12 15 -0.020346000000000003
139 1 12 16 -0.0116863
140 1 12 17 -0.013980300000000003
141 1 12 18 -0.0107357
142 1 12 19 -0.023232445000000004
143 1 12 20 -0.005950500000000001
144 1 13 14 0.0014149999999999998
145 1 13 15 0.0026605000000000005
146 1 13 16 0.010395700000000004
147 1 13 17 -0.0216785
148 1 13 18 0.013090800000000005
149 1 13 19 -0.0024663450000000004
150 1 13 20 0.017068000000000003
151 1 14 15 0.0030145000000000007
152 1 14 16 -0.03669085000000001
153 1 14 17 -0.0140505
154 1 14 18 -0.026714200000000004
155 1 14 19 -0.052151845
156 1 14 20 -0.021913300000000004
157 1 15 16 -0.038969800000000006
158 1 15 17 -0.024911000000000003
159 1 15 18 -0.028393700000000004
160 1 15 19 -0.008953845
161 1 15 20 0.007474000000000001
162 1 16 17 0.016211400000000004
163 1 16 18 -0.0027234000000000013
164 1 16 19 0.006457105000000001
165 1 16 20 0.009884800000000001
166 1 17 18 -0.0016231999999999998
167 1 17 19 0.011834155
168 1 17 20 -0.020515500000000006
169 1 18 19 0.004922855000000001
170 1 18 20 0.0118242
171 1 19 20 0.018648645000000002
172 2 3 4 0.013379049999999998
173 2 3 5 -0.009076500000000003
174 2 3 6 -0.024315500000000007
175 2 3 7 -0.012849000000000005
176 2 3 8 -0.004737500000000002
177 2 3 9 -0.005068000000000004
178 2 3 10 0.025949950000000006
179 2 3 11 0.03381205000000001
180 2 3 12 -0.0012522000000000034
181 2 3 13 -0.009564500000000004
182 2 3 14 0.021982000000000005
183 2 3 15 0.0029316499999999975
184 2 3 16 0.0005019499999999983
185 2 3 17 0.021203450000000002
186 2 3 18 0.005781699999999999
187 2 3 19 -0.009063500000000002
188 2 3 20 0.020403295000000002
189 2 4 5 -0.014093950000000001
190 2 4 6 -0.016326950000000003
191 2 4 7 0.003869299999999998
192 2 4 8 -0.0259347
193 2 4 9 -0.0181767
194 2 4 10 0.010585410000000002
195 2 4 11 0.030157800000000005
196 2 4 12 0.008786800000000003
197 2 4 13 -0.020742250000000004
198 2 4 14 0.024699800000000004
199 2 4 15 0.006798450000000001
200 2 4 16 0.023458750000000007
201 2 4 17 0.00360345
202 2 4 18 -0.008264200000000001
203 2 4 19 0.0100373
204 2 4 20 0.014461050000000001
205 2 5 6 0.0141615
206 2 5 7 0.02381
207 2 5 8 0.011395500000000003
208 2 5 9 0.0011409999999999977
209 2 5 10 0.0013259999999999995
210 2 5 11 0.05233600000000001
211 2 5 12 0.024754949999999998
212 2 5 13 0.0114185
213 2 5 14 0.020085999999999996
214 2 5 15 0.028704149999999998
215 2 5 16 0.033926950000000004
216 2 5 17 0.020325
217 2 5 18 0.0160825
218 2 5 19 0.0248885
219 2 5 20 0.006072250000000002
220 2 6 7 0.018795500000000003
221 2 6 8 0.006923235000000002
222 2 6 9 -0.0028755000000000005
223 2 6 10 0.030023300000000003
224 2 6 11 0.04952300000000001
225 2 6 12 -0.008912699999999996
226 2 6 13 0.006114500000000002
227 2 6 14 0.046825500000000006
228 2 6 15 0.007931650000000005
229 2 6 16 0.017517950000000004
230 2 6 17 -0.01076245
231 2 6 18 -0.016399999999999998
232 2 6 19 0.020896500000000002
233 2 6 20 0.023952800000000003
234 2 7 8 0.0115925
235 2 7 9 -0.027886500000000005
236 2 7 10 0.042885
237 2 7 11 0.03886200000000001
238 2 7 12 0.025498800000000002
239 2 7 13 -0.023426500000000003
240 2 7 14 0.021739
241 2 7 15 0.0012796500000000017
242 2 7 16 0.008253450000000002
243 2 7 17 0.010296300000000001
244 2 7 18 -0.020961000000000007
245 2 7 19 0.010896850000000001
246 2 7 20 0.006852750000000001
247 2 8 9 -0.015061999999999999
248 2 8 10 0.008985000000000002
249 2 8 11 0.025373900000000005
250 2 8 12 0.011786000000000001
251 2 8 13 -0.0034643499999999997
252 2 8 14 0.0229218
253 2 8 15 0.0064906500000000015
254 2 8 16 0.0053624499999999995
255 2 8 17 0.025562050000000003
256 2 8 18 -0.0022871499999999995
257 2 8 19 0.019766500000000006
258 2 8 20 -0.013522250000000005
259 2 9 10 0.06771400000000001
260 2 9 11 0.050436217000000005
261 2 9 12 0.0109538
262 2 9 13 -0.0028480000000000007
263 2 9 14 0.01453
264 2 9 15 -0.005249850000000001
265 2 9 16 0.014292450000000003
266 2 9 17 -0.00040945000000000017
267 2 9 18 -0.005702000000000002
268 2 9 19 0.039601000000000004
269 2 9 20 0.02084975
270 2 10 11 -0.021976
271 2 10 12 -0.0162452
272 2 10 13 -0.03843500000000001
273 2 10 14 0.023835000000000002
274 2 10 15 0.014929650000000001
275 2 10 16 -0.012860050000000001
276 2 10 17 0.0006590500000000014
277 2 10 18 -0.0081055
278 2 10 19 -0.0030079999999999985
279 2 10 20 0.00042770000000000037
280 2 11 12 -0.015969700000000003
281 2 11 13 -0.04150850000000001
282 2 11 14 -0.007935000000000001
283 2 11 15 -0.020558350000000003
284 2 11 16 -0.013137200000000003
285 2 11 17 -0.03529895
286 2 11 18 -0.030167600000000006
287 2 11 19 -0.030828000000000005
288 2 11 20 -0.04050775000000001
289 2 12 13 -0.0172593
290 2 12 14 0.018065200000000003
291 2 12 15 -0.020046650000000003
292 2 12 16 0.00994165
293 2 12 17 -0.00834905
294 2 12 18 -0.0099503
295 2 12 19 -0.0149369
296 2 12 20 -0.005372050000000001
297 2 13 14 0.006254500000000003
298 2 13 15 0.015038649999999999
299 2 13 16 0.044102450000000015
300 2 13 17 -0.003968449999999998
301 2 13 18 0.025955000000000002
302 2 13 19 0.017908
303 2 13 20 0.029725250000000005
304 2 14 15 0.010553150000000004
305 2 14 16 -0.0078236
306 2 14 17 -0.0011799499999999993
307 2 14 18 -0.0186895
308 2 14 19 -0.036617000000000004
309 2 14 20 -0.014095550000000002
310 2 15 16 -0.017641200000000003
311 2 15 17 -0.019579100000000006
312 2 15 18 -0.027907650000000003
313 2 15 19 -0.0009576499999999988
314 2 15 20 0.0077531
315 2 16 17 0.0002147000000000003
316 2 16 18 -0.023565950000000002
317 2 16 19 -0.0068753
318 2 16 20 -0.011164700000000001
319 2 17 18 -0.006469049999999999
320 2 17 19 0.014498450000000005
321 2 17 20 -0.025568300000000002
322 2 18 19 0.012433000000000001
323 2 18 20 0.01161725
324 2 19 20 0.010931550000000002
325 3 4 5 0.0083616
326 3 4 6 0.021367600000000004
327 3 4 7 0.030097350000000005
328 3 4 8 -0.007818150000000001
329 3 4 9 0.00027034999999999977
330 3 4 10 -0.0019854900000000003
331 3 4 11 0.009724800000000002
332 3 4 12 0.023418050000000003
333 3 4 13 0.0022013000000000007
334 3 4 14 0.016096850000000003
335 3 4 15 0.017245850000000004
336 3 4 16 0.03633585000000001
337 3 4 17 -0.00422095
338 3 4 18 -0.0006668500000000002
339 3 4 19 0.032479850000000005
340 3 4 20 0.007436805000000002
341 3 5 6 0.029400500000000006
342 3 5 7 0.027582500000000003
343 3 5 8 0.007056499999999999
344 3 5 9 -0.002867500000000001
345 3 5 10 -0.03370045000000001
346 3 5 11 0.009447450000000003
347 3 5 12 0.016930650000000002
348 3 5 13 0.011906500000000002
349 3 5 14 -0.010972500000000003
350 3 5 15 0.016696000000000003
351 3 5 16 0.024348500000000006
352 3 5 17 -0.00995495
353 3 5 18 0.0012242999999999991
354 3 5 19 0.024875500000000005
355 3 5 20 -0.023407545000000002
356 3 6 7 0.0073290000000000004
357 3 6 8 -0.012654765000000002
358 3 6 9 -0.022123
359 3 6 10 -0.020242150000000004
360 3 6 11 -0.00860455
361 3 6 12 -0.031976
362 3 6 13 -0.008636500000000002
363 3 6 14 0.000527999999999998
364 3 6 15 -0.019315500000000003
365 3 6 16 -0.007299500000000001
366 3 6 17 -0.0562814
367 3 6 18 -0.04649720000000001
368 3 6 19 0.0056445
369 3 6 20 -0.020765995000000006
370 3 7 8 0.0034809999999999997
371 3 7 9 -0.035667500000000005
372 3 7 10 0.00408605
373 3 7 11 -0.00779905
374 3 7 12 0.013902000000000001
375 3 7 13 -0.026711000000000002
376 3 7 14 -0.013092000000000001
377 3 7 15 -0.014501000000000002
378 3 7 16 -0.0050975
379 3 7 17 -0.023756150000000004
380 3 7 18 -0.03959170000000001
381 3 7 19 0.007111350000000001
382 3 7 20 -0.026399545000000007
383 3 8 9 -0.0147315
384 3 8 10 -0.021702450000000005
385 3 8 11 -0.013175650000000002
386 3 8 12 0.008300700000000003
387 3 8 13 0.0013626500000000013
388 3 8 14 -0.0037977
389 3 8 15 -0.0011784999999999992
390 3 8 16 0.0001230000000000009
391 3 8 17 -0.00037889999999999875
392 3 8 18 -0.012806350000000001
393 3 8 19 0.024092500000000003
394 3 8 20 -0.03866304500000001
395 3 9 10 0.03669605000000001
396 3 9 11 0.011556167000000003
397 3 9 12 0.007137999999999995
398 3 9 13 0.0016484999999999976
399 3 9 14 -0.012520000000000002
400 3 9 15 -0.013249500000000006
401 3 9 16 0.008722500000000001
402 3 9 17 -0.026680900000000007
403 3 9 18 -0.016551700000000006
404 3 9 19 0.0435965
405 3 9 20 -0.004621545000000002
406 3 10 11 -0.029838100000000003
407 3 10 12 0.010956950000000002
408 3 10 13 -0.0029205499999999996
409 3 10 14 0.02780295
410 3 10 15 0.03794795
411 3 10 16 0.01258795
412 3 10 17 0.005405550000000002
413 3 10 18 0.01206275
414 3 10 19 0.032005450000000005
415 3 10 20 0.005974355000000001
416 3 11 12 0.019094550000000002
417 3 11 13 0.0018680500000000017
418 3 11 14 0.0038950500000000006
419 3 11 15 0.010322050000000003
420 3 11 16 0.0201729
421 3 11 17 -0.022690350000000005
422 3 11 18 -0.0021372500000000003
423 3 11 19 0.012047550000000002
424 3 11 20 -0.027098995
425 3 12 13 -0.008947
426 3 12 14 -0.005169000000000001
427 3 12 15 -0.024230500000000002
428 3 12 16 0.008187500000000002
429 3 12 17 -0.030804699999999997
430 3 12 18 -0.0169842
431 3 12 19 -0.007125600000000001
432 3 12 20 -0.027027545000000004
433 3 13 14 -0.02529200000000001
434 3 13 15 0.002542500000000001
435 3 13 16 0.034036000000000004
436 3 13 17 -0.03473640000000001
437 3 13 18 0.010608800000000003
438 3 13 19 0.017407000000000002
439 3 13 20 -0.00024254500000000102
440 3 14 15 0.02960350000000001
441 3 14 16 0.013656450000000002
442 3 14 17 -0.000401399999999999
443 3 14 18 -0.0024892
444 3 14 19 -0.005571499999999999
445 3 14 20 -0.012516845000000002
446 3 15 16 -0.015211500000000001
447 3 15 17 -0.03785090000000001
448 3 15 18 -0.030757700000000006
449 3 15 19 0.0110375
450 3 15 20 -0.009718545000000002
451 3 16 17 -0.0204868
452 3 16 18 -0.028845700000000005
453 3 16 19 0.0026901499999999997
454 3 16 20 -0.031066045
455 3 17 18 0.008952700000000001
456 3 17 19 0.04476540000000001
457 3 17 20 -0.024768145000000005
458 3 18 19 0.027278200000000006
459 3 18 20 -0.0030043450000000007
460 3 19 20 -0.018535245000000002
461 4 5 6 0.016394500000000003
462 4 5 7 0.005846750000000001
463 4 5 8 0.023236250000000003
464 4 5 9 0.00522375
465 4 5 10 -0.023353360000000004
466 4 5 11 0.008084250000000001
467 4 5 12 0.0018742000000000006
468 4 5 13 0.0180668
469 4 5 14 -0.018707750000000006
470 4 5 15 0.00781175
471 4 5 16 -0.00362575
472 4 5 17 0.0026276000000000003
473 4 5 18 0.010252750000000001
474 4 5 19 0.000757250000000001
475 4 5 20 -0.022482750000000006
476 4 6 7 -0.001400749999999998
477 4 6 8 0.016530985000000005
478 4 6 9 -0.0010257500000000004
479 4 6 10 0.0031109400000000004
480 4 6 11 0.0030382500000000015
481 4 6 12 -0.03402645
482 4 6 13 0.010529800000000002
483 4 6 14 0.005798749999999999
484 4 6 15 -0.015193749999999999
485 4 6 16 -0.022267750000000003
486 4 6 17 -0.030692850000000008
487 4 6 18 -0.024462750000000002
488 4 6 19 -0.0054677499999999995
489 4 6 20 -0.0068352
490 4 7 8 0.0413965
491 4 7 9 -0.005840500000000002
492 4 7 10 0.03616889
493 4 7 11 0.012573500000000001
494 4 7 12 0.0205813
495 4 7 13 0.0011850499999999987
496 4 7 14 0.0009084999999999984
497 4 7 15 -0.001649500000000001
498 4 7 16 -0.011336000000000002
499 4 7 17 0.01056215
500 4 7 18 -0.008827500000000004
501 4 7 19 0.004728849999999999
502 4 7 20 -0.0037390000000000027
503 4 8 9 -0.022820000000000003
504 4 8 10 -0.02753511000000001
505 4 8 11 -0.030718600000000006
506 4 8 12 -0.0229355
507 4 8 13 -0.0086568
508 4 8 14 -0.027712700000000007
509 4 8 15 -0.026242500000000002
510 4 8 16 -0.04403100000000001
511 4 8 17 -0.0039761
512 4 8 18 -0.01995765
513 4 8 19 -0.016205500000000005
514 4 8 20 -0.05391800000000001
515 4 9 10 0.03895189000000001
516 4 9 11 0.002101717
517 4 9 12 -0.016009700000000005
518 4 9 13 -0.00028245000000000077
519 4 9 14 -0.028346500000000004
520 4 9 15 -0.030225000000000005
521 4 9 16 -0.027343000000000006
522 4 9 17 -0.022189600000000004
523 4 9 18 -0.015614500000000003
524 4 9 19 0.011387000000000001
525 4 9 20 -0.011788000000000003
526 4 10 11 -0.041548390000000004
527 4 10 12 -0.014446590000000004
528 4 10 13 -0.007107340000000002
529 4 10 14 0.009720610000000001
530 4 10 15 0.01871661
531 4 10 16 -0.025733390000000005
532 4 10 17 0.007641010000000002
533 4 10 18 0.010744110000000003
534 4 10 19 -0.0024598899999999997
535 4 10 20 -0.0034479400000000005
536 4 11 12 0.005401300000000002
537 4 11 13 0.009391550000000002
538 4 11 14 -0.002476999999999999
539 4 11 15 0.0028010000000000023
540 4 11 16 -0.00643815
541 4 11 17 -0.0087446
542 4 11 18 0.008254400000000002
543 4 11 19 -0.0107075
544 4 11 20 -0.024810999999999996
545 4 12 13 0.012269750000000001
546 4 12 14 0.0021522000000000004
547 4 12 15 -0.018058300000000003
548 4 12 16 -0.0047303000000000015
549 4 12 17 -0.003165700000000001
550 4 12 18 0.007100700000000001
551 4 12 19 -0.016187400000000005
552 4 12 20 -0.011046300000000002
553 4 13 14 -0.03918755000000001
554 4 13 15 -0.012502049999999999
555 4 13 16 -9.855000000000004e-5
556 4 13 17 -0.028314150000000003
557 4 13 18 0.013476950000000005
558 4 13 19 -0.012871550000000002
559 4 13 20 -0.005478050000000002
560 4 14 15 0.028454500000000008
561 4 14 16 -0.006582550000000001
562 4 14 17 0.0199164
563 4 14 18 0.014274500000000002
564 4 14 19 -0.021954500000000002
565 4 14 20 -0.003856800000000001
566 4 15 16 -0.034301500000000006
567 4 15 17 -0.016384100000000002
568 4 15 18 -0.012845000000000004
569 4 15 19 -0.004196500000000001
570 4 15 20 9.049999999999893e-5
571 4 16 17 0.020070000000000005
572 4 16 18 0.008157000000000001
573 4 16 19 0.006546150000000001
574 4 16 20 -0.0021669999999999997
575 4 17 18 0.005398600000000002
576 4 17 19 0.0080646
577 4 17 20 -0.036425900000000004
578 4 18 19 -0.005868500000000001
579 4 18 20 -0.011108000000000003
580 4 19 20 0.0065078
581 5 6 7 0.009147000000000002
582 5 6 8 0.009689235000000003
583 5 6 9 0.010145000000000003
584 5 6 10 0.04285880000000001
585 5 6 11 0.011348500000000003
586 5 6 12 -0.01950615
587 5 6 13 0.008857500000000003
588 5 6 14 0.04090100000000001
589 5 6 15 -0.006610999999999999
590 5 6 16 -0.0022475
591 5 6 17 -0.016925950000000006
592 5 6 18 -0.018321
593 5 6 19 0.010169500000000001
594 5 6 20 0.03204205000000001
595 5 7 8 0.024007000000000004
596 5 7 9 -0.005217500000000001
597 5 7 10 0.06536900000000001
598 5 7 11 0.010336
599 5 7 12 0.024553850000000002
600 5 7 13 -0.011035000000000003
601 5 7 14 0.025463000000000006
602 5 7 15 -0.003614500000000002
603 5 7 16 -0.0018635000000000017
604 5 7 17 0.013781299999999998
605 5 7 18 -0.013233500000000006
606 5 7 19 0.00981835
607 5 7 20 0.024590500000000005
608 5 8 9 -0.0048075
609 5 8 10 0.019054500000000002
610 5 8 11 -0.015566600000000005
611 5 8 12 -0.0015734499999999997
612 5 8 13 -0.0034873499999999993
613 5 8 14 0.014231300000000004
614 5 8 15 -0.010818000000000001
615 5 8 16 -0.017169000000000004
616 5 8 17 0.016632550000000003
617 5 8 18 -0.006974150000000001
618 5 8 19 0.006273499999999999
619 5 8 20 -0.008199000000000005
620 5 9 10 0.067529
621 5 9 11 -0.0007587830000000026
622 5 9 12 -0.012660150000000005
623 5 9 13 -0.013125500000000002
624 5 9 14 -0.004415000000000003
625 5 9 15 -0.03281300000000001
626 5 9 16 -0.018493500000000003
627 5 9 17 -0.019593450000000002
628 5 9 18 -0.020643500000000006
629 5 9 19 0.015853500000000003
630 5 9 20 0.015918500000000002
631 5 10 11 -0.07298600000000001
632 5 10 12 -0.03967415000000001
633 5 10 13 -0.04852750000000001
634 5 10 14 0.005075
635 5 10 15 -0.0124485
636 5 10 16 -0.04546100000000001
637 5 10 17 -0.01833995
638 5 10 18 -0.022862000000000004
639 5 10 19 -0.026570500000000007
640 5 10 20 -0.0043185500000000035
641 5 11 12 0.011611350000000001
642 5 11 13 -0.0005909999999999985
643 5 11 14 0.024315000000000003
644 5 11 15 0.0030735000000000033
645 5 11 16 0.005271850000000002
646 5 11 17 -0.0032879499999999983
647 5 11 18 0.006085900000000003
648 5 11 19 -0.0033804999999999994
649 5 11 20 0.005756000000000007
650 5 12 13 -0.003922850000000001
651 5 12 14 0.022734150000000005
652 5 12 15 -0.023995850000000003
653 5 12 16 0.0007696499999999997
654 5 12 17 -0.003919100000000001
655 5 12 18 -0.00127785
656 5 12 19 -0.015070450000000004
657 5 12 20 0.01331065
658 5 13 14 -0.002412999999999999
659 5 13 15 -0.0022469999999999994
660 5 13 16 0.021594000000000006
661 5 13 17 -0.01287495
662 5 13 18 0.021291000000000004
663 5 13 19 0.004438
664 5 13 20 0.035071500000000005
665 5 14 15 0.001935000000000001
666 5 14 16 -0.021664550000000008
667 5 14 17 -0.0014189500000000024
668 5 14 18 -0.014686000000000001
669 5 14 19 -0.04141950000000001
670 5 14 20 -8.180000000000237e-5
671 5 15 16 -0.022864000000000006
672 5 15 17 -0.011199950000000004
673 5 15 18 -0.015286000000000001
674 5 15 19 0.002858
675 5 15 20 0.030385
676 5 16 17 0.013816650000000003
677 5 16 18 -0.005721500000000001
678 5 16 19 0.0021631500000000004
679 5 16 20 0.01669
680 5 17 18 -0.0022265499999999994
681 5 17 19 0.00993495
682 5 17 20 -0.011315550000000004
683 5 18 19 0.0036270000000000004
684 5 18 20 0.0216275
685 5 19 20 0.0297478
686 6 7 8 0.023464765
687 6 7 9 -0.0062155000000000005
688 6 7 10 0.0316572
689 6 7 11 0.008134500000000001
690 6 7 12 0.053207
691 6 7 13 -0.010745500000000002
692 6 7 14 -0.006291000000000001
693 6 7 15 0.012143500000000002
694 6 7 16 0.009531000000000001
695 6 7 17 0.03985425
696 6 7 18 0.014234500000000006
697 6 7 19 0.008795850000000001
698 6 7 20 0.0016954499999999998
699 6 8 9 -0.005263265
700 6 8 10 -0.014115065
701 6 8 11 -0.017225865000000003
702 6 8 12 0.027621935000000004
703 6 8 13 -0.002655615000000001
704 6 8 14 -0.016980465000000004
705 6 8 15 0.005482235
706 6 8 16 -0.005232265000000002
707 6 8 17 0.043247735
708 6 8 18 0.021036085000000006
709 6 8 19 0.005793235
710 6 8 20 -0.030551815000000006
711 6 9 10 0.034815200000000004
712 6 9 11 -0.0019622830000000017
713 6 9 12 0.016990999999999996
714 6 9 13 -0.011838000000000003
715 6 9 14 -0.035171
716 6 9 15 -0.016057000000000002
717 6 9 16 -0.006101000000000002
718 6 9 17 0.0074775
719 6 9 18 0.0078225
720 6 9 19 0.015829
721 6 9 20 -0.0059785500000000035
722 6 10 11 -0.041475700000000004
723 6 10 12 0.022690799999999997
724 6 10 13 -0.014526200000000003
725 6 10 14 0.0070328000000000005
726 6 10 15 0.03702130000000001
727 6 10 16 -0.0003546999999999995
728 6 10 17 0.041444800000000004
729 6 10 18 0.038317800000000006
730 6 10 19 0.0061188000000000015
731 6 10 20 0.0064982
732 6 11 12 0.04246600000000001
733 6 11 13 0.001900000000000002
734 6 11 14 -0.005237499999999998
735 6 11 15 0.021033000000000003
736 6 11 16 0.018867850000000002
737 6 11 17 0.02498650000000001
738 6 11 18 0.0357554
739 6 11 19 -0.0022014999999999995
740 6 11 20 -0.014937549999999997
741 6 12 13 -0.0322865
742 6 12 14 -0.037673
743 6 12 15 -0.036891
744 6 12 16 -0.016489
745 6 12 17 -0.006499299999999999
746 6 12 18 -0.0024629999999999977
747 6 12 19 -0.044746100000000004
748 6 12 20 -0.03823755000000001
749 6 13 14 -0.03445650000000001
750 6 13 15 0.013221499999999999
751 6 13 16 0.032699000000000006
752 6 13 17 0.012908500000000005
753 6 13 18 0.04846950000000001
754 6 13 19 0.0031259999999999994
755 6 13 20 0.01188695
756 6 14 15 0.049447000000000005
757 6 14 16 0.02148395
758 6 14 17 0.05640800000000001
759 6 14 18 0.044536000000000006
760 6 14 19 -0.010688000000000001
761 6 14 20 0.00877715
762 6 15 16 -0.0272275
763 6 15 17 -0.0008849999999999997
764 6 15 18 -0.0035759999999999993
765 6 15 19 -0.013922499999999999
766 6 15 20 -0.00826805
767 6 16 17 0.028495100000000002
768 6 16 18 0.010352000000000002
769 6 16 19 -0.010253850000000002
770 6 16 20 -0.017599550000000002
771 6 17 18 -0.0008314999999999989
772 6 17 19 -0.017160500000000006
773 6 17 20 -0.06028355000000002
774 6 18 19 -0.024863500000000004
775 6 18 20 -0.028735550000000002
776 6 19 20 0.00787525
777 7 8 9 0.024417
778 7 8 10 -0.0223075
779 7 8 11 -0.0018956000000000008
780 7 8 12 -0.0021203000000000003
781 7 8 13 0.031554650000000004
782 7 8 14 0.012775300000000003
783 7 8 15 0.016803500000000002
784 7 8 16 0.008701500000000003
785 7 8 17 0.026858250000000004
786 7 8 18 0.030266350000000008
787 7 8 19 0.020462150000000002
788 7 8 20 -0.008782500000000002
789 7 9 10 -0.0030575000000000025
790 7 9 11 -0.016312283
791 7 9 12 -0.042431500000000004
792 7 9 13 -0.007308000000000001
793 7 9 14 -0.03509550000000001
794 7 9 15 -0.034416
795 7 9 16 -0.021847500000000002
796 7 9 17 -0.03859225000000001
797 7 9 18 -0.0126275
798 7 9 19 0.0008176500000000004
799 7 9 20 -0.0138895
800 7 10 11 -0.017953000000000004
801 7 10 12 0.0011409999999999992
802 7 10 13 0.027876500000000005
803 7 10 14 0.04498100000000001
804 7 10 15 0.05653500000000001
805 7 10 16 0.021771500000000003
806 7 10 17 0.03324775
807 7 10 18 0.05574050000000001
808 7 10 19 0.028980150000000007
809 7 10 20 0.036459950000000005
810 7 11 12 -0.0026065
811 7 11 13 0.02078
812 7 11 14 0.009188000000000003
813 7 11 15 0.017024000000000004
814 7 11 16 0.01747135
815 7 11 17 -0.0067332500000000005
816 7 11 18 0.02965540000000001
817 7 11 19 -0.0028628499999999992
818 7 11 20 -0.008498499999999999
819 7 12 13 0.031666
820 7 12 14 0.021825000000000004
821 7 12 15 0.004172500000000002
822 7 12 16 0.027187000000000006
823 7 12 17 0.006853450000000002
824 7 12 18 0.03650950000000001
825 7 12 19 -0.00033494999999999917
826 7 12 20 0.013274000000000005
827 7 13 14 -0.03891100000000001
828 7 13 15 -0.0096675
829 7 13 16 0.012422500000000001
830 7 13 17 -0.03769125
831 7 13 18 0.023489500000000007
832 7 13 19 -0.016415350000000002
833 7 13 20 -0.0005540000000000003
834 7 14 15 0.031012500000000002
835 7 14 16 0.005661950000000001
836 7 14 17 0.010262750000000003
837 7 14 18 0.0240105
838 7 14 19 -0.025774850000000005
839 7 14 20 0.0007907000000000001
840 7 15 16 -0.024615000000000005
841 7 15 17 -0.028595750000000003
842 7 15 18 -0.005667
843 7 15 19 -0.01057485
844 7 15 20 0.0021800000000000005
845 7 16 17 -0.0018281499999999995
846 7 16 18 0.005648500000000002
847 7 16 19 -0.0095187
848 7 16 20 -0.009764
849 7 17 18 0.024788250000000005
850 7 17 19 0.013897900000000003
851 7 17 20 -0.022124750000000006
852 7 18 19 -0.019424850000000004
853 7 18 20 -0.016196500000000003
854 7 19 20 0.014975650000000004
855 8 9 10 0.043667000000000004
856 8 9 11 0.010000317000000002
857 8 9 12 -0.015894200000000004
858 8 9 13 -0.014445650000000003
859 8 9 14 -0.0234538
860 8 9 15 -0.026802500000000007
861 8 9 16 -0.006132
862 8 9 17 -0.04103350000000001
863 8 9 18 -0.018476850000000003
864 8 9 19 0.004772500000000001
865 8 9 20 0.019310000000000004
866 8 10 11 -0.03836490000000001
867 8 10 12 -0.019046200000000006
868 8 10 13 -0.025985650000000006
869 8 10 14 0.009898200000000001
870 8 10 15 0.017424000000000005
871 8 10 16 -0.009237500000000001
872 8 10 17 -0.015918
873 8 10 18 0.00316665
874 8 10 19 -0.0137895
875 8 10 20 0.022934950000000006
876 8 11 12 -0.0023818000000000008
877 8 11 13 -0.012670250000000001
878 8 11 14 -0.005482900000000001
879 8 11 15 -0.0016750999999999988
880 8 11 16 0.006874250000000002
881 8 11 17 -0.03548710000000001
882 8 11 18 -0.0025065500000000006
883 8 11 19 -0.025220600000000003
884 8 11 20 -0.0016115999999999965
885 8 12 13 -0.0020089500000000007
886 8 12 14 0.006929400000000002
887 8 12 15 -0.014751300000000002
888 8 12 16 0.016365200000000003
889 8 12 17 -0.0221251
890 8 12 18 0.004122850000000001
891 8 12 19 -0.0229174
892 8 12 20 0.019936200000000005
893 8 13 14 -0.020131650000000004
894 8 13 15 0.005083650000000001
895 8 13 16 0.035275650000000006
896 8 13 17 -0.032994850000000006
897 8 13 18 0.024777800000000003
898 8 13 19 -0.0053228500000000005
899 8 13 20 0.03978315000000001
900 8 14 15 0.026984300000000003
901 8 14 16 0.009735750000000003
902 8 14 17 -0.003820200000000002
903 8 14 18 0.00651945
904 8 14 19 -0.033461700000000004
905 8 14 20 0.022348500000000007
906 8 15 16 -0.016513000000000003
907 8 15 17 -0.038650500000000004
908 8 15 18 -0.019129850000000004
909 8 15 19 -0.014233500000000001
910 8 15 20 0.027766000000000006
911 8 16 17 -0.0199849
912 8 16 18 -0.015916350000000003
913 8 16 19 -0.021279350000000002
914 8 16 20 0.007720000000000003
915 8 17 18 0.021380150000000004
916 8 17 19 0.020294000000000003
917 8 17 20 0.013516000000000002
918 8 18 19 -0.00962065
919 8 18 20 0.022852350000000004
920 8 19 20 0.04422030000000001
921 9 10 11 -0.004698216999999999
922 9 10 12 0.040515000000000016
923 9 10 13 0.032127
924 9 10 14 0.077019
925 9 10 15 0.08789350000000001
926 9 10 16 0.04056150000000001
927 9 10 17 0.0687825
928 9 10 18 0.06531050000000002
929 9 10 19 0.025105000000000002
930 9 10 20 0.04729195000000001
931 9 11 12 0.023512717000000006
932 9 11 13 0.011775717000000005
933 9 11 14 0.027971217000000007
934 9 11 15 0.03512771700000001
935 9 11 16 0.023006567000000006
936 9 11 17 0.015546717000000003
937 9 11 18 0.025970617000000005
938 9 11 19 -0.019992783
939 9 11 20 -0.010921282999999997
940 9 12 13 -0.0034575000000000022
941 9 12 14 0.014488999999999998
942 9 12 15 -0.0038430000000000022
943 9 12 16 0.006602999999999999
944 9 12 17 0.003014199999999999
945 9 12 18 0.0067055
946 9 12 19 -0.04358410000000001
947 9 12 20 -0.015268000000000002
948 9 13 14 -0.011123500000000005
949 9 13 15 0.0174405
950 9 13 16 0.026962000000000003
951 9 13 17 -0.0064069999999999995
952 9 13 18 0.028809000000000005
953 9 13 19 -0.024541000000000004
954 9 13 20 0.006027500000000001
955 9 14 15 0.030333000000000002
956 9 14 16 -0.00758605
957 9 14 17 0.013759500000000003
958 9 14 18 0.0015425000000000024
959 9 14 19 -0.06168800000000001
960 9 14 20 -0.0204153
961 9 15 16 -0.03718350000000001
962 9 15 17 -0.024419500000000004
963 9 15 18 -0.027455500000000004
964 9 15 19 -0.0458085
965 9 15 20 -0.0183465
966 9 16 17 0.014916600000000004
967 9 16 18 -0.0035715
968 9 16 19 -0.03218385000000001
969 9 16 20 -0.017722
970 9 17 18 -0.0011765
971 9 17 19 -0.025512000000000003
972 9 17 20 -0.0468275
973 9 18 19 -0.03287
974 9 18 20 -0.014934500000000003
975 9 19 20 0.02968280000000001
976 10 11 12 -0.0217005
977 10 11 13 -0.025049500000000002
978 10 11 14 -0.053746
979 10 11 15 -0.057464000000000015
980 10 11 16 -0.022253150000000003
981 10 11 17 -0.057934
982 10 11 18 -0.044038100000000004
983 10 11 19 -0.04979600000000001
984 10 11 20 -0.06291145000000002
985 10 12 13 0.0049305
986 10 12 14 -0.022015000000000007
987 10 12 15 -0.05122150000000001
988 10 12 16 0.006556500000000001
989 10 12 17 -0.025253300000000006
990 10 12 18 -0.018090000000000002
991 10 12 19 -0.028174100000000007
992 10 12 20 -0.02204495
993 10 13 14 -0.05601550000000001
994 10 13 15 -0.038326
995 10 13 16 0.018527500000000002
996 10 13 17 -0.04306250000000001
997 10 13 18 -0.004374499999999998
998 10 13 19 -0.017519000000000003
999 10 13 20 -0.00913745
1000 10 14 15 0.019458500000000004
1001 10 14 16 0.02887145
1002 10 14 17 0.021996
1003 10 14 18 0.013250999999999999
1004 10 14 19 -0.009774000000000001
1005 10 14 20 0.009311749999999999
1006 10 15 16 0.010148499999999998
1007 10 15 17 -0.0053085000000000025
1008 10 15 18 -0.004872500000000003
1009 10 15 19 0.016980000000000002
1010 10 15 20 0.022255050000000002
1011 10 16 17 -0.013304400000000001
1012 10 16 18 -0.028320500000000005
1013 10 16 19 -0.016727350000000002
1014 10 16 20 -0.024452450000000004
1015 10 17 18 0.0022955000000000007
1016 10 17 19 0.0181655
1017 10 17 20 -0.025336950000000004
1018 10 18 19 0.007335500000000002
1019 10 18 20 0.0030840500000000005
1020 10 19 20 0.007495850000000002
1021 11 12 13 0.0082795
1022 11 12 14 0.010030500000000001
1023 11 12 15 -0.015458000000000001
1024 11 12 16 0.007109150000000001
1025 11 12 17 0.0109802
1026 11 12 18 0.004247600000000001
1027 11 12 19 -7.86000000000002e-5
1028 11 12 20 0.019166
1029 11 13 14 -0.02731900000000001
1030 11 13 15 -0.0059115
1031 11 13 16 0.015731150000000003
1032 11 13 17 -0.010178
1033 11 13 18 0.014614100000000005
1034 11 13 19 0.0072275
1035 11 13 20 0.028724500000000004
1036 11 14 15 0.023176500000000003
1037 11 14 16 -0.0026214
1038 11 14 17 0.026184000000000002
1039 11 14 18 0.003543100000000002
1040 11 14 19 -0.013724
1041 11 14 20 0.018477200000000003
1042 11 15 16 -0.025062350000000004
1043 11 15 17 -0.004838500000000002
1044 11 15 18 -0.0182984
1045 11 15 19 0.009312
1046 11 15 20 0.027702499999999998
1047 11 16 17 0.022376450000000003
1048 11 16 18 -0.006535550000000003
1049 11 16 19 0.010815500000000002
1050 11 16 20 0.01620585
1051 11 17 18 -0.0116004
1052 11 17 19 0.0100275
1053 11 17 20 -0.02035950000000001
1054 11 18 19 0.0130934
1055 11 18 20 0.0219574
1056 11 19 20 0.020611300000000003
1057 12 13 14 -0.029070000000000006
1058 12 13 15 0.017825999999999998
1059 12 13 16 0.016901500000000003
1060 12 13 17 -0.012878699999999998
1061 12 13 18 0.018646000000000003
1062 12 13 19 0.015585600000000002
1063 12 13 20 0.017838
1064 12 14 15 0.048665000000000014
1065 12 14 16 0.000299950000000001
1066 12 14 17 0.0252343
1067 12 14 18 0.009326000000000001
1068 12 14 19 -0.003614899999999999
1069 12 14 20 0.009341700000000001
1070 12 15 16 -0.047629500000000005
1071 12 15 17 -0.031276700000000004
1072 12 15 18 -0.038004
1073 12 15 19 -0.006067399999999999
1074 12 15 20 -0.0069215000000000014
1075 12 16 17 0.0185054
1076 12 16 18 -0.0036740000000000015
1077 12 16 19 0.018003250000000002
1078 12 16 20 0.004149000000000001
1079 12 17 18 -0.0048678
1080 12 17 19 0.021086300000000002
1081 12 17 20 -0.028545300000000003
1082 12 18 19 0.017419600000000004
1083 12 18 20 0.007039000000000002
1084 12 19 20 0.0013667000000000002
1085 13 14 15 0.0017690000000000015
1086 13 14 16 -0.04567155000000001
1087 13 14 17 0.009043
1088 13 14 18 -0.03839000000000001
1089 13 14 19 -0.04827050000000001
1090 13 14 20 -0.037566300000000004
1091 13 15 16 -0.046705
1092 13 15 17 -0.0005720000000000004
1093 13 15 18 -0.038824000000000004
1094 13 15 19 -0.003826999999999999
1095 13 15 20 -0.006933500000000002
1096 13 16 17 0.04828560000000001
1097 13 16 18 -0.0054185000000000014
1098 13 16 19 0.019319150000000004
1099 13 16 20 0.003212500000000002
1100 13 17 18 -0.03639250000000001
1101 13 17 19 -0.007377999999999997
1102 13 17 20 -0.05926200000000001
1103 13 18 19 0.020480000000000005
1104 13 18 20 0.007847000000000002
1105 13 19 20 -0.0008857000000000002
1106 14 15 16 0.0007355500000000016
1107 14 15 17 -0.007846
1108 14 15 18 0.0013350000000000002
1109 14 15 19 0.04621250000000001
1110 14 15 20 0.03240180000000001
1111 14 16 17 -0.00642895
1112 14 16 18 -0.012700050000000004
1113 14 16 19 0.021918100000000003
1114 14 16 20 -0.00489275
1115 14 17 18 0.011040500000000002
1116 14 17 19 0.04993550000000001
1117 14 17 20 -0.012652700000000005
1118 14 18 19 0.030360500000000002
1119 14 18 20 0.007023300000000003
1120 14 19 20 -0.0115899
1121 15 16 17 0.0021526000000000015
1122 15 16 18 -0.013299500000000002
1123 15 16 19 -0.023558850000000003
1124 15 16 20 -0.036559
1125 15 17 18 0.0018595000000000005
1126 15 17 19 -0.004122999999999999
1127 15 17 20 -0.05290050000000002
1128 15 18 19 -0.014517000000000004
1129 15 18 20 -0.024043500000000006
1130 15 19 20 0.0022208000000000006
1131 16 17 18 0.017311600000000003
1132 16 17 19 0.021588450000000002
1133 16 17 20 -0.014188900000000003
1134 16 18 19 -0.004257650000000001
1135 16 18 20 -0.0007840000000000007
1136 16 19 20 0.015220950000000002
1137 17 18 19 -0.0085345
1138 17 18 20 0.030716500000000008
1139 17 19 20 0.05099830000000001
1140 18 19 20 0.0117473
