t i j k u[t]=u_ijk
1 1 2 3 -0.028758499999999996
2 1 2 4 -0.022784649999999997
3 1 2 5 -0.0020938499999999987
4 1 2 6 -0.01720695
5 1 2 7 -0.004198299999999999
6 1 2 8 0.015301499999999999
7 1 2 9 -0.012318499999999996
8 1 2 10 -0.0314905
9 1 2 11 -0.03214499999999999
10 1 2 12 -0.00783335
11 1 2 13 -0.011285999999999994
12 1 2 14 -0.019221999999999993
13 1 2 15 -0.01485700000000001
14 1 2 16 -0.03983335
15 1 2 17 -0.018631599999999998
16 1 2 18 -0.008713499999999997
17 1 2 19 -0.011899049999999998
18 1 2 20 -0.021893999999999997
19 1 3 4 0.020776799999999998
20 1 3 5 0.028847499999999998
21 1 3 6 0.0142712
22 1 3 7 0.0207215
23 1 3 8 0.036726499999999995
24 1 3 9 0.0061931500000000006
25 1 3 10 -0.002657999999999999
26 1 3 11 0.01993815
27 1 3 12 0.026460149999999995
28 1 3 13 0.020615500000000002
29 1 3 14 0.0138195
30 1 3 15 -0.007866500000000009
31 1 3 16 -0.021463499999999996
32 1 3 17 0.03875850000000001
33 1 3 18 0.0028185000000000037
34 1 3 19 0.013314000000000001
35 1 3 20 0.0345505
36 1 4 5 0.017465199999999997
37 1 4 6 0.0002039000000000013
38 1 4 7 0.040529199999999994
39 1 4 8 -0.019764799999999996
40 1 4 9 -0.025930799999999997
41 1 4 10 -0.005577799999999997
42 1 4 11 -0.008702799999999998
43 1 4 12 0.028702349999999995
44 1 4 13 -0.012304299999999997
45 1 4 14 0.009600749999999998
46 1 4 15 0.011981699999999987
47 1 4 16 0.006912699999999997
48 1 4 17 0.022907699999999996
49 1 4 18 0.0084282
50 1 4 19 0.012775149999999999
51 1 4 20 0.036402199999999996
52 1 5 6 -0.0122996
53 1 5 7 0.015748499999999995
54 1 5 8 0.009595499999999998
55 1 5 9 -0.029494499999999996
56 1 5 10 -0.026062499999999995
57 1 5 11 -0.0006380000000000051
58 1 5 12 0.003484649999999997
59 1 5 13 0.0019475000000000017
60 1 5 14 -0.0320705
61 1 5 15 -0.001515500000000011
62 1 5 16 -0.0322875
63 1 5 17 -0.0092408
64 1 5 18 -0.001422000000000001
65 1 5 19 -0.019148
66 1 5 20 -0.020620999999999997
67 1 6 7 0.021926799999999996
68 1 6 8 0.006317949999999999
69 1 6 9 -0.00015620000000000076
70 1 6 10 -0.0016911999999999982
71 1 6 11 0.008517299999999998
72 1 6 12 0.005770899999999999
73 1 6 13 -0.008232349999999998
74 1 6 14 0.015392299999999998
75 1 6 15 -0.0074866500000000105
76 1 6 16 -0.012872199999999999
77 1 6 17 -0.025066199999999993
78 1 6 18 -0.026919199999999997
79 1 6 19 0.0046143
80 1 6 20 0.006421399999999999
81 1 7 8 0.0071224999999999995
82 1 7 9 -0.05972399999999999
83 1 7 10 -0.012481999999999998
84 1 7 11 -0.009041499999999996
85 1 7 12 -0.0021298499999999995
86 1 7 13 -0.008200999999999998
87 1 7 14 -0.016393999999999995
88 1 7 15 -0.029629500000000003
89 1 7 16 -0.011885999999999997
90 1 7 17 -0.00839155
91 1 7 18 -0.021547399999999994
92 1 7 19 -0.007407499999999988
93 1 7 20 0.002179150000000001
94 1 8 9 -0.016006
95 1 8 10 -0.023860999999999993
96 1 8 11 -0.029501649999999997
97 1 8 12 0.01388915
98 1 8 13 -0.015873049999999996
99 1 8 14 -0.00039654999999999926
100 1 8 15 -0.01565645000000001
101 1 8 16 -0.024490499999999995
102 1 8 17 0.026138999999999996
103 1 8 18 0.008668999999999998
104 1 8 19 0.0144445
105 1 8 20 -0.036499
106 1 9 10 0.0043270000000000105
107 1 9 11 -0.010256
108 1 9 12 0.01842015
109 1 9 13 -0.0017129999999999975
110 1 9 14 0.006410500000000001
111 1 9 15 -0.011133500000000008
112 1 9 16 -0.029567999999999997
113 1 9 17 0.019076999999999993
114 1 9 18 -0.0103825
115 1 9 19 0.016132499999999998
116 1 9 20 0.015087000000000001
117 1 10 11 -0.032916499999999994
118 1 10 12 0.018371199999999997
119 1 10 13 0.035290999999999996
120 1 10 14 0.027083500000000007
121 1 10 15 0.02401299999999999
122 1 10 16 -0.003249999999999989
123 1 10 17 0.052527999999999984
124 1 10 18 0.036533
125 1 10 19 0.03219999999999999
126 1 10 20 0.03235709999999999
127 1 11 12 0.022833149999999997
128 1 11 13 -0.021245499999999997
129 1 11 14 0.022999999999999996
130 1 11 15 -0.00430100000000001
131 1 11 16 -0.007185349999999998
132 1 11 17 0.0210536
133 1 11 18 0.00692265
134 1 11 19 -0.0011114999999999983
135 1 11 20 -0.0036079999999999997
136 1 12 13 0.01011885
137 1 12 14 -0.00799515
138 1 12 15 -0.030910650000000008
139 1 12 16 -0.0011666500000000021
140 1 12 17 0.0018333500000000105
141 1 12 18 -0.01667465
142 1 12 19 -0.025754149999999993
143 1 12 20 0.001970149999999999
144 1 13 14 -0.010281
145 1 13 15 -0.008241500000000011
146 1 13 16 -0.0023570000000000006
147 1 13 17 0.0012379999999999987
148 1 13 18 0.0213205
149 1 13 19 0.031664
150 1 13 20 0.010975499999999997
151 1 14 15 0.0016664999999999885
152 1 14 16 -0.016697
153 1 14 17 0.008777499999999997
154 1 14 18 0.0002559999999999979
155 1 14 19 -0.010353999999999999
156 1 14 20 0.012641999999999999
157 1 15 16 -0.019368399999999984
158 1 15 17 -0.004526499999999988
159 1 15 18 -0.04307699999999998
160 1 15 19 0.00755550000000001
161 1 15 20 0.023475500000000007
162 1 16 17 0.0360645
163 1 16 18 0.009339499999999999
164 1 16 19 0.014397499999999997
165 1 16 20 0.027419999999999996
166 1 17 18 -0.0061604999999999984
167 1 17 19 0.005111
168 1 17 20 -0.010024499999999999
169 1 18 19 0.019108999999999994
170 1 18 20 0.024528999999999995
171 1 19 20 0.017919999999999995
172 2 3 4 0.01480295
173 2 3 5 0.0021828500000000027
174 2 3 6 0.002719650000000001
175 2 3 7 -0.0038386999999999996
176 2 3 8 -0.007333499999999997
177 2 3 9 -0.01024685
178 2 3 10 7.400000000000184e-5
179 2 3 11 0.02332465
180 2 3 12 0.005534999999999998
181 2 3 13 0.0031429999999999995
182 2 3 14 0.004283000000000003
183 2 3 15 -0.021767999999999996
184 2 3 16 -0.010388649999999998
185 2 3 17 0.028631600000000007
186 2 3 18 -0.017226499999999995
187 2 3 19 -0.00354545
188 2 3 20 0.027685999999999995
189 2 4 5 -0.0032255999999999995
190 2 4 6 -0.005373799999999999
191 2 4 7 0.021942849999999996
192 2 4 8 -0.05785094999999999
193 2 4 9 -0.03639695
194 2 4 10 0.0031280500000000007
195 2 4 11 0.0006575500000000003
196 2 4 12 0.013751049999999999
197 2 4 13 -0.023802949999999996
198 2 4 14 0.0060380999999999985
199 2 4 15 0.004054049999999999
200 2 4 16 0.023961399999999997
201 2 4 17 0.018754649999999998
202 2 4 18 -0.005642949999999998
203 2 4 19 0.0018895499999999996
204 2 4 20 0.03551155
205 2 5 6 0.0028134999999999996
206 2 5 7 0.01785295
207 2 5 8 -0.007799849999999999
208 2 5 9 -0.019269849999999998
209 2 5 10 0.00333415
210 2 5 11 0.029413149999999996
211 2 5 12 0.009224149999999997
212 2 5 13 0.011139649999999996
213 2 5 14 -0.014942349999999998
214 2 5 15 0.011247649999999998
215 2 5 16 0.005451999999999999
216 2 5 17 0.007296949999999998
217 2 5 18 0.005197649999999997
218 2 5 19 -0.009342799999999998
219 2 5 20 -0.0008208499999999978
220 2 6 7 0.008918149999999998
221 2 6 8 -0.026190499999999995
222 2 6 9 -0.0050446499999999995
223 2 6 10 0.01259235
224 2 6 11 0.023455349999999996
225 2 6 12 -0.0036027000000000008
226 2 6 13 -0.0141533
227 2 6 14 0.017407349999999995
228 2 6 15 -0.009836599999999997
229 2 6 16 0.0097542
230 2 6 17 -0.023641549999999997
231 2 6 18 -0.03541265
232 2 6 19 -0.0006935999999999999
233 2 6 20 0.011108449999999999
234 2 7 8 -0.012377299999999997
235 2 7 9 -0.05160379999999999
236 2 7 10 0.0148102
237 2 7 11 0.018905199999999997
238 2 7 12 0.0015051999999999993
239 2 7 13 -0.001113299999999999
240 2 7 14 -0.0013702999999999992
241 2 7 15 -0.018970799999999996
242 2 7 16 0.023749049999999994
243 2 7 17 0.0060417499999999985
244 2 7 18 -0.0170322
245 2 7 19 0.00029325000000001084
246 2 7 20 0.019874849999999996
247 2 8 9 0.011613999999999998
248 2 8 10 0.022931
249 2 8 11 0.01794485
250 2 8 12 0.037023999999999994
251 2 8 13 0.010714449999999999
252 2 8 14 0.034126949999999996
253 2 8 15 0.014502049999999997
254 2 8 16 0.030644349999999994
255 2 8 17 0.060072099999999996
256 2 8 18 0.032684
257 2 8 19 0.041645049999999996
258 2 8 20 0.0006964999999999997
259 2 9 10 0.02349900000000001
260 2 9 11 0.009570499999999996
261 2 9 12 0.013935
262 2 9 13 -0.0027454999999999975
263 2 9 14 0.013314000000000001
264 2 9 15 -0.008594999999999995
265 2 9 16 -0.0020531499999999975
266 2 9 17 0.0253901
267 2 9 18 -0.013987499999999996
268 2 9 19 0.015713049999999996
269 2 9 20 0.024662499999999997
270 2 10 11 -0.03226199999999999
271 2 10 12 -0.00528595
272 2 10 13 0.015086499999999994
273 2 10 14 0.014815000000000009
274 2 10 15 0.0073795
275 2 10 16 0.00509285000000001
276 2 10 17 0.03966909999999999
277 2 10 18 0.013755999999999999
278 2 10 19 0.012608549999999996
279 2 10 20 0.0227606
280 2 11 12 -0.0014785000000000009
281 2 11 13 -0.042104499999999996
282 2 11 14 0.010076999999999997
283 2 11 15 -0.021588999999999997
284 2 11 16 0.0005029999999999992
285 2 11 17 0.007540199999999998
286 2 11 18 -0.01650885
287 2 11 19 -0.021357449999999997
288 2 11 20 -0.013858999999999998
289 2 12 13 0.013571499999999998
290 2 12 14 0.0033934999999999985
291 2 12 15 -0.023886999999999995
292 2 12 16 0.030833349999999992
293 2 12 17 0.01263160000000001
294 2 12 18 -0.0157945
295 2 12 19 -0.021688449999999998
296 2 12 20 0.016030799999999998
297 2 13 14 -0.0023449999999999994
298 2 13 15 -0.0046704999999999984
299 2 13 16 0.026190349999999998
300 2 13 17 0.0085836
301 2 13 18 0.018747999999999997
302 2 13 19 0.03227704999999999
303 2 13 20 0.0215835
304 2 14 15 -0.0026984999999999978
305 2 14 16 0.003914349999999998
306 2 14 17 0.0081871
307 2 14 18 -0.0102525
308 2 14 19 -0.017676949999999997
309 2 14 20 0.015313999999999998
310 2 15 16 0.005607949999999998
311 2 15 17 -0.0007518999999999997
312 2 15 18 -0.04922049999999999
313 2 15 19 0.004597549999999998
314 2 15 20 0.030512499999999994
315 2 16 17 0.01486275
316 2 16 18 -0.021780349999999997
317 2 16 19 -0.013536799999999998
318 2 16 20 0.00948065
319 2 17 18 -0.0160786
320 2 17 19 -0.00162155
321 2 17 20 -0.0067620999999999975
322 2 18 19 0.022294549999999996
323 2 18 20 0.0377095
324 2 19 20 0.027914949999999994
325 3 4 5 0.009394499999999998
326 3 4 6 0.0067095
327 3 4 7 0.040584499999999996
328 3 4 8 -0.035714499999999996
329 3 4 9 -0.011347149999999997
330 3 4 10 0.017856999999999998
331 3 4 11 -0.00786415
332 3 4 12 0.023018999999999998
333 3 4 13 -0.012142999999999998
334 3 4 14 0.016558049999999998
335 3 4 15 0.040624999999999994
336 3 4 16 0.049152999999999995
337 3 4 17 0.004925999999999989
338 3 4 18 0.026386499999999997
339 3 4 19 0.02023795
340 3 4 20 0.0226285
341 3 5 6 0.0022767000000000013
342 3 5 7 0.023874499999999996
343 3 5 8 0.001716500000000001
344 3 5 9 -0.00684015
345 3 5 10 0.005443000000000001
346 3 5 11 0.008271349999999998
347 3 5 12 0.0058720000000000005
348 3 5 13 0.010179500000000001
349 3 5 14 -0.0170425
350 3 5 15 0.035198499999999994
351 3 5 16 0.0180235
352 3 5 17 -0.019151800000000007
353 3 5 18 0.024607
354 3 5 19 -0.0036144999999999975
355 3 5 20 -0.026323999999999993
356 3 6 7 0.015476499999999997
357 3 6 8 -0.016137349999999998
358 3 6 9 0.007921850000000001
359 3 6 10 0.015238
360 3 6 11 0.002850350000000001
361 3 6 12 -0.00641805
362 3 6 13 -0.01457665
363 3 6 14 0.015843999999999997
364 3 6 15 0.014651049999999999
365 3 6 16 0.022862499999999997
366 3 6 17 -0.04955350000000001
367 3 6 18 -0.015466499999999998
368 3 6 19 0.005571499999999999
369 3 6 20 -0.0138579
370 3 7 8 -0.0088825
371 3 7 9 -0.04519565
372 3 7 10 0.0108975
373 3 7 11 -0.008258149999999995
374 3 7 12 -0.007868499999999995
375 3 7 13 -0.008095
376 3 7 14 -0.009491999999999999
377 3 7 15 -0.0010415000000000005
378 3 7 16 0.030298999999999996
379 3 7 17 -0.02642855000000001
380 3 7 18 -0.003644399999999999
381 3 7 19 1.1102230246251564e-17
382 3 7 20 -0.011649849999999998
383 3 8 9 0.01452735
384 3 8 10 0.015523499999999999
385 3 8 11 -0.012713299999999999
386 3 8 12 0.024155499999999996
387 3 8 13 0.00023795000000000099
388 3 8 14 0.022510449999999998
389 3 8 15 0.02893655
390 3 8 16 0.0336995
391 3 8 17 0.024106999999999986
392 3 8 18 0.04257699999999999
393 3 8 19 0.037856999999999995
394 3 8 20 -0.03432299999999999
395 3 9 10 0.01317815000000001
396 3 9 11 -0.024000999999999998
397 3 9 12 -0.0018468499999999984
398 3 9 13 -0.016135349999999996
399 3 9 14 -0.0012158500000000014
400 3 9 15 0.002926149999999999
401 3 9 16 -0.0019113500000000002
402 3 9 17 -0.01348835000000001
403 3 9 18 -0.007007849999999999
404 3 9 19 0.009011649999999998
405 3 9 20 -0.013270349999999995
406 3 10 11 -0.05551264999999999
407 3 10 12 -0.010746949999999998
408 3 10 13 0.012017499999999997
409 3 10 14 0.010606000000000008
410 3 10 15 0.029221499999999997
411 3 10 16 0.015555500000000009
412 3 10 17 0.01111149999999999
413 3 10 18 0.03105649999999999
414 3 10 19 0.016227999999999996
415 3 10 20 -0.0048514
416 3 11 12 0.016311149999999996
417 3 11 13 -0.021922849999999997
418 3 11 14 0.029118649999999992
419 3 11 15 0.023503649999999994
420 3 11 16 0.0342163
421 3 11 17 0.0022332499999999887
422 3 11 18 0.024042299999999996
423 3 11 19 0.005512649999999998
424 3 11 20 -0.018220349999999996
425 3 12 13 0.0159635
426 3 12 14 0.004645499999999996
427 3 12 15 0.0034159999999999963
428 3 12 16 0.04675699999999999
429 3 12 17 -0.010465
430 3 12 18 0.006967
431 3 12 19 -0.012608000000000001
432 3 12 20 -0.006120199999999999
433 3 13 14 -0.003484999999999999
434 3 13 15 0.020240499999999998
435 3 13 16 0.039722
436 3 13 17 -0.01690500000000001
437 3 13 18 0.03911749999999999
438 3 13 19 0.03896549999999999
439 3 13 20 -0.0029594999999999995
440 3 14 15 0.023352499999999998
441 3 14 16 0.018586
442 3 14 17 -0.01616150000000001
443 3 14 18 0.011256999999999998
444 3 14 19 -0.009848499999999998
445 3 14 20 -0.008088999999999997
446 3 15 16 -0.005771399999999999
447 3 15 17 -0.05115150000000001
448 3 15 18 -0.05376199999999999
449 3 15 19 -0.013624999999999998
450 3 15 20 -0.018941499999999997
451 3 16 17 -0.02415750000000001
452 3 16 18 -0.014942499999999997
453 3 16 19 -0.02038
454 3 16 20 -0.028594
455 3 17 18 0.029779500000000014
456 3 17 19 0.03055550000000001
457 3 17 20 -0.0058164999999999875
458 3 18 19 0.008613499999999998
459 3 18 20 -0.007203
460 3 19 20 -0.0033164999999999996
461 4 5 6 0.004961699999999999
462 4 5 7 -0.007315500000000002
463 4 5 8 0.04682549999999999
464 4 5 9 0.013901499999999999
465 4 5 10 -0.003019500000000001
466 4 5 11 0.025529999999999997
467 4 5 12 -0.007752500000000001
468 4 5 13 0.031716999999999995
469 4 5 14 -0.02420605
470 4 5 15 0.003968000000000001
471 4 5 16 -0.021735
472 4 5 17 -0.0146833
473 4 5 18 0.0076149999999999985
474 4 5 19 -0.014457949999999997
475 4 5 20 -0.039557999999999996
476 4 6 7 -0.018398499999999998
477 4 6 8 0.026286649999999998
478 4 6 9 0.0259785
479 4 6 10 0.004090500000000002
480 4 6 11 0.017423999999999995
481 4 6 12 -0.02272755
482 4 6 13 0.00427585
483 4 6 14 0.00599545
484 4 6 15 -0.01926445
485 4 6 16 -0.019580999999999998
486 4 6 17 -0.04777
487 4 6 18 -0.035143499999999994
488 4 6 19 -0.007956949999999997
489 4 6 20 -0.029776899999999995
490 4 7 8 0.06741649999999998
491 4 7 9 0.006736000000000002
492 4 7 10 0.033625
493 4 7 11 0.0401905
494 4 7 12 0.009696999999999997
495 4 7 13 0.04463249999999999
496 4 7 14 0.014534449999999997
497 4 7 15 -0.0010819999999999994
498 4 7 16 0.021730499999999996
499 4 7 17 0.00922995
500 4 7 18 0.010553599999999998
501 4 7 19 0.02034655000000001
502 4 7 20 0.006306149999999998
503 4 8 9 -0.00984
504 4 8 10 -0.03804799999999999
505 4 8 11 -0.04056364999999999
506 4 8 12 -0.034578
507 4 8 13 -0.02333354999999999
508 4 8 14 -0.0297621
509 4 8 15 -0.04740294999999999
510 4 8 16 -0.051168
511 4 8 17 -0.0165335
512 4 8 18 -0.019524
513 4 8 19 -0.018095449999999992
514 4 8 20 -0.09266599999999998
515 4 9 10 -0.016025999999999988
516 4 9 11 -0.02748399999999999
517 4 9 12 -0.036212999999999995
518 4 9 13 -0.015339499999999995
519 4 9 14 -0.029121049999999996
520 4 9 15 -0.04904599999999999
521 4 9 16 -0.06241149999999999
522 4 9 17 -0.029761499999999993
523 4 9 18 -0.0447415
524 4 9 19 -0.022573449999999995
525 4 9 20 -0.047245999999999996
526 4 10 11 -0.02979149999999999
527 4 10 12 -0.015908949999999995
528 4 10 13 0.04201749999999999
529 4 10 14 0.01190495000000001
530 4 10 15 0.006453500000000001
531 4 10 16 -0.015740499999999987
532 4 10 17 0.0240425
533 4 10 18 0.022527
534 4 10 19 0.013847049999999996
535 4 10 20 -0.0096229
536 4 11 12 -0.014572
537 4 11 13 -0.017644
538 4 11 14 0.00469645
539 4 11 15 -0.024985499999999994
540 4 11 16 -0.022800849999999998
541 4 11 17 -0.0105569
542 4 11 18 -0.01020835
543 4 11 19 -0.022589449999999997
544 4 11 20 -0.04871299999999999
545 4 12 13 0.0511255
546 4 12 14 0.011106449999999999
547 4 12 15 -0.014189999999999998
548 4 12 16 0.020623
549 4 12 17 0.007628000000000011
550 4 12 18 0.0035995
551 4 12 19 -0.009826950000000001
552 4 12 20 -0.005729699999999999
553 4 13 14 -0.032186049999999994
554 4 13 15 -0.032527499999999994
555 4 13 16 -0.021574000000000003
556 4 13 17 -0.033974
557 4 13 18 0.0005879999999999995
558 4 13 19 0.006584549999999997
559 4 13 20 -0.037730999999999994
560 4 14 15 -0.0007144499999999997
561 4 14 16 -0.014008949999999997
562 4 14 17 -0.004529449999999999
563 4 14 18 0.0014285499999999976
564 4 14 19 -0.013528399999999998
565 4 14 20 -0.014159449999999999
566 4 15 16 -0.014299399999999999
567 4 15 17 -0.015452500000000001
568 4 15 18 -0.039523499999999996
569 4 15 19 0.006762049999999999
570 4 15 20 -0.0009450000000000012
571 4 16 17 0.020069499999999997
572 4 16 18 0.007824
573 4 16 19 0.008535049999999997
574 4 16 20 -0.0020694999999999993
575 4 17 18 0.008319
576 4 17 19 0.015243549999999998
577 4 17 20 -0.023518999999999998
578 4 18 19 0.014762049999999995
579 4 18 20 -0.003445
580 4 19 20 -0.005707049999999999
581 5 6 7 -0.0061213
582 5 6 8 -0.015577149999999998
583 5 6 9 0.0170387
584 5 6 10 0.012071700000000001
585 5 6 11 -0.003144299999999999
586 5 6 12 -0.010013349999999997
587 5 6 13 -0.022479449999999995
588 5 6 14 0.035163200000000006
589 5 6 15 -0.01827075
590 5 6 16 0.007115699999999999
591 5 6 17 -0.028124999999999997
592 5 6 18 -0.03779679999999999
593 5 6 19 0.011462699999999998
594 5 6 20 0.014742799999999995
595 5 7 8 0.013275499999999997
596 5 7 9 -0.014480999999999997
597 5 7 10 0.029328999999999994
598 5 7 11 0.007345
599 5 7 12 0.010133999999999999
600 5 7 13 0.0056
601 5 7 14 0.031425
602 5 7 15 -0.0123655
603 5 7 16 0.036149999999999995
604 5 7 17 0.016597749999999998
605 5 7 18 -0.0043768999999999995
606 5 7 19 0.027489000000000003
607 5 7 20 0.03854865
608 5 8 9 0.023083999999999997
609 5 8 10 0.011796999999999998
610 5 8 11 -0.019268149999999994
611 5 8 12 0.019999999999999997
612 5 8 13 -0.008225049999999998
613 5 8 14 0.04126945
614 5 8 15 -0.0045454499999999995
615 5 8 16 0.017392499999999998
616 5 8 17 0.044975299999999996
617 5 8 18 0.0196865
618 5 8 19 0.043188
619 5 8 20 -0.0062824999999999956
620 5 9 10 0.0008950000000000109
621 5 9 11 -0.039112499999999994
622 5 9 12 -0.014558999999999997
623 5 9 13 -0.033155
624 5 9 14 0.008986499999999996
625 5 9 15 -0.039112499999999994
626 5 9 16 -0.026774999999999997
627 5 9 17 -0.0011766999999999997
628 5 9 18 -0.038454999999999996
629 5 9 19 0.005785999999999999
630 5 9 20 0.006213499999999996
631 5 10 11 -0.05834099999999999
632 5 10 12 -0.011175949999999997
633 5 10 13 0.0072809999999999975
634 5 10 14 0.0330915
635 5 10 15 -0.0005340000000000004
636 5 10 16 0.0029750000000000106
637 5 10 17 0.035706299999999996
638 5 10 18 0.0118925
639 5 10 19 0.025285499999999995
640 5 10 20 0.026915599999999998
641 5 11 12 0.018710499999999994
642 5 11 13 -0.023830999999999998
643 5 11 14 0.05443249999999999
644 5 11 15 -0.003423500000000001
645 5 11 16 0.024464149999999997
646 5 11 17 0.029656399999999996
647 5 11 18 0.007706649999999998
648 5 11 19 0.0173985
649 5 11 20 0.016374999999999994
650 5 12 13 0.011655999999999998
651 5 12 14 0.027559999999999994
652 5 12 15 -0.0259105
653 5 12 16 0.0346055
654 5 12 17 0.014558800000000007
655 5 12 18 -0.011767999999999999
656 5 12 19 -0.003121500000000002
657 5 12 20 0.026075799999999996
658 5 13 14 0.023736999999999994
659 5 13 15 -0.0047785000000000015
660 5 13 16 0.031878
661 5 13 17 0.012426299999999998
662 5 13 18 0.024689999999999997
663 5 13 19 0.052759499999999994
664 5 13 20 0.03354399999999999
665 5 14 15 -0.0288885
666 5 14 16 -0.01648
667 5 14 17 -0.014052200000000003
668 5 14 18 -0.030392499999999996
669 5 14 19 -0.0232765
670 5 14 20 0.001192499999999999
671 5 15 16 0.011403599999999998
672 5 15 17 0.0031988000000000008
673 5 15 18 -0.043170499999999994
674 5 15 19 0.025187999999999995
675 5 15 20 0.042580999999999994
676 5 16 17 0.013017799999999998
677 5 16 18 -0.021525999999999997
678 5 16 19 0.0012580000000000007
679 5 16 20 0.0157535
680 5 17 18 -0.013979299999999998
681 5 17 19 0.015018199999999995
682 5 17 20 0.0013556999999999983
683 5 18 19 0.036834999999999986
684 5 18 20 0.04372799999999999
685 5 19 20 0.019392999999999997
686 6 7 8 0.022731349999999997
687 6 7 9 -0.037640999999999994
688 6 7 10 0.011135999999999998
689 6 7 11 0.0043679999999999995
690 6 7 12 0.014026049999999998
691 6 7 13 0.021958149999999996
692 6 7 14 -0.009859499999999998
693 6 7 15 -0.00021605000000000094
694 6 7 16 0.022912999999999996
695 6 7 17 0.038601449999999995
696 6 7 18 0.027298599999999996
697 6 7 19 0.009905000000000011
698 6 7 20 0.017684549999999997
699 6 8 9 -0.00953185
700 6 8 10 -0.01585185
701 6 8 11 -0.031701
702 6 8 12 0.014436199999999998
703 6 8 13 -0.0013227499999999997
704 6 8 14 -0.009470899999999999
705 6 8 15 -0.0018518499999999997
706 6 8 16 -0.0053003500000000005
707 6 8 17 0.057523149999999995
708 6 8 18 0.04190614999999999
709 6 8 19 0.016148149999999997
710 6 8 20 -0.036602449999999995
711 6 9 10 0.005862000000000011
712 6 9 11 -0.018929499999999995
713 6 9 12 0.01249305
714 6 9 13 0.006363150000000002
715 6 9 14 -0.009137999999999997
716 6 9 15 -0.003803049999999996
717 6 9 16 -0.016852
718 6 9 17 0.043987
719 6 9 18 0.016380499999999996
720 6 9 19 0.011362
721 6 9 20 0.008509400000000002
722 6 10 11 -0.04312499999999999
723 6 10 12 0.010909099999999998
724 6 10 13 0.04183215
725 6 10 14 0.01000000000000001
726 6 10 15 0.02980845
727 6 10 16 0.00793100000000001
728 6 10 17 0.075903
729 6 10 18 0.06176099999999999
730 6 10 19 0.025894499999999997
731 6 10 20 0.0242445
732 6 11 12 0.02557955
733 6 11 13 -0.004495850000000001
734 6 11 14 0.016124999999999997
735 6 11 15 0.01170295
736 6 11 16 0.014204149999999997
737 6 11 17 0.0546371
738 6 11 18 0.04235915
739 6 11 19 0.002791499999999999
740 6 11 20 -0.0015120999999999993
741 6 12 13 0.0241221
742 6 12 14 -0.017616549999999998
743 6 12 15 -0.017653099999999994
744 6 12 16 0.017476449999999998
745 6 12 17 0.03267045000000001
746 6 12 18 0.01601545
747 6 12 19 -0.024597549999999996
748 6 12 20 0.00131965
749 6 13 14 -0.03390564999999999
750 6 13 15 -0.008987199999999999
751 6 13 16 0.00228285
752 6 13 17 0.01807185
753 6 13 18 0.04000734999999999
754 6 13 19 0.018817349999999997
755 6 13 20 -0.0036782499999999992
756 6 14 15 0.02454545
757 6 14 16 0.011567499999999996
758 6 14 17 0.04923599999999999
759 6 14 18 0.0425675
760 6 14 19 0.00042400000000000066
761 6 14 20 0.021612899999999997
762 6 15 16 -0.013982849999999998
763 6 15 17 0.013053049999999998
764 6 15 18 -0.02364445
765 6 15 19 -0.004545449999999999
766 6 15 20 0.009567449999999998
767 6 16 17 0.048258499999999996
768 6 16 18 0.023386499999999994
769 6 16 19 -0.0030889999999999997
770 6 16 20 0.008126399999999999
771 6 17 18 -0.0043075
772 6 17 19 -0.024569499999999998
773 6 17 20 -0.04151209999999999
774 6 18 19 -0.012424499999999998
775 6 18 20 -0.008811599999999998
776 6 19 20 0.016112899999999996
777 7 8 9 0.05084049999999999
778 7 8 10 -0.0042565
779 7 8 11 -0.01333765
780 7 8 12 0.023141499999999995
781 7 8 13 -0.0005495499999999997
782 7 8 14 0.02311995
783 7 8 15 0.021095549999999998
784 7 8 16 -0.005482
785 7 8 17 0.04165305
786 7 8 18 0.03733889999999999
787 7 8 19 0.02897449999999999
788 7 8 20 -0.03155564999999999
789 7 9 10 -0.04291499999999999
790 7 9 11 -0.06093849999999999
791 7 9 12 -0.039174
792 7 9 13 -0.05323599999999999
793 7 9 14 -0.036919499999999994
794 7 9 15 -0.041227999999999994
795 7 9 16 -0.07740599999999999
796 7 9 17 -0.03225544999999999
797 7 9 18 -0.048559099999999994
798 7 9 19 -0.036184
799 7 9 20 -0.046816149999999994
800 7 10 11 -0.036356999999999993
801 7 10 12 0.00801905
802 7 10 13 0.031009999999999996
803 7 10 14 0.030995500000000006
804 7 10 15 0.0411605
805 7 10 16 -0.0038459999999999874
806 7 10 17 0.048437549999999996
807 7 10 18 0.0455984
808 7 10 19 0.027125499999999986
809 7 10 20 0.01769595
810 7 11 12 0.015921499999999998
811 7 11 13 -0.022085999999999995
812 7 11 14 0.030352499999999994
813 7 11 15 0.016287
814 7 11 16 -0.0043408499999999985
815 7 11 17 0.02040365
816 7 11 18 0.019428549999999996
817 7 11 19 -0.002745500000000009
818 7 11 20 -0.014828649999999997
819 7 12 13 0.016189999999999996
820 7 12 14 0.006268999999999999
821 7 12 15 -0.0034109999999999995
822 7 12 16 0.008589499999999998
823 7 12 17 0.00809505000000001
824 7 12 18 0.0027429000000000004
825 7 12 19 -0.02047650000000001
826 7 12 20 -0.0023388499999999995
827 7 13 14 -0.0020880000000000004
828 7 13 15 0.013186999999999997
829 7 13 16 0.0013279999999999998
830 7 13 17 0.0014285499999999991
831 7 13 18 0.034666899999999994
832 7 13 19 0.030870499999999985
833 7 13 20 0.00059535
834 7 14 15 0.014901999999999999
835 7 14 16 -0.021205
836 7 14 17 0.0007750500000000005
837 7 14 18 0.0054094
838 7 14 19 -0.019340500000000007
839 7 14 20 -0.005931149999999998
840 7 15 16 -0.03711189999999999
841 7 15 17 -0.025764449999999998
842 7 15 18 -0.0511591
843 7 15 19 -0.014666500000000011
844 7 15 20 -0.00833315
845 7 16 17 0.032570049999999996
846 7 16 18 0.019000899999999994
847 7 16 19 0.009918999999999987
848 7 16 20 0.013354850000000001
849 7 17 18 0.006995349999999999
850 7 17 19 0.004126949999999988
851 7 17 20 -0.020595199999999998
852 7 18 19 0.004969099999999988
853 7 18 20 0.0008024499999999988
854 7 19 20 0.00833335000000001
855 8 9 10 0.01218200000000001
856 8 9 11 0.003239649999999999
857 8 9 12 -0.011474999999999996
858 8 9 13 -0.0018459499999999988
859 8 9 14 -0.00919895
860 8 9 15 -0.011483049999999996
861 8 9 16 -0.021083499999999998
862 8 9 17 -0.023067999999999995
863 8 9 18 -0.03505749999999999
864 8 9 19 -0.014317999999999999
865 8 9 20 0.035579999999999994
866 8 10 11 -0.027275849999999997
867 8 10 12 -0.01937895
868 8 10 13 0.027303049999999995
869 8 10 14 0.0036190500000000104
870 8 10 15 0.015808449999999998
871 8 10 16 -0.002620499999999989
872 8 10 17 0.002528000000000002
873 8 10 18 0.0040030000000000005
874 8 10 19 -0.006105500000000001
875 8 10 20 0.044995099999999996
876 8 11 12 -0.020557649999999997
877 8 11 13 -0.0348741
878 8 11 14 -0.0061051000000000005
879 8 11 15 -0.018146199999999998
880 8 11 16 -0.012196499999999997
881 8 11 17 -0.03458705
882 8 11 18 -0.031247999999999998
883 8 11 19 -0.04505764999999999
884 8 11 20 0.003389349999999996
885 8 12 13 0.03988104999999999
886 8 12 14 0.006290549999999996
887 8 12 15 -0.001365050000000001
888 8 12 16 0.03721299999999999
889 8 12 17 -0.010416499999999988
890 8 12 18 -0.0114545
891 8 12 19 -0.026309499999999996
892 8 12 20 0.052358299999999997
893 8 13 14 -0.0257575
894 8 13 15 -0.0084581
895 8 13 16 0.006260449999999999
896 8 13 17 -0.04077404999999999
897 8 13 18 -0.0032215499999999975
898 8 13 19 0.0013464499999999988
899 8 13 20 0.03160144999999999
900 8 14 15 0.0169264
901 8 14 16 0.007396949999999997
902 8 14 17 -0.01775805
903 8 14 18 -0.008809549999999998
904 8 14 19 -0.025195049999999993
905 8 14 20 0.04874444999999999
906 8 15 16 -0.01053435
907 8 15 17 -0.046321949999999994
908 8 15 18 -0.06740245
909 8 15 19 -0.022545449999999998
910 8 15 20 0.04431804999999999
911 8 16 17 -0.014564999999999998
912 8 16 18 -0.023819999999999994
913 8 16 19 -0.024537499999999997
914 8 16 20 0.03942849999999999
915 8 17 18 0.011309499999999998
916 8 17 19 0.016805499999999998
917 8 17 20 0.05261349999999999
918 8 18 19 0.013333499999999998
919 8 18 20 0.06969699999999998
920 8 19 20 0.06886349999999998
921 9 10 11 -0.018333499999999985
922 9 10 12 0.00427805000000001
923 9 10 13 0.041331
924 9 10 14 0.02500000000000002
925 9 10 15 0.0394735
926 9 10 16 0.030645000000000016
927 9 10 17 0.037778000000000006
928 9 10 18 0.0512425
929 9 10 19 0.020394500000000006
930 9 10 20 0.021597100000000008
931 9 11 12 -0.005843
932 9 11 13 -0.0297885
933 9 11 14 0.006333499999999998
934 9 11 15 -0.003423500000000001
935 9 11 16 0.012126649999999998
936 9 11 17 -0.0082794
937 9 11 18 0.007049149999999998
938 9 11 19 -0.027499999999999997
939 9 11 20 -0.028951
940 9 12 13 0.030251999999999994
941 9 12 14 0.004014499999999998
942 9 12 15 -0.0013570000000000025
943 9 12 16 0.04682149999999999
944 9 12 17 0.0011765000000000122
945 9 12 18 0.012127999999999998
946 9 12 19 -0.023466499999999998
947 9 12 20 0.005303299999999999
948 9 13 14 -0.018404499999999997
949 9 13 15 0.0011789999999999993
950 9 13 16 0.025497999999999996
951 9 13 17 -0.019551999999999993
952 9 13 18 0.02999
953 9 13 19 0.013818499999999997
954 9 13 20 -0.005824499999999999
955 9 14 15 0.019210499999999995
956 9 14 16 0.019281499999999997
957 9 14 17 -0.003888999999999999
958 9 14 18 0.017048999999999998
959 9 14 19 -0.020075999999999997
960 9 14 20 0.003965499999999999
961 9 15 16 -0.0009338999999999992
962 9 15 17 -0.03473699999999999
963 9 15 18 -0.04382799999999999
964 9 15 19 -0.0197105
965 9 15 20 -0.002745
966 9 16 17 -0.012580499999999998
967 9 16 18 -0.009845999999999999
968 9 16 19 -0.031303
969 9 16 20 -0.017234999999999997
970 9 17 18 0.023298999999999997
971 9 17 19 0.008055499999999997
972 9 17 20 -0.0060345
973 9 18 19 -0.007406
974 9 18 20 -0.0009405000000000023
975 9 19 20 0.018965499999999996
976 10 11 12 -0.028454549999999988
977 10 11 13 -0.08945299999999999
978 10 11 14 -0.037000000000000005
979 10 11 15 -0.061230499999999986
980 10 11 16 -0.036851850000000005
981 10 11 17 -0.06439089999999999
982 10 11 18 -0.06252685
983 10 11 19 -0.06622799999999998
984 10 11 20 -0.06888159999999999
985 10 12 13 -0.006800949999999999
986 10 12 14 -0.016707450000000013
987 10 12 15 -0.03655244999999999
988 10 12 16 0.020454549999999985
989 10 12 17 -0.03232344999999999
990 10 12 18 -0.03483645
991 10 12 19 -0.03958294999999999
992 10 12 20 -0.012015749999999997
993 10 13 14 -0.002073500000000011
994 10 13 15 0.003036499999999997
995 10 13 16 0.03618399999999999
996 10 13 17 -0.015999
997 10 13 18 0.020078499999999996
998 10 13 19 0.034754999999999994
999 10 13 20 0.013909399999999997
1000 10 14 15 0.00473700000000001
1001 10 14 16 0.013636499999999996
1002 10 14 17 -0.01666699999999999
1003 10 14 18 -0.00919349999999999
1004 10 14 19 -0.015470499999999984
1005 10 14 20 0.00736840000000001
1006 10 15 16 0.007894599999999988
1007 10 15 17 -0.033041499999999994
1008 10 15 18 -0.055596999999999994
1009 10 15 19 -0.0006314999999999997
1010 10 15 20 0.0151314
1011 10 16 17 -0.01971349999999999
1012 10 16 18 -0.030443499999999984
1013 10 16 19 -0.021052499999999988
1014 10 16 20 -0.008187099999999987
1015 10 17 18 0.0098345
1016 10 17 19 0.025439000000000003
1017 10 17 20 0.010146400000000002
1018 10 18 19 0.023441999999999998
1019 10 18 20 0.0287049
1020 10 19 20 0.017762899999999998
1021 11 12 13 0.0541975
1022 11 12 14 -0.008161999999999997
1023 11 12 15 -0.003776500000000001
1024 11 12 16 0.028851849999999995
1025 11 12 17 0.003612900000000011
1026 11 12 18 -0.0007641499999999995
1027 11 12 19 -0.0018095000000000027
1028 11 12 20 0.028411299999999997
1029 11 13 14 -0.05452649999999999
1030 11 13 15 -0.025186
1031 11 13 16 -0.016417150000000002
1032 11 13 17 -0.041061099999999996
1033 11 13 18 -0.0068476499999999985
1034 11 13 19 0.011529999999999993
1035 11 13 20 -0.006662
1036 11 14 15 0.028967499999999997
1037 11 14 16 0.013488349999999998
1038 11 14 17 0.010723899999999998
1039 11 14 18 0.016333349999999996
1040 11 14 19 0.013757499999999997
1041 11 14 20 0.03924999999999999
1042 11 15 16 -0.016484049999999997
1043 11 15 17 -0.029881099999999997
1044 11 15 18 -0.054300649999999985
1045 11 15 19 0.004365999999999998
1046 11 15 20 0.022782499999999997
1047 11 16 17 0.007825549999999999
1048 11 16 18 -0.004768499999999999
1049 11 16 19 0.008323649999999998
1050 11 16 20 0.023842649999999996
1051 11 17 18 0.007970449999999999
1052 11 17 19 0.02727609999999999
1053 11 17 20 0.014637099999999997
1054 11 18 19 0.027143149999999998
1055 11 18 20 0.03505965
1056 11 19 20 0.020416499999999997
1057 12 13 14 0.007833
1058 12 13 15 0.032788
1059 12 13 16 0.008928499999999999
1060 12 13 17 0.009523499999999989
1061 12 13 18 0.04811399999999999
1062 12 13 19 0.06753699999999999
1063 12 13 20 0.019124199999999997
1064 12 14 15 0.024581999999999996
1065 12 14 16 -0.023525499999999998
1066 12 14 17 -0.0010510000000000116
1067 12 14 18 0.008935499999999997
1068 12 14 19 0.007405
1069 12 14 20 0.0026766999999999993
1070 12 15 16 -0.049112399999999994
1071 12 15 17 -0.037270500000000005
1072 12 15 18 -0.057312999999999996
1073 12 15 19 0.0023989999999999992
1074 12 15 20 -0.009405299999999998
1075 12 16 17 0.03306449999999998
1076 12 16 18 0.024847499999999995
1077 12 16 19 0.038985
1078 12 16 20 0.024283199999999998
1079 12 17 18 0.01234750000000001
1080 12 17 19 0.03269850000000001
1081 12 17 20 -0.010161299999999986
1082 12 18 19 0.028188499999999995
1083 12 18 20 0.005884199999999998
1084 12 19 20 -0.009804299999999997
1085 13 14 15 -0.0003729999999999983
1086 13 14 16 -0.024620999999999997
1087 13 14 17 -0.0027415000000000004
1088 13 14 18 -0.0313455
1089 13 14 19 -0.052299000000000005
1090 13 14 20 -0.008614499999999999
1091 13 15 16 -0.025252899999999995
1092 13 15 17 -0.014006
1093 13 15 18 -0.072639
1094 13 15 19 -0.03235
1095 13 15 20 0.0042584999999999975
1096 13 16 17 0.03246949999999999
1097 13 16 18 -0.014338
1098 13 16 19 -0.019623499999999995
1099 13 16 20 0.014087499999999998
1100 13 17 18 -0.026243
1101 13 17 19 -0.025314999999999994
1102 13 17 20 -0.019762
1103 13 18 19 0.008765499999999999
1104 13 18 20 0.034873999999999995
1105 13 19 20 0.0386085
1106 14 15 16 -0.001004899999999998
1107 14 15 17 -0.011637499999999999
1108 14 15 18 -0.041666499999999995
1109 14 15 19 0.019575999999999996
1110 14 15 20 0.012499999999999999
1111 14 16 17 0.010589999999999997
1112 14 16 18 -0.0076135
1113 14 16 19 0.008054499999999997
1114 14 16 20 -0.0019190000000000017
1115 14 17 18 0.0023610000000000003
1116 14 17 19 0.024242499999999993
1117 14 17 20 -0.013889
1118 14 18 19 0.029718999999999992
1119 14 18 20 0.012142999999999996
1120 14 19 20 -0.005075999999999999
1121 15 16 17 0.021222599999999998
1122 15 16 18 0.0330481
1123 15 16 19 -0.0125264
1124 15 16 20 -0.015423899999999997
1125 15 17 18 0.032389999999999995
1126 15 17 19 -0.006970999999999998
1127 15 17 20 -0.03802649999999999
1128 15 18 19 -0.0315235
1129 15 18 20 -0.0420235
1130 15 19 20 0.002
1131 16 17 18 0.020564499999999996
1132 16 17 19 0.026777999999999996
1133 16 17 20 -0.0013800000000000004
1134 16 18 19 0.014050999999999998
1135 16 18 20 0.0064484999999999985
1136 16 19 20 0.004897499999999999
1137 17 18 19 0.007837499999999999
1138 17 18 20 0.028392999999999995
1139 17 19 20 0.033055499999999995
1140 18 19 20 0.012499999999999999
