1 4.939923761485779 4 100.0
2 5.131258809528768 3 81.0
3 6.985936150475801 1 77.0
4 5.6264219964518905 2 75.0
5 4.068910143888263 9 70.0
6 3.6756430814954064 11 63.0
7 4.567296747723306 6 54.0
8 1.5372782420623379 17 49.0
9 2.1529497837449356 15 47.0
10 2.532318111087661 13 44.0
11 4.070808580964465 8 44.0
12 0.6905760782870605 19 44.0
13 4.243875553228295 7 42.0
14 4.8483361504758 5 41.0
15 0.0 20 40.0
16 3.636048176253295 12 37.0
17 2.021376078287058 16 36.0
18 1.259451438800658 18 33.0
19 4.053451438800658 10 33.0
20 2.3826540804335217 14 31.0
1 9.437359038174597 1 100.0
2 6.60109938839628 5 81.0
3 4.115836580784192 15 77.0
4 6.775800000000018 3 75.0
5 6.6555590381746 4 70.0
6 5.42160422906515 8 63.0
7 5.910607082227999 6 54.0
8 3.255839464507052 19 49.0
9 3.605704566294941 18 47.0
10 3.8640952913546256 17 44.0
11 5.1362770822280215 9 44.0
12 5.042245704841265 10 44.0
13 8.72770708222802 2 42.0
14 5.855312371507932 7 41.0
15 0.0 20 40.0
16 4.8998067643196 12 37.0
17 4.327009598161178 14 36.0
18 4.946413847284051 11 33.0
19 3.9775004201783863 16 33.0
20 4.495593076357984 13 31.0
1 8.217146324792918 2 100.0
2 3.3825000000121914 16 81.0
3 5.0933950427578045 8 77.0
4 7.752883076932767 4 75.0
5 7.868878974360706 3 70.0
6 6.6947789743626185 5 63.0
7 4.5318650427329 12 54.0
8 4.59577897435511 10 49.0
9 5.996846324787487 6 47.0
10 4.571922905979844 11 44.0
11 3.954489059823923 14 44.0
12 3.9243063247902086 15 44.0
13 5.043186324788602 9 42.0
14 4.329169743589397 13 41.0
15 2.189477093996169 18 40.0
16 5.499583418803614 7 37.0
17 1.4277902564185867 19 36.0
18 8.638986324787219 1 33.0
19 2.757776581199678 17 33.0
20 0.0 20 31.0
1 10.924059999948613 3 100.0
2 10.46036999994098 5 81.0
3 8.456460000002194 8 77.0
4 6.77579999997204 10 75.0
5 8.896970000004128 7 70.0
6 6.282599999990306 13 63.0
7 4.165039999991091 16 54.0
8 7.997699999996186 9 49.0
9 2.0070399999913517 19 47.0
10 3.4473999999848686 17 44.0
11 15.84622999999706 1 44.0
12 2.1394999999929176 18 44.0
13 10.614430000051467 4 42.0
14 14.745829999968729 2 41.0
15 0.0 20 40.0
16 4.590399999993763 15 37.0
17 10.200400000002189 6 36.0
18 6.519670000015061 12 33.0
19 4.594999999991909 14 33.0
20 6.651599999991153 11 31.0
1 4.758289222456359 2 100.0
2 2.5857347495016363 11 81.0
3 3.122023374660948 9 77.0
4 3.9174607910095762 5 75.0
5 3.9172826666711513 6 70.0
6 3.6759892225390383 7 63.0
7 0.05665876349082444 18 54.0
8 0.7106938670890399 16 49.0
9 1.4964347494987733 14 47.0
10 5.633176625174327 1 44.0
11 0.015558707973928776 19 44.0
12 0.5759809016015609 17 44.0
13 3.110276624200672 10 42.0
14 4.290276624993264 4 41.0
15 1.06373760146464 15 40.0
16 1.6569766251743854 13 37.0
17 0.0 20 36.0
18 4.3487950706889755 3 33.0
19 3.2460368323946205 8 33.0
20 2.529756624993327 12 31.0
1 3.6009870853254733 3 100.0
2 2.1780213914569972 12 81.0
3 3.725849516640672 2 77.0
4 3.882429468063666 1 75.0
5 3.303536572348622 7 70.0
6 3.343738523178514 6 63.0
7 3.379723888106872 5 54.0
8 2.579804467437267 9 49.0
9 1.8377525118481568 13 47.0
10 1.6923982312301842 15 44.0
11 3.4959860419308453 4 44.0
12 0.8418634607945195 19 44.0
13 1.148287305120987 17 42.0
14 2.2836651968692583 11 41.0
15 1.5539807869137974 16 40.0
16 2.6342083612740304 8 37.0
17 0.0 20 36.0
18 1.8338999997699235 14 33.0
19 2.4067533582083716 10 33.0
20 1.038087418695989 18 31.0
1 5.125227510932746 3 100.0
2 3.606054295745352 12 81.0
3 5.3571704039133445 2 77.0
4 4.177301548903973 7 75.0
5 3.7930557042401873 11 70.0
6 3.808503176063676 9 63.0
7 3.84808859145571 8 54.0
8 0.0 20 49.0
9 2.45817884118836 16 47.0
10 4.965462962026926 4 44.0
11 4.812910636358826 6 44.0
12 2.082430403910797 18 44.0
13 3.806254506359115 10 42.0
14 2.827944295746946 14 41.0
15 2.5304031760624266 15 40.0
16 4.933444295739305 5 37.0
17 2.42754000000032 17 36.0
18 3.0782983107115323 13 33.0
19 5.431677845784472 1 33.0
20 1.5633704039101608 19 31.0
1 8.907452000002646 2 100.0
2 5.931092000005315 7 81.0
3 7.552130000001615 5 77.0
4 7.941547999999776 3 75.0
5 4.696999999998441 13 70.0
6 5.558008000001537 8 63.0
7 7.750251999999557 4 54.0
8 3.4590079999991303 16 49.0
9 3.866345999999707 15 47.0
10 3.1830079999997767 18 44.0
11 3.8847919999985963 14 44.0
12 5.256392000000419 11 44.0
13 0.0 20 42.0
14 5.414529999994841 9 41.0
15 2.7228279999997747 19 40.0
16 4.836416000001089 12 37.0
17 5.974608000000333 6 36.0
18 9.862229999999775 1 33.0
19 3.3846000000005536 17 33.0
20 5.278473999999119 10 31.0
1 5.84478312842168 4 100.0
2 6.443454073657349 2 81.0
3 7.880432978741054 1 77.0
4 3.934698333307861 12 75.0
5 3.6503762045200427 15 70.0
6 5.598499999141157 6 63.0
7 5.782483128382829 5 54.0
8 4.072076204519902 11 49.0
9 3.624483128415285 16 47.0
10 2.9161131284240387 19 44.0
11 5.52913297840278 7 44.0
12 5.978952035942333 3 44.0
13 5.1802000000377895 9 42.0
14 5.350513922704982 8 41.0
15 3.539525613168177 17 40.0
16 3.9063000001810573 13 37.0
17 0.0 20 36.0
18 3.459577037620843 18 33.0
19 3.897527006100684 14 33.0
20 5.052854220888441 10 31.0
1 4.745227840904112 5 100.0
2 4.966639464782906 4 81.0
3 3.5749647771575828 7 77.0
4 6.775800000038031 2 75.0
5 7.304369869006152 1 70.0
6 2.2562194783196516 14 63.0
7 4.339554407513383 6 54.0
8 2.547504684561561 12 49.0
9 2.2676701286615866 13 47.0
10 1.5962646845759791 17 44.0
11 2.8787698690144876 10 44.0
12 5.09539440751419 3 44.0
13 1.750395064358595 16 42.0
14 1.8512459168593007 15 41.0
15 0.0 20 40.0
16 1.217671546477618 18 37.0
17 2.610888565906362 11 36.0
18 3.452147811049172 8 33.0
19 2.922287074671874 9 33.0
20 0.7527952520624788 19 31.0
1 4.470999999999485 5 100.0
2 4.832358787328971 4 81.0
3 3.9278322352931325 8 77.0
4 5.640208787330462 2 75.0
5 3.3661605701359725 10 70.0
6 3.4223350437395172 9 63.0
7 1.605481140271576 18 54.0
8 2.643133058823565 12 49.0
9 2.3204905791856265 15 47.0
10 0.0 20 44.0
11 2.5926897586730417 13 44.0
12 2.3613211402704386 14 44.0
13 1.1002211402715765 19 42.0
14 6.227076117646886 1 41.0
15 2.070243092006375 17 40.0
16 5.613350533935572 3 37.0
17 4.345489176470722 6 36.0
18 2.314226995478805 16 33.0
19 4.335822371041024 7 33.0
20 2.7946583770728504 11 31.0
1 4.473670653757143 3 100.0
2 5.264574076059185 1 81.0
3 3.8017301209959804 7 77.0
4 3.404763722438297 9 75.0
5 3.809192338077903 6 70.0
6 3.4607466606128314 8 63.0
7 4.068947130143051 5 54.0
8 1.8429192034701345 15 49.0
9 1.5342449286136401 16 47.0
10 2.5940362775616994 13 44.0
11 2.3924999999999983 14 44.0
12 1.4371828524494707 17 44.0
13 0.1236095650055864 19 42.0
14 4.5888078844436695 2 41.0
15 0.0 20 40.0
16 4.302198929632261 4 37.0
17 2.890319161200468 11 36.0
18 3.0926328212422414 10 33.0
19 2.716686435275901 12 33.0
20 1.1258005550927441 18 31.0
1 4.545488594332597 5 100.0
2 3.5681223448803787 8 81.0
3 8.441962344882539 1 77.0
4 4.047374065070013 6 75.0
5 6.529592344882703 3 70.0
6 2.600941591774136 15 63.0
7 7.880432344883945 2 54.0
8 2.6964821886843495 13 49.0
9 3.8695162515892454 7 47.0
10 0.22594159178254936 19 44.0
11 1.3820178112927755 17 44.0
12 2.7346356225931427 12 44.0
13 6.246462344892436 4 42.0
14 2.98898046213054 11 41.0
15 0.7028691185296414 18 40.0
16 2.4607945485560627 16 37.0
17 3.2647923449070935 10 36.0
18 2.67193121522273 14 33.0
19 3.394802344880374 9 33.0
20 0.0 20 31.0
1 3.7864812050548444 4 100.0
2 2.6104242106657742 11 81.0
3 4.244695078937754 2 77.0
4 2.606991017429019 12 75.0
5 4.595151392486697 1 70.0
6 3.0205315792246648 8 63.0
7 1.9772742113326376 13 54.0
8 3.4283712050935806 6 49.0
9 1.7294108325371509 14 47.0
10 3.4473928090590147 5 44.0
11 2.830348529464314 9 44.0
12 0.0 20 44.0
13 1.1330121080576778 17 42.0
14 3.0855133865947146 7 41.0
15 1.3409967065745396 15 40.0
16 0.16155139238813998 18 37.0
17 1.2778170480010145 16 36.0
18 2.8261513923794612 10 33.0
19 4.167019679834615 3 33.0
20 0.06602070995585851 19 31.0
1 2.4504847245832986 10 100.0
2 3.841158956379033 3 81.0
3 0.06325794359629278 19 77.0
4 3.33141368738727 5 75.0
5 1.6937119766823998 16 70.0
6 3.299878583164107 6 63.0
7 1.8750858871922214 14 54.0
8 0.9871226504294104 17 49.0
9 0.09475368750631885 18 47.0
10 7.013726776011243 1 44.0
11 1.7948589563779018 15 44.0
12 2.5460159830992426 9 44.0
13 2.084087664830322 11 42.0
14 5.670826776011243 2 41.0
15 3.566326776011234 4 40.0
16 1.885356591804468 13 37.0
17 3.177167006160925 7 36.0
18 0.0 20 33.0
19 2.6209594116768393 8 33.0
20 2.0475265082209457 12 31.0
1 5.0699632919245365 10 100.0
2 6.071192174751658 2 81.0
3 5.17113679776413 9 77.0
4 6.051858257236029 4 75.0
5 4.4335999999999975 12 70.0
6 6.603545407082105 1 63.0
7 6.0623610622123865 3 54.0
8 3.496424522937893 17 49.0
9 3.540808991454821 16 47.0
10 3.010772555420675 19 44.0
11 4.953445937946299 11 44.0
12 4.173805988217654 13 44.0
13 5.191979999999999 8 42.0
14 3.610673337022756 14 41.0
15 5.325445407082107 7 40.0
16 0.0 20 37.0
17 5.812318639412551 5 36.0
18 5.491803291924531 6 33.0
19 3.564802736860899 15 33.0
20 3.0451078252483446 18 31.0
1 3.1580125654213607 3 100.0
2 2.858309976778382 5 81.0
3 3.3316341742286686 2 77.0
4 3.5072680437283887 1 75.0
5 2.3265987246054993 9 70.0
6 2.438500000000006 8 63.0
7 2.0882063619201063 12 54.0
8 1.6510456461401342 14 49.0
9 1.1385381622092297 17 47.0
10 2.119594743168822 11 44.0
11 2.853034666258888 6 44.0
12 0.6417383512108887 18 44.0
13 0.0 20 42.0
14 2.325214789173843 10 41.0
15 0.564851047393593 19 40.0
16 2.821078352433583 7 37.0
17 1.3197185469445816 16 36.0
18 3.0922461106783947 4 33.0
19 1.627977045532004 15 33.0
20 1.9796596593351607 13 31.0
1 2.5661239140845202 12 100.0
2 4.602594447167435 3 81.0
3 4.015409867946625 4 77.0
4 5.4610461437412745 1 75.0
5 3.426285156672437 5 70.0
6 4.7907377295284785 2 63.0
7 1.2016831379904438 18 54.0
8 2.3388836573666762 13 49.0
9 1.2493596637373998 17 47.0
10 1.7194041076603805 16 44.0
11 3.169734170802373 6 44.0
12 2.251870535777991 15 44.0
13 3.060645695278737 7 42.0
14 0.0 20 41.0
15 2.82669999999998 9 40.0
16 2.8332388781933338 8 37.0
17 2.57929455795409 11 36.0
18 1.159589801919936 19 33.0
19 2.3343268735201943 14 33.0
20 2.6153720025907807 10 31.0
1 3.6598504295929857 1 100.0
2 1.4396595662599048 13 81.0
3 3.6590951865665255 2 77.0
4 2.863053059902556 4 75.0
5 2.1163147842208265 7 70.0
6 1.4752901326042616 12 63.0
7 2.3916355169150036 6 54.0
8 3.3756925676963956 3 49.0
9 0.0 20 47.0
10 0.072883662619738 19 44.0
11 1.6770289068556776 10 44.0
12 0.7917235023539171 15 44.0
13 2.733582248913175 5 42.0
14 1.7783257256829685 8 41.0
15 1.4148568931982481 14 40.0
16 1.7686168931982484 9 37.0
17 0.18859487498321026 18 36.0
18 0.19538130238016227 17 33.0
19 1.4888439162743339 11 33.0
20 0.6981925676963949 16 31.0
1 2.467600000140442 12 100.0
2 8.919932045524458 2 81.0
3 0.0 20 77.0
4 4.2421320463855245 7 75.0
5 4.315155113740945 6 70.0
6 9.560292045467303 1 63.0
7 4.336775568220415 5 54.0
8 5.464032045265272 3 49.0
9 2.9640320452675892 9 47.0
10 2.550611136459623 10 44.0
11 3.5624455681106957 8 44.0
12 1.6333551131982391 17 44.0
13 2.2675455682204078 14 42.0
14 2.0537581819297013 15 41.0
15 1.452532045513691 18 40.0
16 4.835081250076213 4 37.0
17 2.2976365907137293 13 36.0
18 2.5290744315349287 11 33.0
19 1.92778125001183 16 33.0
20 1.1142951137409298 19 31.0
1 3.923707501522203 14 100.0
2 2.2859000006768837 18 81.0
3 8.205525000850578 1 77.0
4 6.775800000187576 2 75.0
5 4.563644999502614 9 70.0
6 6.394504999992829 4 63.0
7 4.276944998730851 11 54.0
8 4.295505000176712 10 49.0
9 4.774494999502614 7 47.0
10 4.0661250033516065 12 44.0
11 2.5607425015222023 16 44.0
12 2.7582249966847616 15 44.0
13 2.4399599982158264 17 42.0
14 6.571360000536144 3 41.0
15 0.0 20 40.0
16 5.003765000523191 6 37.0
17 4.05020000014073 13 36.0
18 1.9129050000305088 19 33.0
19 4.706905000719672 8 33.0
20 5.87654500006546 5 31.0
1 6.905259999998982 3 100.0
2 6.155420000000497 5 81.0
3 1.425000000000574 19 77.0
4 6.963270000000465 2 75.0
5 6.854060000001078 4 70.0
6 6.136810000000475 6 63.0
7 2.993160000001322 15 54.0
8 0.0 20 49.0
9 2.079460000000029 18 47.0
10 2.782340000000206 17 44.0
11 4.1545400000005746 11 44.0
12 2.8878400000001756 16 44.0
13 5.716806666669944 8 42.0
14 3.843060000002056 12 41.0
15 5.817259999997763 7 40.0
16 3.8095600000005714 13 37.0
17 4.360910000000489 10 36.0
18 9.561533333333813 1 33.0
19 4.490920000000408 9 33.0
20 3.7243833333334524 14 31.0
1 4.681539448575656 3 100.0
2 1.937105593749703 13 81.0
3 5.645886008000962 2 77.0
4 2.711000807092972 8 75.0
5 4.175912417755081 6 70.0
6 2.0549867751291577 10 63.0
7 4.369058477573677 4 54.0
8 2.0472564793771335 11 49.0
9 1.9461082554316158 12 47.0
10 1.5072309471487921 14 44.0
11 2.8794309471665103 7 44.0
12 0.9138835384290602 18 44.0
13 0.9812193172661476 17 42.0
14 0.7935321895053518 19 41.0
15 1.2645040930810283 15 40.0
16 0.0 20 37.0
17 1.1362682554316206 16 36.0
18 2.670653104019595 9 33.0
19 4.340232025582018 5 33.0
20 6.396832025585148 1 31.0
1 6.9402893531211305 1 100.0
2 0.0 20 81.0
3 6.019989999528882 3 77.0
4 6.079278613749189 2 75.0
5 4.634562333458862 6 70.0
6 4.64322785398485 5 63.0
7 3.6536854935484593 9 54.0
8 5.220906548670191 4 49.0
9 2.979643238780373 16 47.0
10 2.282300007499545 19 44.0
11 3.394182257634566 12 44.0
12 2.913321522706852 18 44.0
13 2.9496272636586824 17 42.0
14 3.424085715895354 11 41.0
15 4.357826442227983 7 40.0
16 3.689661326381447 8 37.0
17 3.2479637353529385 14 36.0
18 3.497199975549952 10 33.0
19 3.3779737338567113 13 33.0
20 3.1693231489490765 15 31.0
1 7.25539430372177 1 100.0
2 4.255279999997115 3 81.0
3 3.147449638422522 8 77.0
4 2.8583013241083375 12 75.0
5 3.232719205185376 6 70.0
6 2.510435352428378 14 63.0
7 4.938634424604606 2 54.0
8 1.937600994765007 16 49.0
9 2.182204647588158 15 47.0
10 3.620148921623395 4 44.0
11 3.192755352429938 7 44.0
12 2.9198839351058465 10 44.0
13 1.2916316126750147 18 42.0
14 3.3988297046174987 5 41.0
15 1.8353943037224334 17 40.0
16 0.0 20 37.0
17 2.761184291335684 13 36.0
18 2.892325062516321 11 33.0
19 2.929537464937313 9 33.0
20 0.8727800000004589 19 31.0
1 3.40832783993664 8 100.0
2 3.6318921163513984 7 81.0
3 4.405019268330431 2 77.0
4 4.758252642225626 1 75.0
5 1.6126134023244714 16 70.0
6 3.7267145032440965 5 63.0
7 1.6866078180790987 15 54.0
8 1.3058483059156247 18 49.0
9 1.9734444807505669 13 47.0
10 3.99586579022112 3 44.0
11 3.643909346902758 6 44.0
12 1.7206661316957397 14 44.0
13 1.1749687492470047 19 42.0
14 2.757485010118797 10 41.0
15 0.0 20 40.0
16 2.0208173137310035 12 37.0
17 3.35291927388508 9 36.0
18 3.8857854613700917 4 33.0
19 2.1198070416639885 11 33.0
20 1.5120000021682898 17 31.0
1 8.357031003175278 5 100.0
2 10.573731003175672 2 81.0
3 10.030729535054101 3 77.0
4 9.01586036153402 4 75.0
5 6.884409971907911 11 70.0
6 6.654921087452374 13 63.0
7 7.573829261867818 8 54.0
8 0.0 20 49.0
9 5.96564870043155 15 47.0
10 11.643729535054142 1 44.0
11 7.964339635616015 7 44.0
12 4.971148700431591 18 44.0
13 7.318688995195797 10 42.0
14 5.053699999999961 17 41.0
15 6.741979650679882 12 40.0
16 7.440727699291686 9 37.0
17 8.30600026911495 6 36.0
18 6.143275988111776 14 33.0
19 4.556514810683064 19 33.0
20 5.532601755557369 16 31.0
1 9.093595037298783 5 100.0
2 7.972540074597587 10 81.0
3 10.726911091480073 1 77.0
4 9.679092555948168 3 75.0
5 9.698879202983903 2 70.0
6 8.909997518649387 6 63.0
7 8.777530545740113 7 54.0
8 7.068399999999998 14 49.0
9 5.98453759324689 17 47.0
10 6.973499999999997 15 44.0
11 7.141409999999998 13 44.0
12 7.742813258735752 11 44.0
13 9.243531358460968 4 42.0
14 6.010999999999998 16 41.0
15 0.0 20 40.0
16 8.1165 9 37.0
17 4.449182983902645 18 36.0
18 3.993199999999998 19 33.0
19 8.746707314487706 8 33.0
20 7.658845147232068 12 31.0
1 2.5546103788796235 11 100.0
2 3.2991734126746985 6 81.0
3 2.6011907847210645 9 77.0
4 1.6063512447159267 18 75.0
5 6.6309176833888674 1 70.0
6 2.4677635863087004 12 63.0
7 2.2026160986536834 13 54.0
8 2.592844316558078 10 49.0
9 0.14555344168736095 19 47.0
10 1.7913556834419124 16 44.0
11 1.8302848137160386 14 44.0
12 3.9491176833888764 4 44.0
13 5.244737683388869 3 42.0
14 2.6375789031231514 8 41.0
15 5.594117683388868 2 40.0
16 3.5153505530616957 5 37.0
17 1.6724502284062432 17 36.0
18 3.1103168510205728 7 33.0
19 1.8214306591055718 15 33.0
20 0.0 20 31.0
1 3.587773576109292 8 100.0
2 3.917682549954689 5 81.0
3 7.620064135625336 1 77.0
4 5.4052571402341325 3 75.0
5 1.7848659455556304 15 70.0
6 2.4004481149751244 13 63.0
7 2.5418392459907264 12 54.0
8 0.6270417106021831 18 49.0
9 1.2845481149728386 17 47.0
10 6.199982549954252 2 44.0
11 3.3660174756494095 9 44.0
12 2.146710637930217 14 44.0
13 5.269569622995235 4 42.0
14 2.663418114974664 11 41.0
15 1.7681187757669496 16 40.0
16 3.005591131016875 10 37.0
17 0.0 20 36.0
18 0.41006292853932047 19 33.0
19 3.6371433071276544 7 33.0
20 3.8523176333203515 6 31.0
1 4.296468604195877 2 100.0
2 1.9514418184369027 14 81.0
3 3.3223928903841227 5 77.0
4 1.8951051772170464 15 75.0
5 6.013126857596838 1 70.0
6 1.9780418184369055 13 63.0
7 1.4285104580163992 16 54.0
8 1.992659946088225 12 49.0
9 0.8621418184369027 18 47.0
10 3.0725107892884136 6 44.0
11 2.7614192464438156 7 44.0
12 2.0499931339727184 11 44.0
13 0.5586948227829553 19 42.0
14 2.669956328972415 8 41.0
15 1.3129385533468811 17 40.0
16 3.349660935646384 4 37.0
17 2.5985344687498633 9 36.0
18 4.154494822782957 3 33.0
19 2.3065659399970024 10 33.0
20 0.0 20 31.0
1 5.659879379705448 6 100.0
2 6.445578340227208 4 81.0
3 4.746162397442504 9 77.0
4 7.253428340227186 2 75.0
5 4.157756313046142 10 70.0
6 5.415355959856386 7 63.0
7 6.849266906866186 3 54.0
8 0.0 20 49.0
9 2.6335379270893338 17 47.0
10 1.9251679270880317 18 44.0
11 5.780229773588307 5 44.0
12 3.9688283402272075 12 44.0
13 0.922300000000003 19 42.0
14 5.053699999998655 8 41.0
15 3.168274250210499 14 40.0
16 7.2539916008325775 1 37.0
17 4.005965473504225 11 36.0
18 3.629363428078114 13 33.0
19 3.0231740401483336 16 33.0
20 3.1127819197098026 15 31.0
1 2.359616666582693 15 100.0
2 4.969256666418914 8 81.0
3 7.060329999798448 1 77.0
4 2.2232433332291324 16 75.0
5 3.4058566664889383 11 70.0
6 5.609616666489252 4 63.0
7 4.021756666582692 9 54.0
8 1.8385566664710866 18 49.0
9 3.879956666622085 10 47.0
10 5.14889999979845 7 44.0
11 6.291936666469604 2 44.0
12 3.1064399998345062 13 44.0
13 0.0 20 42.0
14 5.191536666475642 6 41.0
15 1.9307326664753768 17 40.0
16 6.291899999857328 3 37.0
17 0.5449366664756443 19 36.0
18 2.781456665917843 14 33.0
19 3.3845999996714227 12 33.0
20 5.441199999834507 5 31.0
1 2.036872688602523 7 100.0
2 4.213752653571836 2 81.0
3 4.838792961341069 1 77.0
4 3.8275929613412765 3 75.0
5 2.200207664205882 5 70.0
6 2.5754076642058816 4 63.0
7 0.45784766420588063 17 54.0
8 1.9761424508942167 8 49.0
9 0.0717041473788389 19 47.0
10 1.3428999999999143 12 44.0
11 2.167452653571566 6 44.0
12 1.5459068685098893 10 44.0
13 0.8725526535718358 15 42.0
14 0.0 20 41.0
15 0.0969123107720502 18 40.0
16 1.1684055736269432 13 37.0
17 0.4826535418486537 16 36.0
18 1.6214095896408212 9 33.0
19 0.8878076642075075 14 33.0
20 1.4077869998743682 11 31.0
1 4.7660581591064 2 100.0
2 3.723144619074959 5 81.0
3 5.04725090095802 1 77.0
4 4.027011710603059 4 75.0
5 1.8534437820999345 13 70.0
6 3.65894495641371 6 63.0
7 4.172254934853344 3 54.0
8 0.2672446190752895 18 49.0
9 2.34922989391733 11 47.0
10 0.0 20 44.0
11 3.2355222576829124 7 44.0
12 1.6964022928006606 14 44.0
13 0.8621959539125772 17 42.0
14 2.316438052545031 12 41.0
15 0.8651936817872816 16 40.0
16 3.0536999212079343 8 37.0
17 0.23307184089366872 19 36.0
18 1.2507298939167355 15 33.0
19 2.806634094079548 9 33.0
20 2.597471486015204 10 31.0
1 5.63100569114626 1 100.0
2 2.9453802231285953 11 81.0
3 3.91494430392172 6 77.0
4 4.638026312056818 3 75.0
5 4.003561898657864 5 70.0
6 3.8186348546601727 7 63.0
7 4.583067059396635 4 54.0
8 2.1964318408775507 14 49.0
9 2.081959240494869 15 47.0
10 3.6633299058420703 8 44.0
11 4.753366320355043 2 44.0
12 0.0 20 44.0
13 1.9761170744308365 16 42.0
14 2.2987583178162745 13 41.0
15 0.6594801826604066 19 40.0
16 3.6016585942173434 9 37.0
17 1.237898607106296 18 36.0
18 2.400945792561177 12 33.0
19 1.9034169572667858 17 33.0
20 3.0228721410778725 10 31.0
1 10.728579999999994 1 100.0
2 4.3758 17 81.0
3 7.845600000000001 8 77.0
4 8.769152195121944 6 75.0
5 6.755099999999998 11 70.0
6 8.28614829268292 7 63.0
7 9.070902926829262 3 54.0
8 0.0 20 49.0
9 7.432773658536573 9 47.0
10 6.257579999999997 12 44.0
11 2.3294999999999986 19 44.0
12 5.747077560975605 14 44.0
13 4.156500000000003 18 42.0
14 9.84002780487804 2 41.0
15 5.452422926829262 15 40.0
16 5.80618292682926 13 37.0
17 7.340402926829261 10 36.0
18 8.976772195121944 4 33.0
19 8.959551219512191 5 33.0
20 5.228017560975603 16 31.0
1 0.35810999987228875 19 100.0
2 6.029172321733047 2 81.0
3 4.047932089135123 9 77.0
4 11.541742818612683 1 75.0
5 5.094434321687847 4 70.0
6 3.7974496295694435 10 63.0
7 3.580554413246084 12 54.0
8 0.0 20 49.0
9 4.939872321573521 5 47.0
10 4.47871841682099 7 44.0
11 3.4298407910201827 13 44.0
12 5.26236643787062 3 44.0
13 3.0561592082733644 15 42.0
14 1.9392428186126869 17 41.0
15 4.765942818599133 6 40.0
16 1.6028592083153668 18 37.0
17 2.515599999872289 16 36.0
18 3.330092084046914 14 33.0
19 3.7485612240270867 11 33.0
20 4.092755250424062 8 31.0
1 3.6771933109954134 3 100.0
2 4.404528324532593 2 81.0
3 3.281944230204915 5 77.0
4 3.0658439242970994 6 75.0
5 0.9920193855187627 14 70.0
6 2.4616546147302576 7 63.0
7 2.1568548444758555 10 54.0
8 1.3919466890031034 12 49.0
9 0.9105200000003393 15 47.0
10 0.328405764646317 17 44.0
11 2.137941653729336 11 44.0
12 0.16745165372937643 19 44.0
13 0.2456909212537326 18 42.0
14 2.244839077255425 8 41.0
15 1.050050302365939 13 40.0
16 6.234778031412408 1 37.0
17 0.0 20 36.0
18 2.189575760460152 9 33.0
19 3.3274780314121237 4 33.0
20 0.736941653729599 16 31.0
1 5.906633873943107 1 100.0
2 2.4966083094878644 17 81.0
3 3.5384443406069064 5 77.0
4 3.0141183205637705 10 75.0
5 2.5872491547437906 16 70.0
6 2.765925837146073 14 63.0
7 2.857945505619087 12 54.0
8 3.3051401371436784 7 49.0
9 1.4094892019499152 19 47.0
10 3.89928492311078 4 44.0
11 3.317745008108402 6 44.0
12 3.293903479655487 8 44.0
13 2.650668309488257 15 42.0
14 2.9822362600481958 11 41.0
15 3.1957565856362424 9 40.0
16 4.353240137143218 2 37.0
17 0.0 20 36.0
18 2.773668919401701 13 33.0
19 1.6082443406032167 18 33.0
20 4.3259222804592925 3 31.0
1 2.9721345414957003 8 100.0
2 3.286478263785839 6 81.0
3 4.365668760780965 2 77.0
4 3.2802826842898734 7 75.0
5 3.9317784649879464 3 70.0
6 5.258981325621859 1 63.0
7 2.411276992274152 9 54.0
8 0.8064350347490681 18 49.0
9 0.9120983910397022 17 47.0
10 2.3255973051637073 11 44.0
11 2.3924999999999907 10 44.0
12 1.438203908620641 15 44.0
13 3.5379638904627435 4 42.0
14 1.2920999999999927 16 41.0
15 0.0 20 40.0
16 1.8780430513870001 14 37.0
17 0.6678658880174408 19 36.0
18 1.9956737554317807 12 33.0
19 3.3466528176683195 5 33.0
20 1.9400826842898704 13 31.0
1 3.5190413498957676 12 100.0
2 4.594449578020631 8 81.0
3 6.007694430129542 2 77.0
4 1.495524050170554 16 75.0
5 2.8986941769563725 15 70.0
6 3.312534598310016 13 63.0
7 5.3651443035512845 3 54.0
8 4.9438945145420945 6 49.0
9 0.7580827002365242 19 47.0
10 5.1869244723365355 4 44.0
11 3.8482745146665396 10 44.0
12 5.073294430064994 5 44.0
13 3.8121944301477186 11 42.0
14 3.166934177030909 14 41.0
15 8.189244303549826 1 40.0
16 4.79772455660648 7 37.0
17 4.291119577774075 9 36.0
18 1.402429577966616 17 33.0
19 0.9625793248254468 18 33.0
20 0.0 20 31.0
1 6.994249517514261 4 100.0
2 8.180264646892665 2 81.0
3 6.377088874011254 6 77.0
4 5.8287508491525495 10 75.0
5 8.549575157062147 1 70.0
6 5.967246893785262 8 63.0
7 0.0 20 54.0
8 5.8515473372880855 9 49.0
9 3.3771589214689315 16 47.0
10 8.052055157062144 3 44.0
11 5.015542834463284 12 44.0
12 6.744155157062158 5 44.0
13 4.698462976836153 13 42.0
14 4.571785186440688 15 41.0
15 2.824099999999973 18 40.0
16 5.804532242372883 11 37.0
17 0.992450949152536 19 36.0
18 6.0354828242937755 7 33.0
19 4.6952804824858125 14 33.0
20 3.174047337288139 17 31.0
1 2.6226837304167137 7 100.0
2 2.2227308885677006 9 81.0
3 4.632889039655714 2 77.0
4 5.407533497473081 1 75.0
5 2.8252328119256482 6 70.0
6 1.8196918823864192 12 63.0
7 1.0280927846136976 18 54.0
8 0.0 20 49.0
9 1.1697721596036719 17 47.0
10 1.7207443656080728 13 44.0
11 2.1179957207924667 10 44.0
12 0.7493093542794682 19 44.0
13 1.4069657227727683 15 42.0
14 4.016827385569945 4 41.0
15 1.1765953587479703 16 40.0
16 2.3470192302227963 8 37.0
17 1.6197156287599164 14 36.0
18 3.6687594846722567 5 33.0
19 2.061900258408119 11 33.0
20 4.067333458071323 3 31.0
1 3.893051243872204 2 100.0
2 2.497903336128691 8 81.0
3 3.7858266508119387 3 77.0
4 1.6374305919610737 13 75.0
5 3.482821183984532 4 70.0
6 3.212737726198686 5 63.0
7 2.346070591961069 10 54.0
8 1.134213357574155 15 49.0
9 2.050192087134921 11 47.0
10 1.2740366820517977 14 44.0
11 2.735524791227869 7 44.0
12 0.5050033361286812 18 44.0
13 0.5960594115278888 17 42.0
14 5.922216906499857 1 41.0
15 0.0 20 40.0
16 0.3537599999999217 19 37.0
17 2.032223139655684 12 36.0
18 2.46171690649985 9 33.0
19 2.9579157171570234 6 33.0
20 0.6672899400499595 16 31.0
1 3.341498922261437 3 100.0
2 3.9461350364490944 1 81.0
3 2.5021422954306667 6 77.0
4 2.7270921284630827 5 75.0
5 3.4660069405722815 2 70.0
6 1.4682996179016243 11 63.0
7 0.0 20 54.0
8 1.3347358720464133 14 49.0
9 1.1211989371469295 15 47.0
10 1.5774209452561003 10 44.0
11 1.7175226715460679 9 44.0
12 1.0443307329532652 16 44.0
13 0.04123194727191448 19 42.0
14 2.1180645504416944 8 41.0
15 0.7412423399844528 18 40.0
16 2.1462996117125397 7 37.0
17 0.8313815903656027 17 36.0
18 2.9760916094606604 4 33.0
19 1.4384933840973493 12 33.0
20 1.4223983520323757 13 31.0
1 6.162314983784263 5 100.0
2 7.45419652812008 1 81.0
3 6.70099096291915 3 77.0
4 7.106958282424722 2 75.0
5 5.919471327545453 6 70.0
6 6.436187301230309 4 63.0
7 3.710379833074912 18 54.0
8 5.403672894940078 9 49.0
9 4.347256991607544 15 47.0
10 4.749728074161941 12 44.0
11 5.747000000000145 7 44.0
12 5.057814293856478 11 44.0
13 4.416275397717355 14 42.0
14 4.061467398991933 17 41.0
15 5.0592033267216685 10 40.0
16 4.6177411887204975 13 37.0
17 0.0 20 36.0
18 0.49444118872069254 19 33.0
19 5.42927562687481 8 33.0
20 4.161171612874924 16 31.0
1 6.672102153251199 3 100.0
2 5.582989050318362 7 81.0
3 7.413438812145348 1 77.0
4 6.023651707213257 4 75.0
5 4.509651707212358 10 70.0
6 4.381290546399817 11 63.0
7 7.037568773113124 2 54.0
8 0.0 20 49.0
9 3.9323223587185203 13 47.0
10 3.596974192416009 14 44.0
11 5.6544802859301395 5 44.0
12 2.8890093271660433 16 44.0
13 1.6279093271663991 19 42.0
14 3.9773287340809054 12 41.0
15 2.3233378540960175 18 40.0
16 4.814725853606141 9 37.0
17 2.5155999999995284 17 36.0
18 5.606070996571056 6 33.0
19 5.339081096830368 8 33.0
20 3.5781365664924194 15 31.0
1 2.663565120115975 10 100.0
2 2.178989128617235 14 81.0
3 3.193653534225363 4 77.0
4 3.576929644170586 1 75.0
5 3.3888572282475353 2 70.0
6 3.3694835342249805 3 63.0
7 2.4685175372399435 11 54.0
8 3.1765194870140223 5 49.0
9 2.4173595774013337 12 47.0
10 2.6947911380263965 8 44.0
11 3.0179598136013945 6 44.0
12 2.7901355561418364 7 44.0
13 0.0 20 42.0
14 1.2198644836586092 18 41.0
15 0.5332197359852096 19 40.0
16 1.9198669358168716 15 37.0
17 1.6743560630599421 17 36.0
18 2.680155143543614 9 33.0
19 2.269776729789249 13 33.0
20 1.7449044836579444 16 31.0
1 7.721211300206795 1 100.0
2 5.322961268167649 3 81.0
3 4.34506476582296 6 77.0
4 6.258981087000835 2 75.0
5 4.939411300206804 5 70.0
6 3.8164667892406667 9 63.0
7 1.5129440054757812 19 54.0
8 1.7388914493344545 18 49.0
9 2.805810130341075 12 47.0
10 3.964218912999126 7 44.0
11 3.924749915241901 8 44.0
12 2.6841281983805594 15 44.0
13 3.7673448463577053 10 42.0
14 2.1450000500975612 17 41.0
15 0.0 20 40.0
16 2.802463164593821 13 37.0
17 3.653570266361796 11 36.0
18 2.685522278274538 14 33.0
19 5.013645198351435 4 33.0
20 2.607575334372223 16 31.0
1 3.3163387576991155 3 100.0
2 1.4575688332295202 12 81.0
3 4.098694594171585 1 77.0
4 4.034905002990476 2 75.0
5 3.231885750015978 4 70.0
6 2.147297305014778 7 63.0
7 1.876516675935354 9 54.0
8 0.0404342042010446 19 49.0
9 0.22846478906593748 18 47.0
10 0.5288535186383492 16 44.0
11 1.3101575481493468 14 44.0
12 2.73997117626737 5 44.0
13 1.999118703122714 8 42.0
14 1.3246860441741906 13 41.0
15 1.7216124032549764 10 40.0
16 1.6171848043853132 11 37.0
17 1.1056111759339806 15 36.0
18 0.0 20 33.0
19 2.5684712016275144 6 33.0
20 0.30489459417174647 17 31.0
1 3.9106354749673344 2 100.0
2 2.385518078322912 10 81.0
3 3.684031917532641 3 77.0
4 3.609296200351857 4 75.0
5 4.15415842823521 1 70.0
6 2.4613043309927427 9 63.0
7 1.7462735019279798 16 54.0
8 0.0 20 49.0
9 1.890187175924783 15 47.0
10 1.2175760582933224 17 44.0
11 2.6587352189646087 7 44.0
12 1.8974124206085143 14 44.0
13 3.5792625098420072 5 42.0
14 2.875469939707717 6 41.0
15 2.4738693508579432 8 40.0
16 2.13095548185212 12 37.0
17 0.6230071536191353 18 36.0
18 0.5444979402553038 19 33.0
19 1.9446326732798438 13 33.0
20 2.2690962001430943 11 31.0
1 10.66576374996414 1 100.0
2 4.241462499810871 8 81.0
3 3.9198387500064884 9 77.0
4 7.842464999995324 2 75.0
5 6.620762499976905 4 70.0
6 4.881822500015145 6 63.0
7 0.002600000000000602 19 54.0
8 2.8806649999953233 13 49.0
9 6.903133749964139 3 47.0
10 6.194763750093296 5 44.0
11 2.1951625000235193 17 44.0
12 4.557864999922819 7 44.0
13 2.4773200000000015 16 42.0
14 0.0 20 41.0
15 2.8266999998966655 15 40.0
16 2.851461250041549 14 37.0
17 3.1967374999715847 12 36.0
18 0.3007625000151428 18 33.0
19 3.326747499986346 11 33.0
20 3.7098062500008115 10 31.0
1 4.470999999999999 6 100.0
2 4.457802074684893 7 81.0
3 6.499339800240945 1 77.0
4 4.848677327903733 4 75.0
5 3.83780343459855 9 70.0
6 3.163047256651277 13 63.0
7 0.6350498407485241 19 54.0
8 2.335488043823518 16 49.0
9 3.326659962674494 11 47.0
10 0.0 20 44.0
11 5.1232128156208185 2 44.0
12 5.028423216076774 3 44.0
13 3.503411637673545 10 42.0
14 4.48103758741814 5 41.0
15 1.9754769725181711 17 40.0
16 4.021681467550467 8 37.0
17 1.208386469479065 18 36.0
18 2.6352232160767715 15 33.0
19 2.8351441866952896 14 33.0
20 3.2257044854009846 12 31.0
1 5.891021747510945 2 100.0
2 5.123487386584867 6 81.0
3 5.513927814994551 4 77.0
4 6.539513701023846 1 75.0
5 3.1092217475109645 17 70.0
6 5.644429793998148 3 63.0
7 4.598770346646229 9 54.0
8 1.1580563325051227 19 49.0
9 4.047758050449834 14 47.0
10 3.393394025224916 16 44.0
11 4.768997443589034 7 44.0
12 4.6198104433433 8 44.0
13 4.5322197770042925 10 42.0
14 4.364390443343298 12 41.0
15 0.0 20 40.0
16 5.399364594304741 5 37.0
17 4.461827814994532 11 36.0
18 2.796973642269964 18 33.0
19 3.456401355245414 15 33.0
20 4.146515835991026 13 31.0
1 7.211679969363665 1 100.0
2 4.176121244511323 4 81.0
3 2.552851804305918 11 77.0
4 2.502988464955439 13 75.0
5 4.657437015162127 2 70.0
6 2.5427455085400226 12 63.0
7 1.5260423531596399 16 54.0
8 0.21747403034211343 19 49.0
9 3.6785290962670185 6 47.0
10 3.561866947940964 7 44.0
11 0.60594423244439 18 44.0
12 1.9775442324565848 15 44.0
13 0.0 20 42.0
14 3.8347923531681967 5 41.0
15 4.350142353160012 3 40.0
16 2.3681606069369168 14 37.0
17 3.4229623531580406 8 36.0
18 2.888437015156991 10 33.0
19 1.0814169867297987 17 33.0
20 3.1519799693819466 9 31.0
1 2.9188267705019837 3 100.0
2 2.0832595590469634 6 81.0
3 3.6296191220668446 1 77.0
4 3.0996984932853966 2 75.0
5 2.3569124353652544 4 70.0
6 2.2282347387844235 5 63.0
7 1.3923506279992959 11 54.0
8 1.5252010607383029 10 49.0
9 0.16919625724306675 18 47.0
10 0.6500856270969926 16 44.0
11 1.8259500457531168 7 44.0
12 0.0 20 44.0
13 1.6306476849216343 8 42.0
14 1.192946492712853 14 41.0
15 0.29274436100842927 17 40.0
16 1.3327760658645336 13 37.0
17 0.1551805451918442 19 36.0
18 1.6160900430931087 9 33.0
19 1.3365002533456876 12 33.0
20 0.6850391572835284 15 31.0
1 6.3608911702237325 2 100.0
2 5.9391440761851095 4 81.0
3 5.06386182895373 7 77.0
4 7.008605136771102 1 75.0
5 5.7666413595056785 5 70.0
6 6.219496035948859 3 63.0
7 2.8807731095476288 14 54.0
8 0.0020251669380053627 19 49.0
9 2.871200688187323 15 47.0
10 2.57661182895373 16 44.0
11 2.460123443423623 17 44.0
12 4.261086358922697 10 44.0
13 4.029926890452395 12 42.0
14 4.776444076185111 8 41.0
15 3.9925570254037956 13 40.0
16 4.133392969720063 11 37.0
17 0.0 20 36.0
18 2.011482065805462 18 33.0
19 4.282965181445322 9 33.0
20 5.45548108108743 6 31.0
1 6.467468691679739 2 100.0
2 5.024329746375683 4 81.0
3 4.303822953638222 6 77.0
4 6.483047302191615 1 75.0
5 3.359691801920638 8 70.0
6 3.3325255874979636 9 63.0
7 2.9401273021916157 10 54.0
8 2.198450745403664 11 49.0
9 1.4072309558237432 16 47.0
10 1.7658442066254996 14 44.0
11 4.6393382832098125 5 44.0
12 0.0 20 44.0
13 0.7929293424967288 19 42.0
14 2.1188432887655733 12 41.0
15 2.0926775701617726 13 40.0
16 3.6669473021916152 7 37.0
17 1.198233148402029 17 36.0
18 6.400701188011044 3 33.0
19 1.42163704636178 15 33.0
20 1.0683255400851621 18 31.0
1 5.319998448049274 3 100.0
2 5.118637787661288 5 81.0
3 5.286446853484757 4 77.0
4 5.370299004266682 2 75.0
5 4.483405026665777 7 70.0
6 3.936411049064803 9 63.0
7 4.027078791255428 8 54.0
8 3.8240303341417556 10 49.0
9 2.9471381886121626 14 47.0
10 1.342900000000013 19 44.0
11 3.76103192030991 11 44.0
12 2.7330616640168 16 44.0
13 4.716228910685254 6 42.0
14 0.0 20 41.0
15 2.5574075988140916 17 40.0
16 3.596486857512098 13 37.0
17 2.090722641794309 18 36.0
18 3.599928120528655 12 33.0
19 5.392024448049251 1 33.0
20 2.846758151268772 15 31.0
1 8.326825754252244 3 100.0
2 6.405897075796233 8 81.0
3 5.859225754252882 13 77.0
4 6.775800000040556 7 75.0
5 8.944380603851068 2 70.0
6 9.258657361486135 1 63.0
7 7.23978254603703 6 54.0
8 3.3449810372748026 18 49.0
9 4.642597594546032 17 47.0
10 8.138645467409505 4 44.0
11 6.12561898266963 11 44.0
12 6.271795754270383 10 44.0
13 5.010695754249695 15 42.0
14 7.59721325232786 5 41.0
15 0.0 20 40.0
16 5.090795754249152 14 37.0
17 5.8787689624036465 12 36.0
18 2.6889951891049395 19 33.0
19 4.851690896937768 16 33.0
20 6.331457361530188 9 31.0
1 2.3292575243754206 10 100.0
2 2.5674303452599454 5 81.0
3 1.2540557342415148 17 77.0
4 3.2829804943889895 2 75.0
5 4.636767684932673 1 70.0
6 2.1728993330891773 12 63.0
7 1.4937205258850512 16 54.0
8 2.8048607065101567 3 49.0
9 1.5770676849326726 14 47.0
10 0.0 20 44.0
11 1.611074775653272 13 44.0
12 2.5392891375292512 7 44.0
13 2.301893303845306 11 42.0
14 2.5671872364122397 6 41.0
15 2.456476887135262 9 40.0
16 2.777172475797603 4 37.0
17 1.5292968871352621 15 36.0
18 1.0022019970268767 18 33.0
19 2.4755150623879847 8 33.0
20 0.6433232273198493 19 31.0
1 6.893053345648757 5 100.0
2 6.307133333331954 7 81.0
3 9.976259131639562 1 77.0
4 8.965059131641267 3 75.0
5 7.451059131633675 4 70.0
6 5.67407845727422 8 63.0
7 9.41472913163993 2 54.0
8 2.5045399630482126 16 49.0
9 4.945293339493024 12 47.0
10 2.3300533086992967 17 44.0
11 3.457599999999995 15 44.0
12 1.7989066543494348 19 44.0
13 4.356991057736325 13 42.0
14 6.708893339491899 6 41.0
15 5.633932914550028 10 40.0
16 5.207366697464935 11 37.0
17 3.8340947621253605 14 36.0
18 5.648742152428095 9 33.0
19 0.0 20 33.0
20 2.0566000000010254 18 31.0
1 4.490085586714562 8 100.0
2 4.101642151967685 9 81.0
3 1.4250000000000025 19 77.0
4 4.560970338469691 7 75.0
5 5.2778000339969555 3 70.0
6 5.583840186233324 2 63.0
7 3.704253928218003 12 54.0
8 0.0 20 49.0
9 3.041771462413948 15 47.0
10 3.2879642714382586 13 44.0
11 3.717151959311132 11 44.0
12 3.170046050801801 14 44.0
13 4.994670033996956 4 42.0
14 4.599508131640909 6 41.0
15 4.871486015799484 5 40.0
16 3.8075992141179906 10 37.0
17 2.969791868359095 16 36.0
18 7.28447804739845 1 33.0
19 2.407712841521419 18 33.0
20 2.550919952749143 17 31.0
1 7.154738333334194 7 100.0
2 7.68942115942136 3 81.0
3 7.668826304350468 4 77.0
4 7.648282318839685 5 75.0
5 1.5905599999999231 17 70.0
6 7.063094347823704 8 63.0
7 1.865170000000318 16 54.0
8 5.500207971012769 10 49.0
9 4.885863550724271 12 47.0
10 1.307900000000005 18 44.0
11 5.317526304347292 11 44.0
12 0.0 20 44.0
13 4.682269999998832 13 42.0
14 7.32606434782675 6 41.0
15 2.609863550724271 15 40.0
16 9.431564347825956 1 37.0
17 6.384851376810589 9 36.0
18 7.986876449276693 2 33.0
19 0.2781600000000255 19 33.0
20 3.859863550726473 14 31.0
1 2.866732593828692 10 100.0
2 3.093385326227322 7 81.0
3 2.903472299018948 9 77.0
4 4.194517379220995 2 75.0
5 2.810597294556279 11 70.0
6 3.8685536923586685 3 63.0
7 3.018113896803777 8 54.0
8 1.2742433803915103 16 49.0
9 0.6488222211183376 18 47.0
10 3.4375514629931003 5 44.0
11 2.7974579567387097 12 44.0
12 1.9690722990196248 14 44.0
13 0.7079722990197479 17 42.0
14 6.277980624914352 1 41.0
15 0.0 20 40.0
16 3.7449338968034196 4 37.0
17 1.3335279283969914 15 36.0
18 2.181843870610169 13 33.0
19 3.133837956738803 6 33.0
20 0.4930792497280816 19 31.0
1 4.118685133027745 14 100.0
2 4.966519763019183 6 81.0
3 6.002590401323139 3 77.0
4 6.692614582042465 1 75.0
5 4.433599999999995 11 70.0
6 4.662888354892725 8 63.0
7 3.318510136983706 15 54.0
8 4.577590401323133 9 49.0
9 4.559043746127377 10 47.0
10 3.1119841774465105 17 44.0
11 4.8516291640849225 7 44.0
12 1.8308812405110633 18 44.0
13 3.194392277214737 16 42.0
14 6.55629123882701 2 41.0
15 4.357056923030555 12 40.0
16 0.0 20 37.0
17 5.3749602004391255 4 36.0
18 4.205558328169852 13 33.0
19 5.159938961167355 5 33.0
20 1.5237547977020478 19 31.0
1 3.938856251815059 4 100.0
2 2.718804014680138 6 81.0
3 2.1587199304729525 11 77.0
4 2.3880285850944016 8 75.0
5 4.118447174544402 3 70.0
6 2.8565562518150394 5 63.0
7 0.3566812758510507 18 54.0
8 0.0 20 49.0
9 1.9760868054524752 12 47.0
10 5.635061616228627 1 44.0
11 0.12742764526559247 19 44.0
12 2.4096058136795597 7 44.0
13 1.15611698999853 17 42.0
14 4.2921616162288565 2 41.0
15 1.3951962518155292 15 40.0
16 1.7489562518149495 14 37.0
17 2.303826263590978 10 36.0
18 2.349447174545246 9 33.0
19 1.3108949456366248 16 33.0
20 1.846512418454775 13 31.0
1 5.642565931370939 1 100.0
2 3.3540836505348084 8 81.0
3 4.370402545902808 5 77.0
4 5.130656930031208 2 75.0
5 4.630546555533625 4 70.0
6 4.7801871086457695 3 63.0
7 2.631173665442251 13 54.0
8 0.0 20 49.0
9 1.519280674485526 17 47.0
10 1.3969576686213747 18 44.0
11 2.2002866265840337 14 44.0
12 3.241252224500883 9 44.0
13 1.8083023313786932 16 42.0
14 2.191383650534828 15 41.0
15 3.4747951371867454 7 40.0
16 2.658927233478302 12 37.0
17 3.7332605342788594 6 36.0
18 2.8615465555336015 11 33.0
19 3.092587108645769 10 33.0
20 0.9987307043003781 19 31.0
1 6.547663500495165 1 100.0
2 4.829327933380843 5 81.0
3 4.758887236721873 6 77.0
4 5.535397754328652 3 75.0
5 3.6575969361224905 11 70.0
6 3.0655704925359153 14 63.0
7 3.701576121660433 10 54.0
8 0.0 20 49.0
9 4.091773079110425 8 47.0
10 0.5146022707424214 19 44.0
11 6.269135889103499 2 44.0
12 4.208063500495666 7 44.0
13 5.154142250495552 4 42.0
14 2.621287236722825 17 41.0
15 3.8766358891029924 9 40.0
16 3.3639528754950954 12 37.0
17 2.9494558891035 15 36.0
18 1.2286215043286304 18 33.0
19 2.926614541485523 16 33.0
20 3.0657730791113296 13 31.0
1 1.6973572042121903 15 100.0
2 3.6365344064997447 6 81.0
3 3.136332795814474 9 77.0
4 3.1815572048091 8 75.0
5 2.5693537892018243 10 70.0
6 6.1678827956816455 1 63.0
7 0.5401572043238461 19 54.0
8 0.0 20 49.0
9 5.051982795711556 3 47.0
10 5.41842042905672 2 44.0
11 3.7530887894477507 5 44.0
12 2.28607559333481 12 44.0
13 1.8477571485568831 14 42.0
14 0.5874880091411323 18 41.0
15 1.971020436796218 13 40.0
16 2.367902795036801 11 37.0
17 4.14146279570451 4 36.0
18 0.8003537905102702 16 33.0
19 0.723430000051162 17 33.0
20 3.24068279584008 7 31.0
1 5.33072629013616 3 100.0
2 6.9028239168917676 1 81.0
3 3.246351703859479 12 77.0
4 5.875346309302907 2 75.0
5 3.544882390328989 10 70.0
6 3.9931373408589663 7 63.0
7 3.9426471365445845 8 54.0
8 2.58639933885859 15 49.0
9 1.033280754244188 18 47.0
10 2.4292252391742366 16 44.0
11 4.3450952777469425 6 44.0
12 4.590762729168724 5 44.0
13 0.0 20 42.0
14 1.2131252391745564 17 41.0
15 3.091665239174514 14 40.0
16 3.4454252391745657 11 37.0
17 0.12276075424422084 19 36.0
18 3.689474760825517 9 33.0
19 3.175322531544819 13 33.0
20 5.2319225315448685 4 31.0
1 2.2732756250000166 12 100.0
2 4.636701562500046 2 81.0
3 0.5767228125000039 18 77.0
4 3.757475624999987 7 75.0
5 3.989534062499941 5 70.0
6 4.173026874999978 4 63.0
7 1.863759687500031 14 54.0
8 1.9151656249999869 13 49.0
9 3.793615625000003 6 47.0
10 1.5392568749999769 16 44.0
11 2.5904015624997845 10 44.0
12 4.896608437500002 1 44.0
13 2.988180625000053 8 42.0
14 4.449481250000014 3 41.0
15 0.006194375000073027 19 40.0
16 0.0 20 37.0
17 1.7488340625000112 15 36.0
18 2.6951156249999526 9 33.0
19 2.485426875000068 11 33.0
20 1.0644871874999657 17 31.0
1 4.661876420765223 4 100.0
2 4.458499999999957 6 81.0
3 6.2578084782298085 2 77.0
4 7.467692024546016 1 75.0
5 4.5030638243777155 5 70.0
6 5.41025611296057 3 63.0
7 1.1338921925789944 19 54.0
8 1.5102676800865504 17 49.0
9 2.868859968669115 15 47.0
10 4.302241217564321 8 44.0
11 3.9065084782297306 10 44.0
12 4.3696657300570925 7 44.0
13 3.8871085175522175 11 42.0
14 3.317659581267046 12 41.0
15 2.8980514824479413 14 40.0
16 2.9371143239778434 13 37.0
17 3.9382164207651598 9 36.0
18 0.0 20 33.0
19 2.7940000000000054 16 33.0
20 1.2202167050716946 18 31.0
1 3.6355045263096164 13 100.0
2 7.481626421059065 4 81.0
3 6.382689421052788 6 77.0
4 4.9365424210540105 11 75.0
5 2.975007473688033 14 70.0
6 2.9517060000059967 15 63.0
7 9.03894442105379 2 54.0
8 5.723495421054098 9 49.0
9 6.642275421053098 5 47.0
10 8.8281244210542 3 44.0
11 1.4010000000078113 19 44.0
12 2.84737252630911 16 44.0
13 3.982891157893465 12 42.0
14 6.318926421052982 7 41.0
15 5.380724421052302 10 40.0
16 5.762626421047562 8 37.0
17 1.8563264210779375 17 36.0
18 12.419224421053793 1 33.0
19 1.662607473670672 18 33.0
20 0.0 20 31.0
1 14.873381332673993 1 100.0
2 1.0893000000724076 18 81.0
3 0.4253099999946297 19 77.0
4 11.974481336156524 7 75.0
5 12.091581336926764 6 70.0
6 12.46678133615605 4 63.0
7 2.158000000021314 17 54.0
8 10.494252003712244 13 49.0
9 0.0 20 47.0
10 3.3715999998184163 16 44.0
11 10.456899333101894 14 44.0
12 11.828499334708034 8 44.0
13 11.58753399847349 9 42.0
14 13.795587330999439 2 41.0
15 11.02492866554705 11 40.0
16 11.085999996723627 10 37.0
17 13.383757333774756 3 36.0
18 6.962700000793676 15 33.0
19 10.779181318054933 12 33.0
20 12.397280675870697 5 31.0
1 0.7172663556585892 14 100.0
2 1.992002427471601 8 81.0
3 4.233081187320854 2 77.0
4 3.475418147385135 5 75.0
5 1.9614181473851828 9 70.0
6 3.969305621418092 3 63.0
7 1.308977059454853 13 54.0
8 2.887209487822166 7 49.0
9 1.3320429405436722 12 47.0
10 2.9528733542260373 6 44.0
11 0.5746939362461849 17 44.0
12 0.6392066851716702 15 44.0
13 0.4076363556588545 18 42.0
14 4.645080543964804 1 41.0
15 1.6743017550142674 10 40.0
16 0.004544931948243791 19 37.0
17 0.0 20 36.0
18 0.6038917075572472 16 33.0
19 3.525030543964803 4 33.0
20 1.472139407234822 11 31.0
1 3.555396287880466 8 100.0
2 4.119274318180574 6 81.0
3 6.91902435606054 1 77.0
4 3.618243712121374 7 75.0
5 1.2727583143933665 18 70.0
6 4.518454356060196 5 63.0
7 1.4130028409099749 17 54.0
8 3.1128067045453474 10 49.0
9 1.4883371590911518 16 47.0
10 6.0979067045453474 2 44.0
11 1.9870714772722002 14 44.0
12 4.790006704545714 3 44.0
13 0.0 20 42.0
14 4.781424356060625 4 41.0
15 0.8694858143933661 19 40.0
16 2.4830385984846806 12 37.0
17 2.831736287878453 11 36.0
18 2.3968067045442054 13 33.0
19 3.384599999999634 9 33.0
20 1.934470113637774 15 31.0
1 3.432591839350471 5 100.0
2 1.7319388397582656 15 81.0
3 4.576838847504227 2 77.0
4 4.181144560540924 3 75.0
5 4.593671013847903 1 70.0
6 3.085939118106615 7 63.0
7 0.0 20 54.0
8 3.026371013830284 8 49.0
9 1.7406633154227953 14 47.0
10 1.2651842399262607 18 44.0
11 2.637384240042924 12 44.0
12 0.7558399999964458 19 44.0
13 1.885998839761625 13 42.0
14 3.6491332038299573 4 41.0
15 2.9822327423138533 9 40.0
16 1.499788417903635 16 37.0
17 3.237303203858587 6 36.0
18 1.2823768096595962 17 33.0
19 2.93122937942349 10 33.0
20 2.705278721886758 11 31.0
1 5.035319280011557 1 100.0
2 4.696751672573523 2 81.0
3 3.294126426138779 9 77.0
4 4.09431862511407 4 75.0
5 3.881662494547073 5 70.0
6 3.427279465946179 8 63.0
7 3.7069655729653146 6 54.0
8 2.142456767092978 13 49.0
9 2.27536131765976 12 47.0
10 4.314510604729174 3 44.0
11 1.5057171849818667 17 44.0
12 2.5484474886179114 10 44.0
13 1.5594797799931777 16 42.0
14 3.4294906390826254 7 41.0
15 1.0244056618747361 19 40.0
16 2.348479962156964 11 37.0
17 0.0 20 36.0
18 1.8338999998629009 15 33.0
19 2.0845077435149575 14 33.0
20 1.294439469979988 18 31.0
1 4.577020934747058 1 100.0
2 3.4523272779861967 5 81.0
3 3.4222539814467368 6 77.0
4 4.4170713259812775 2 75.0
5 4.218410911750804 4 70.0
6 2.8648709433226487 8 63.0
7 3.04418004049878 7 54.0
8 2.4485168012442156 10 49.0
9 1.614919475808851 14 47.0
10 1.7321500242100698 13 44.0
11 2.059833965790727 11 44.0
12 1.5352620832433266 17 44.0
13 4.4004541745117685 3 42.0
14 1.5148209367472778 18 41.0
15 0.0 20 40.0
16 2.499629563911322 9 37.0
17 0.9620857859049055 19 36.0
18 1.56279692043953 16 33.0
19 1.5628835786965602 15 33.0
20 1.9240041869950744 12 31.0
1 12.346383636363626 1 100.0
2 7.762596363636312 9 81.0
3 9.878783636363439 4 77.0
4 6.775799999999662 11 75.0
5 10.516757272727144 3 70.0
6 9.698635454545535 5 63.0
7 4.387600000000042 16 54.0
8 6.086622727272658 13 49.0
9 2.229599999999782 19 47.0
10 5.948730000000003 14 44.0
11 2.9846099999998525 18 44.0
12 4.787461818181763 15 44.0
13 7.560678181818072 10 42.0
14 11.49630090909083 2 41.0
15 0.0 20 40.0
16 3.959700000000233 17 37.0
17 9.01541545454535 6 36.0
18 8.39177909090905 7 33.0
19 6.454074545454471 12 33.0
20 8.286683636363552 8 31.0
1 3.7052612860871825 9 100.0
2 2.993628663252976 12 81.0
3 5.902583059336523 2 77.0
4 6.936371242034482 1 75.0
5 2.587159375853951 13 70.0
6 3.8517292198297497 8 63.0
7 1.831034836076231 18 54.0
8 3.648875427087167 10 49.0
9 2.3014053832745023 14 47.0
10 4.646025057807215 7 44.0
11 4.857050099118304 5 44.0
12 3.145092384950658 11 44.0
13 2.12312505780721 16 42.0
14 4.71140244565783 6 41.0
15 2.179312249877574 15 40.0
16 5.746277182300556 3 37.0
17 1.0161790553204297 19 36.0
18 5.405161979650455 4 33.0
19 0.0 20 33.0
20 2.0566 17 31.0
1 4.059699999998986 9 100.0
2 2.646409330382175 15 81.0
3 6.007644492418052 3 77.0
4 4.280354761322822 7 75.0
5 4.258803985002043 8 70.0
6 4.023913910012438 11 63.0
7 2.329448684550199 17 54.0
8 2.6620584896448696 14 49.0
9 1.1991039850017775 19 47.0
10 6.384760215057873 1 44.0
11 6.172246620197095 2 44.0
12 3.056190436391292 13 44.0
13 4.674605537642129 5 42.0
14 2.610082825807077 16 41.0
15 4.045454449803012 10 40.0
16 4.371036380363339 6 37.0
17 1.6059347507511945 18 36.0
18 5.962386620197459 4 33.0
19 3.1864743678767926 12 33.0
20 0.0 20 31.0
1 5.4498208573191675 4 100.0
2 5.921220205015315 1 81.0
3 4.7198502265154865 7 77.0
4 4.5845704013073325 8 75.0
5 5.817520210337744 2 70.0
6 4.2832115656139464 10 63.0
7 4.883356524738748 6 54.0
8 1.9252196446819418 18 49.0
9 3.2593417146371575 15 47.0
10 4.575676857318988 9 44.0
11 4.27963388529316 11 44.0
12 3.527860146683019 14 44.0
13 5.142250273992913 5 42.0
14 2.880742055905748 16 41.0
15 0.0 20 40.0
16 2.664440585028169 17 37.0
17 1.85897040130192 19 36.0
18 3.9633791426787717 12 33.0
19 5.521846857318948 3 33.0
20 3.636510337646819 13 31.0
1 4.26589177406155 3 100.0
2 5.32144310542691 1 81.0
3 4.233882097065026 4 77.0
4 3.4858818396458293 8 75.0
5 3.2443170995244532 10 70.0
6 3.619462677487955 6 63.0
7 2.4839378848991127 13 54.0
8 0.0 20 49.0
9 2.431324436792968 14 47.0
10 2.155744769634361 16 44.0
11 3.9148131054270685 5 44.0
12 2.0124218396459037 17 44.0
13 2.742559203148048 12 42.0
14 4.315480521396914 2 41.0
15 3.035543105427133 11 40.0
16 3.6024431054271338 7 37.0
17 3.3432218396458118 9 36.0
18 0.28658290047542456 19 33.0
19 2.290581839645809 15 33.0
20 1.3603268617806765 18 31.0
1 5.766047833913738 2 100.0
2 4.817553175817501 4 81.0
3 3.889627280429906 6 77.0
4 4.890064416187889 3 75.0
5 4.06100360890856 5 70.0
6 2.4979484193354318 12 63.0
7 2.362925806980399 13 54.0
8 2.0014730047665408 16 49.0
9 1.1598823819481967 19 47.0
10 2.816839445934816 9 44.0
11 2.542270532181347 11 44.0
12 2.1667963108763626 15 44.0
13 6.157973004757477 1 42.0
14 2.3378741930175564 14 41.0
15 1.2198484193333685 18 40.0
16 2.949559607666555 8 37.0
17 3.3449694459353054 7 36.0
18 0.0 20 33.0
19 1.7518846741525103 17 33.0
20 2.604223133118045 10 31.0
1 4.389179029558456 3 100.0
2 5.365600040139645 2 81.0
3 3.2767435423367077 12 77.0
4 2.267344521381328 15 75.0
5 5.676969250583008 1 70.0
6 3.3853725632920835 11 63.0
7 3.641066284028773 8 54.0
8 2.188619959840317 17 49.0
9 0.9892445213813219 18 47.0
10 3.163351740840178 13 44.0
11 3.622133800653255 9 44.0
12 3.695497250797033 7 44.0
13 0.96548922960138 19 42.0
14 3.4623752626802102 10 41.0
15 0.0 20 40.0
16 2.240044605211661 16 37.0
17 4.379704184538963 4 36.0
18 4.125170930017343 5 33.0
19 4.0223417674129 6 33.0
20 2.6656658957403288 14 31.0
1 3.126729999702754 11 100.0
2 3.9579892663249665 8 81.0
3 2.9846824389131346 12 77.0
4 5.048483414935521 7 75.0
5 7.5141000000210765 2 70.0
6 3.160512439841518 10 63.0
7 0.0 20 54.0
8 3.269650000016221 9 49.0
9 2.2418500000156403 17 47.0
10 6.240289268622764 3 44.0
11 2.7451275614578527 16 44.0
12 1.7380580485668538 18 44.0
13 2.817100000096783 14 42.0
14 2.7952892686227675 15 41.0
15 2.824100000018211 13 40.0
16 9.10900000001902 1 37.0
17 5.529325000014632 5 36.0
18 5.489175000014585 6 33.0
19 6.201699999994883 4 33.0
20 0.8972436589690505 19 31.0
1 6.279689640050397 2 100.0
2 4.992548215882994 6 81.0
3 5.297155019275255 5 77.0
4 4.2351439414049095 10 75.0
5 4.832243427250097 8 70.0
6 5.632908225088433 4 63.0
7 9.258410285239844 1 54.0
8 2.870031902577915 17 49.0
9 3.231400937311612 15 47.0
10 3.2579082240764388 14 44.0
11 0.4066434281691702 19 44.0
12 3.4847972218158834 13 44.0
13 4.980254579194544 7 42.0
14 6.012510283398969 3 41.0
15 3.0540815527195857 16 40.0
16 4.123299982682314 11 37.0
17 4.8155972156897455 9 36.0
18 0.0 20 33.0
19 2.712503377222568 18 33.0
20 3.866654578675228 12 31.0
1 4.698536328309841 4 100.0
2 5.019663145483623 2 81.0
3 4.948043145483626 3 77.0
4 3.5326386312656894 7 75.0
5 2.284734940618283 10 70.0
6 2.5312574424451677 9 63.0
7 4.386513145483624 6 54.0
8 2.729537639918242 8 49.0
9 1.7017376399182407 15 47.0
10 5.249279475106702 1 44.0
11 4.43649211761965 5 44.0
12 1.2556362536246441 17 44.0
13 1.7336819047054228 14 42.0
14 1.6275432897069593 16 41.0
15 2.0280319901295245 12 40.0
16 2.0195275557861967 13 37.0
17 0.15262108975567212 19 36.0
18 2.1777358883746545 11 33.0
19 0.0 20 33.0
20 1.1279451008334844 18 31.0
1 3.4346388443643723 3 100.0
2 3.2474474658858004 4 81.0
3 1.4389189050921356 13 77.0
4 2.4740066013845268 8 75.0
5 3.586925591716133 2 70.0
6 3.1415691825800396 5 63.0
7 1.0875884498274755 16 54.0
8 1.707978391417069 12 49.0
9 1.747551283700659 11 47.0
10 3.0519189050921334 6 44.0
11 1.2136515012187834 15 44.0
12 1.9303768579753897 9 44.0
13 4.142190502563414 1 42.0
14 0.2625407506093915 19 41.0
15 0.9829870900049484 17 40.0
16 2.7831826139705895 7 37.0
17 0.0 20 36.0
18 1.2426957478748388 14 33.0
19 0.8705035015157685 18 33.0
20 1.7972799289178263 10 31.0
1 4.471745630179138 9 100.0
2 5.043283570181276 3 81.0
3 4.692615488546401 7 77.0
4 4.93649088165966 4 75.0
5 6.484040002649147 1 70.0
6 3.117409118340442 14 63.0
7 4.72124378484001 6 54.0
8 4.277063865554372 12 49.0
9 3.0537069266143275 15 47.0
10 5.0505400954332345 2 44.0
11 4.410683946268718 11 44.0
12 3.0503835701812307 16 44.0
13 2.7905175444052883 18 42.0
14 3.6013099119950307 13 41.0
15 0.0 20 40.0
16 4.783806926614367 5 37.0
17 3.0135855675322 17 36.0
18 4.433141499618333 10 33.0
19 4.612402004876332 8 33.0
20 2.5181437785999643 19 31.0
1 1.5330126722417452 12 100.0
2 1.9429935304977857 10 81.0
3 2.2862906994442205 8 77.0
4 3.523139973372885 4 75.0
5 8.757612258114733 1 70.0
6 7.583512258114733 2 63.0
7 2.3279122581146154 7 54.0
8 0.8612906994447096 15 49.0
9 1.6123009560217911 11 47.0
10 0.0 20 44.0
11 2.6499009560218276 6 44.0
12 1.417018563820958 13 44.0
13 5.145012258114753 3 42.0
14 1.1270408897742432 14 41.0
15 1.959744668616597 9 40.0
16 3.1317064872187004 5 37.0
17 0.13444070282530074 19 36.0
18 0.2168641070923809 18 33.0
19 0.7873824590252219 16 33.0
20 0.4701789907239835 17 31.0
1 8.085009898734121 2 100.0
2 8.722775025625243 1 81.0
3 4.38270671565297 13 77.0
4 5.3172143569000365 12 75.0
5 5.973546459401504 8 70.0
6 7.7773324211178 3 63.0
7 5.353322003087691 11 54.0
8 3.9274999999997764 14 49.0
9 7.0564391151592165 5 47.0
10 5.402332421117612 10 44.0
11 1.5479464594009813 17 44.0
12 6.6766324211169445 7 44.0
13 6.930419231244058 6 42.0
14 3.831080682309376 15 41.0
15 0.0 20 40.0
16 2.9490222494596643 16 37.0
17 7.3613498987342005 4 36.0
18 5.412353540599321 9 33.0
19 1.2334514658845497 19 33.0
20 1.250000000000063 18 31.0
1 3.8221563306971813 4 100.0
2 3.036155094841943 7 81.0
3 3.985385031458263 2 77.0
4 2.8161000008988504 8 75.0
5 2.738461510386113 9 70.0
6 2.1515615096032756 11 63.0
7 0.7516865828703874 18 54.0
8 1.389658636176546 15 49.0
9 1.7887700629844352 13 47.0
10 3.7205495595989406 5 44.0
11 3.5578023313644866 6 44.0
12 2.2747074848185687 10 44.0
13 1.453300000181894 14 42.0
14 0.2377300630383279 19 41.0
15 1.9244680715017277 12 40.0
16 0.0 20 37.0
17 4.076969098994811 1 36.0
18 0.9694615094128542 16 33.0
19 3.8941823315291133 3 33.0
20 0.7627700630523939 17 31.0
1 1.782009040883605 9 100.0
2 2.2810949277734003 4 81.0
3 1.0064993005745622 13 77.0
4 2.038838405760957 6 75.0
5 0.6320182620096791 17 70.0
6 2.0989999999336253 5 63.0
7 3.064499920568312 1 54.0
8 0.0 20 49.0
9 0.3857263356837535 19 47.0
10 1.1239750952768948 11 44.0
11 1.9325389889028664 8 44.0
12 1.1016772530056205 12 44.0
13 0.9792305576818483 14 42.0
14 2.450650672850169 2 41.0
15 0.6162009901781239 18 40.0
16 0.6692075761007645 16 37.0
17 0.7339045444487924 15 36.0
18 1.9635999999912452 7 33.0
19 1.6538380427241066 10 33.0
20 2.37559529670379 3 31.0
1 7.208050365417229 3 100.0
2 4.616172304975115 6 81.0
3 5.672967946752632 4 77.0
4 8.692250365304368 1 75.0
5 3.8289468835988556 12 70.0
6 5.050390958399987 5 63.0
7 2.3640400000000676 19 54.0
8 2.3949712616870036 18 49.0
9 4.257311335096693 9 47.0
10 7.2859679467616365 2 44.0
11 4.270435893608464 8 44.0
12 3.3477217833002038 15 44.0
13 3.5214851426879137 14 42.0
14 4.121518624436406 11 41.0
15 3.143735488877437 16 40.0
16 4.167520740112317 10 37.0
17 4.367170958562057 7 36.0
18 0.0 20 33.0
19 2.7939999999518292 17 33.0
20 3.6227954195861436 13 31.0
1 4.5915134357124625 1 100.0
2 3.3148275370438807 6 81.0
3 3.462896576706383 4 77.0
4 3.5115705578656917 3 75.0
5 4.002057523641717 2 70.0
6 3.202996487438068 7 63.0
7 2.5969636565709724 10 54.0
8 0.6144133532909544 18 49.0
9 0.9520550499541889 17 47.0
10 1.7741103607972155 12 44.0
11 1.5884621620317696 14 44.0
12 0.4662103607972141 19 44.0
13 3.078919394667667 8 42.0
14 2.066553942987303 11 41.0
15 2.6799082659143707 9 40.0
16 1.610723465855774 13 37.0
17 1.4290567523224138 16 36.0
18 0.0 20 33.0
19 3.403626235508386 5 33.0
20 1.489117659472535 15 31.0
1 3.8838662449399397 3 100.0
2 6.100566244940616 1 81.0
3 2.8494648857902947 5 77.0
4 5.368066244940619 2 75.0
5 2.5978439332820242 6 70.0
6 2.292867506683331 7 63.0
7 2.0981857980213907 8 54.0
8 0.0 20 49.0
9 1.252827864720233 14 47.0
10 2.9612051172240594 4 44.0
11 1.0457203668541766 16 44.0
12 1.1726128689880326 15 44.0
13 1.7090326157640603 11 42.0
14 1.53787307238983 12 41.0
15 0.572273344504356 19 40.0
16 0.8705374861443262 17 37.0
17 1.8716192141558694 9 36.0
18 0.8208342897566159 18 33.0
19 1.8661957102434164 10 33.0
20 1.471535362586314 13 31.0
