1 10.565643708443915 1 100.0
2 8.120770852564132 4 81.0
3 9.79637525235869 2 77.0
4 9.378004740343188 3 75.0
5 6.490582676720911 5 70.0
6 3.2471000000026997 17 63.0
7 4.087521644485486 15 54.0
8 6.275459248552442 7 49.0
9 4.710243708406441 11 47.0
10 6.026278355064061 9 44.0
11 4.548574954296882 13 44.0
12 0.368699999984738 19 44.0
13 3.38156206700155 16 42.0
14 4.546737827775772 14 41.0
15 0.0 20 40.0
16 4.650700000102458 12 37.0
17 6.31099999998704 6 36.0
18 2.0247706553701867 18 33.0
19 5.960879243790183 10 33.0
20 6.230429243839143 8 31.0
1 9.271700000003658 1 100.0
2 8.172899999996261 3 81.0
3 4.775229999995293 7 77.0
4 8.566529999995502 2 75.0
5 5.948199999994078 5 70.0
6 6.376889999994463 4 63.0
7 0.9222699999949264 17 54.0
8 2.512329999996145 13 49.0
9 3.8135699999935184 9 47.0
10 0.49289999999663836 18 44.0
11 0.1968999999957215 19 44.0
12 1.0867999999988727 16 44.0
13 0.0 20 42.0
14 2.288399999980787 14 41.0
15 3.129790000000162 10 40.0
16 1.6925299999956125 15 37.0
17 5.492599999995714 6 36.0
18 3.924499999992294 8 33.0
19 2.594399999994804 11 33.0
20 2.5943699999960526 12 31.0
1 8.635550466363858 1 100.0
2 7.90623023295184 2 81.0
3 7.5798044034269045 3 77.0
4 4.4385991647331995 8 75.0
5 3.8572348578346793 9 70.0
6 5.629195233001658 5 63.0
7 1.3599304178687208 17 54.0
8 1.8533000000323177 15 49.0
9 6.5693677329536175 4 47.0
10 5.396663579184918 6 44.0
11 4.8601052329410885 7 44.0
12 0.9751044034386167 19 44.0
13 1.3740746803427597 16 42.0
14 2.9186427329536166 13 41.0
15 0.0 20 40.0
16 3.149063579147953 12 37.0
17 3.6253500439667996 11 36.0
18 3.657830232950964 10 33.0
19 2.344296529275623 14 33.0
20 1.0104450336755781 18 31.0
1 9.773504556826957 1 100.0
2 6.969608914948761 4 81.0
3 8.908342335819526 2 77.0
4 6.645889552611777 5 75.0
5 6.2642841258378406 6 70.0
6 7.225585222464021 3 63.0
7 2.400017267048755 16 54.0
8 2.8911560111603487 15 49.0
9 4.053903040511725 12 47.0
10 1.4273081226966462 18 44.0
11 3.2456867219056837 14 44.0
12 1.2251102194351828 19 44.0
13 4.700477101041189 9 42.0
14 5.214844712738638 7 41.0
15 4.215213273070563 11 40.0
16 5.194020438870372 8 37.0
17 4.331751562554407 10 36.0
18 0.0 20 33.0
19 3.7880999999999956 13 33.0
20 1.5043604597662936 17 31.0
1 7.597505403863263 1 100.0
2 3.9683999999821635 7 81.0
3 7.5303036507089125 2 77.0
4 7.084915976881139 4 75.0
5 7.09194014331487 3 70.0
6 6.491323431860846 5 63.0
7 0.8578972536215246 15 54.0
8 2.2040908722264207 12 49.0
9 3.121104702568756 10 47.0
10 0.7731866397795044 16 44.0
11 3.7296178132670357 9 44.0
12 2.252586639775851 11 44.0
13 0.1334662114289662 19 42.0
14 3.8509737239747386 8 41.0
15 0.7417289038103738 17 40.0
16 0.21091597685040098 18 37.0
17 4.545039572537678 6 36.0
18 0.9598050531852853 14 33.0
19 0.0 20 33.0
20 1.3951811678428931 13 31.0
1 9.004706873196188 2 100.0
2 3.1203221418392992 16 81.0
3 9.455231255341431 1 77.0
4 6.221522258465928 4 75.0
5 5.831195868103088 5 70.0
6 5.753681633558491 6 63.0
7 3.3031735175910693 15 54.0
8 3.848315621322397 12 49.0
9 3.31405619226463 14 47.0
10 0.31181774153407105 19 44.0
11 6.6498939129115575 3 44.0
12 3.4965370252126613 13 44.0
13 5.030261792076794 8 42.0
14 4.720793912911555 10 41.0
15 0.0 20 40.0
16 5.521239072350947 7 37.0
17 4.713412307365132 11 36.0
18 2.88301244412036 17 33.0
19 4.90370796283117 9 33.0
20 1.997423438331917 18 31.0
1 8.414104106047656 1 100.0
2 4.791228756330529 6 81.0
3 6.960836747879088 3 77.0
4 7.179189747458729 2 75.0
5 6.115408717252801 4 70.0
6 5.887850350956347 5 63.0
7 0.4927907950505448 18 54.0
8 0.0 20 49.0
9 3.18892608135229 8 47.0
10 0.05453815235281523 19 44.0
11 2.479164454178715 12 44.0
12 2.4554953965128585 13 44.0
13 1.387199993588563 16 42.0
14 2.6795436884821084 10 41.0
15 2.9184249333798946 9 40.0
16 1.5004138304055625 14 37.0
17 3.9397055955788938 7 36.0
18 2.485315977118285 11 33.0
19 1.4516897272142284 15 33.0
20 0.8477581035461226 17 31.0
1 12.786855870380752 1 100.0
2 7.711643391550298 5 81.0
3 8.765669560566566 2 77.0
4 7.202830391275537 6 75.0
5 8.37916280017031 3 70.0
6 7.833197249907734 4 63.0
7 3.2225775405934405 14 54.0
8 2.2971343202443073 17 49.0
9 5.524752386076142 10 47.0
10 2.765464246837683 15 44.0
11 0.0 20 44.0
12 5.2458628001704195 11 44.0
13 3.684334320244406 13 42.0
14 6.214163494269146 8 41.0
15 5.724997810427974 9 40.0
16 1.8137735376933 18 37.0
17 6.695150978228472 7 36.0
18 1.321330391275517 19 33.0
19 4.2512264623067875 12 33.0
20 2.3176824252763146 16 31.0
1 11.766446666674454 1 100.0
2 7.4894316665895655 2 81.0
3 4.682199999996835 8 77.0
4 6.189046666674454 5 75.0
5 5.6607999999700285 6 70.0
6 6.349723332859986 4 63.0
7 2.618000000000001 12 54.0
8 2.4193000000071465 16 49.0
9 3.02409833373358 10 47.0
10 0.0 20 44.0
11 1.722773333384024 17 44.0
12 4.215748333746203 9 44.0
13 2.494746666789676 15 42.0
14 4.783146666622824 7 41.0
15 2.6169000001168383 13 40.0
16 1.5801649999228968 18 37.0
17 2.591148333253848 14 36.0
18 2.677548333352396 11 33.0
19 6.46564833323052 3 33.0
20 1.060473333065012 19 31.0
1 11.06133880438965 1 100.0
2 5.703432683177872 9 81.0
3 8.661350492047536 3 77.0
4 8.7148388043876 2 75.0
5 6.388111341591571 6 70.0
6 6.688523350822455 5 63.0
7 3.430148866772253 12 54.0
8 3.5036084187915537 11 49.0
9 3.4023962096009375 13 47.0
10 0.1460233508230555 19 44.0
11 4.010852015010734 10 44.0
12 6.077511784782451 8 44.0
13 0.0 20 42.0
14 2.288400000001286 16 41.0
15 3.1297899999935903 14 40.0
16 6.283577633274823 7 37.0
17 6.711652015011938 4 36.0
18 1.795626396753844 18 33.0
19 2.5087480260300246 15 33.0
20 2.177811784780822 17 31.0
1 15.61227296669006 1 100.0
2 7.580203883267222 4 81.0
3 8.477899999985597 2 77.0
4 7.9069575500546385 3 75.0
5 7.470406300040546 5 70.0
6 6.947013549911218 6 63.0
7 0.0 20 54.0
8 2.435014466661471 16 49.0
9 5.497106299770636 7 47.0
10 0.8227428834280319 19 44.0
11 4.628401467122646 12 44.0
12 1.8732000000050508 18 44.0
13 5.056300633090114 11 42.0
14 3.0748000000000153 14 41.0
15 1.9434900000032624 17 40.0
16 5.262272966538851 9 37.0
17 5.491600000069301 8 36.0
18 3.3318038833461454 13 33.0
19 5.135000633377267 10 33.0
20 2.5397999999859486 15 31.0
1 9.827242777068566 3 100.0
2 6.610204444617662 8 81.0
3 9.377908333288648 4 77.0
4 9.999456888889739 1 75.0
5 8.421999999681386 5 70.0
6 9.908793888588745 2 63.0
7 4.746874444456585 12 54.0
8 6.664978888605096 7 49.0
9 6.271388890310294 10 47.0
10 1.2338422221827425 18 44.0
11 5.071911110796076 11 44.0
12 7.188460000010589 6 44.0
13 4.609796666331461 13 42.0
14 2.843942777823004 16 41.0
15 0.2691422221803812 19 40.0
16 0.0 20 37.0
17 6.3916083332815665 9 36.0
18 2.7405738889560647 17 33.0
19 3.335342222190175 15 33.0
20 3.4468261110604277 14 31.0
1 10.311491865396391 1 100.0
2 7.5455246114386 4 81.0
3 8.695821652753368 3 77.0
4 9.684301320917053 2 75.0
5 6.789280634682018 5 70.0
6 5.741550021566984 9 63.0
7 3.513772018519698 15 54.0
8 5.867155756738352 8 49.0
9 5.740191041232894 10 47.0
10 4.214379991819784 12 44.0
11 4.780646239389101 11 44.0
12 3.899699941623199 13 44.0
13 1.437930012004753 19 42.0
14 2.892313113447991 17 41.0
15 3.2355642758435144 16 40.0
16 2.015029421210757 18 37.0
17 6.07240712953157 7 36.0
18 3.55600230976879 14 33.0
19 6.514883516587808 6 33.0
20 0.0 20 31.0
1 7.1408315240816895 2 100.0
2 4.6571000000000415 9 81.0
3 7.404006518061659 1 77.0
4 5.84383695279192 4 75.0
5 6.70897415206246 3 70.0
6 5.332498612564903 6 63.0
7 1.0358048579610624 19 54.0
8 3.1523597009334305 13 49.0
9 3.5097209416200217 12 47.0
10 1.3125805729473776 18 44.0
11 4.955011975609931 8 44.0
12 2.7133850587947403 14 44.0
13 5.477570136940373 5 42.0
14 4.291139306282476 11 41.0
15 1.71153001335058 17 40.0
16 2.0996385439140206 15 37.0
17 5.112727362504895 7 36.0
18 1.9097251671016604 16 33.0
19 4.358022227223014 10 33.0
20 0.0 20 31.0
1 11.155938684548563 1 100.0
2 8.282727965846647 6 81.0
3 9.467927965846519 4 77.0
4 9.09205042512688 5 75.0
5 5.873119566456662 10 70.0
6 10.24919847158241 2 63.0
7 2.7151974610608995 18 54.0
8 5.8903446320911375 9 49.0
9 3.391658830722575 16 47.0
10 0.0 20 44.0
11 9.480108471582454 3 44.0
12 4.563117354389949 12 44.0
13 5.265127965846534 11 42.0
14 6.8976205401574635 7 41.0
15 4.03704463209122 13 40.0
16 3.6198307352225 15 37.0
17 6.560067448901007 8 36.0
18 2.6111999999999314 19 33.0
19 3.8354803021907093 14 33.0
20 3.0362205401575735 17 31.0
1 9.095276467489878 1 100.0
2 5.253228505073851 8 81.0
3 7.619775823071404 3 77.0
4 7.844259774009442 2 75.0
5 6.038576357934295 5 70.0
6 7.484745215073712 4 63.0
7 2.8058292987724958 17 54.0
8 3.088743957717318 15 49.0
9 3.821366759224003 12 47.0
10 0.0 20 44.0
11 4.368067643744378 10 44.0
12 5.669305105825927 6 44.0
13 3.77334534472787 13 42.0
14 4.616127759218052 9 41.0
15 2.1701692491225835 18 40.0
16 5.460845262148639 7 37.0
17 4.190073856990262 11 36.0
18 2.9137318712465863 16 33.0
19 3.3789713477881254 14 33.0
20 1.997635136325349 19 31.0
1 8.025944263977548 1 100.0
2 2.984123366207981 9 81.0
3 6.262479499575856 4 77.0
4 6.327473797952199 3 75.0
5 7.4600806610154295 2 70.0
6 4.7046233402470765 5 63.0
7 2.4621925787345846 12 54.0
8 2.3201964329990203 13 49.0
9 1.8896401213443268 15 47.0
10 0.0 20 44.0
11 2.494676617872493 11 44.0
12 1.9044898747158954 14 44.0
13 1.552323324476828 16 42.0
14 3.226740468695334 8 41.0
15 1.4667882755269224 17 40.0
16 2.6974028990020447 10 37.0
17 4.637880654824841 6 36.0
18 1.4191398440485825 18 33.0
19 3.7777400245600186 7 33.0
20 0.2515002607707406 19 31.0
1 8.707950416221982 2 100.0
2 4.216610249704793 7 81.0
3 11.444829185908002 1 77.0
4 2.807353126694283 9 75.0
5 5.838744995251123 4 70.0
6 6.578777622585119 3 63.0
7 0.10307770580110409 19 54.0
8 5.729957622539741 5 49.0
9 1.658288223938043 15 47.0
10 1.467329185908166 16 44.0
11 1.102847705788375 18 44.0
12 1.1537817058011015 17 44.0
13 1.7026531268550036 14 42.0
14 1.8943791859105703 13 41.0
15 2.4203477058357716 11 40.0
16 2.0383568454833503 12 37.0
17 2.9532015263243125 8 36.0
18 2.6459291859072462 10 33.0
19 5.001429185908234 6 33.0
20 0.0 20 31.0
1 6.989375861318104 2 100.0
2 4.399280932928706 8 81.0
3 8.55031857776445 1 77.0
4 5.5102561571276985 4 75.0
5 5.298380932928874 5 70.0
6 6.351280334802101 3 63.0
7 0.3632794398954369 19 54.0
8 4.487561387834014 7 49.0
9 4.843990959926576 6 47.0
10 0.733397700227314 17 44.0
11 0.71714356554001 18 44.0
12 2.5573136092432294 14 44.0
13 1.5047999999996629 15 42.0
14 3.9901456966854836 10 41.0
15 1.3257685533156365 16 40.0
16 2.5697999999999412 13 37.0
17 4.230099999999956 9 36.0
18 0.0 20 33.0
19 2.729321207826922 12 33.0
20 3.5563761738802944 11 31.0
1 8.13560000003751 3 100.0
2 6.259468204122554 6 81.0
3 8.840338620037294 2 77.0
4 7.490250586013524 4 75.0
5 6.237445818125592 7 70.0
6 7.399587586008902 5 63.0
7 3.3354812097950353 15 54.0
8 3.327803137994935 16 49.0
9 4.438226654073336 12 47.0
10 5.856500344473181 8 44.0
11 2.3253505859926413 18 44.0
12 3.3245068473083803 17 44.0
13 1.5047999999889456 19 42.0
14 4.782688040319987 11 41.0
15 5.394820262552152 10 40.0
16 5.7223324847636405 9 37.0
17 9.3252202625474 1 36.0
18 0.0 20 33.0
19 4.240113137992544 13 33.0
20 3.376372173919465 14 31.0
1 7.450778555190411 1 100.0
2 4.361460974129443 8 81.0
3 7.442369755190178 2 77.0
4 6.115261397389664 4 75.0
5 6.302495441042206 3 70.0
6 4.578037826509782 7 63.0
7 1.0788616442376933 16 54.0
8 3.3311785551891426 11 49.0
9 4.32919544104042 9 47.0
10 0.0 20 44.0
11 2.305024678893219 15 44.0
12 0.5773476690385393 18 44.0
13 2.31536654068647 14 42.0
14 5.080969976290975 6 41.0
15 2.760021626105141 12 40.0
16 3.5216919601132712 10 37.0
17 5.181991960112432 5 36.0
18 0.5851139690391034 17 33.0
19 2.61585120144861 13 33.0
20 0.4978665406854961 19 31.0
1 12.604000000128966 4 100.0
2 8.630112473573476 8 81.0
3 7.987120105331643 10 77.0
4 10.103404841591807 6 75.0
5 16.50881100003963 1 70.0
6 12.631355052375458 3 63.0
7 7.7413989473684754 12 54.0
8 6.864098052265444 13 49.0
9 4.676269894895058 18 47.0
10 0.0 20 44.0
11 12.981411000016621 2 44.0
12 6.0087349473123135 17 44.0
13 7.908916894928571 11 42.0
14 9.083404526441832 7 41.0
15 3.6204201050207176 19 40.0
16 8.08681099993567 9 37.0
17 10.285916894725403 5 36.0
18 6.0165012474027755 16 33.0
19 6.6866201063973705 15 33.0
20 6.856379526441833 14 31.0
1 10.9755986946783 1 100.0
2 7.931245485440661 7 81.0
3 4.682200000000005 15 77.0
4 9.096722090059496 3 75.0
5 6.601111114543915 9 70.0
6 8.676203043176026 5 63.0
7 4.651270950799414 16 54.0
8 2.649875639144212 19 49.0
9 5.0155000000000065 14 47.0
10 0.0 20 44.0
11 6.1803756391441995 10 44.0
12 6.789739484050332 8 44.0
13 5.103000000000032 13 42.0
14 8.416878875415149 6 41.0
15 5.429103043176088 11 40.0
16 8.92092473932189 4 37.0
17 9.359503043176026 2 36.0
18 3.6828454854406143 18 33.0
19 5.354935112381257 12 33.0
20 4.407951278288439 17 31.0
1 12.149457008021603 1 100.0
2 9.608354066832238 3 81.0
3 9.792294115006202 2 77.0
4 9.33459999999982 5 75.0
5 7.847746999737845 7 70.0
6 9.414943541939238 4 63.0
7 4.459690893058309 12 54.0
8 3.862458885256501 14 49.0
9 1.2191999999999918 18 47.0
10 8.093214018658866 6 44.0
11 0.6622999999999983 19 44.0
12 4.601857008021681 11 44.0
13 3.33146701630516 15 42.0
14 5.317573970486323 10 41.0
15 5.84406047824612 9 40.0
16 2.460600000000028 16 37.0
17 7.614873970485535 8 36.0
18 1.5081231478330261 17 33.0
19 4.061831500130556 13 33.0
20 0.0 20 31.0
1 10.35000000016381 5 100.0
2 8.553375637868307 7 81.0
3 12.78702874526293 1 77.0
4 11.095726974110978 3 75.0
5 10.51295728636801 4 70.0
6 11.449860631631443 2 63.0
7 5.608899999174591 17 54.0
8 6.736110779648019 14 49.0
9 7.394094383919233 12 47.0
10 2.3785943817600934 19 44.0
11 8.626084035671958 6 44.0
12 7.430878645292508 11 44.0
13 6.4385840347905425 15 42.0
14 8.012286673372385 10 41.0
15 5.8628786444562495 16 40.0
16 0.0 20 37.0
17 8.301899069531785 8 36.0
18 8.18112874536756 9 33.0
19 7.345587709425386 13 33.0
20 4.974799457477147 18 31.0
1 11.757674558200982 2 100.0
2 6.713184839567756 7 81.0
3 12.36086354244054 1 77.0
4 9.005920761242809 3 75.0
5 7.045723809344368 6 70.0
6 7.773759521367273 5 63.0
7 5.167724960686345 14 54.0
8 3.464061351087885 19 49.0
9 4.797776269997127 17 47.0
10 5.765554960686345 11 44.0
11 6.067605667311938 8 44.0
12 5.784526323313906 10 44.0
13 5.253850988197739 13 42.0
14 6.020641281491733 9 41.0
15 5.116839529631267 15 40.0
16 0.0 20 37.0
17 8.098115253439847 4 36.0
18 4.909973391950598 16 33.0
19 5.70227536317171 12 33.0
20 4.0517635424405345 18 31.0
1 9.970965460466246 1 100.0
2 6.107116554355201 7 81.0
3 8.33873226460692 2 77.0
4 7.617184236567521 4 75.0
5 7.036255750984825 5 70.0
6 7.7463866857363035 3 63.0
7 0.9222699953057387 19 54.0
8 3.635368320852927 12 49.0
9 2.553870157591572 16 47.0
10 2.2543777340002604 17 44.0
11 5.363068266207703 8 44.0
12 2.9553451856036226 14 44.0
13 0.0 20 42.0
14 4.282215857352493 10 41.0
15 3.085170348167761 13 40.0
16 2.1550374537026795 18 37.0
17 6.332180590089468 6 36.0
18 5.033765736597129 9 33.0
19 3.705975121842773 11 33.0
20 2.8979683577653 15 31.0
1 8.659641588538223 1 100.0
2 4.916237924256462 6 81.0
3 6.725441838987766 3 77.0
4 6.057361265494666 4 75.0
5 5.49714183614652 5 70.0
6 7.084571969733364 2 63.0
7 1.333392382900774 18 54.0
8 2.244118554116133 13 49.0
9 3.258166414508094 9 47.0
10 1.5589247777409625 16 44.0
11 2.202139892056763 14 44.0
12 4.349425595679232 7 44.0
13 3.178630068708573 10 42.0
14 0.0 20 41.0
15 1.5149517326426087 17 40.0
16 3.0713165640671596 11 37.0
17 4.25211316975164 8 36.0
18 0.7515500006182325 19 33.0
19 2.973169208931289 12 33.0
20 1.794759779920371 15 31.0
1 9.132943852870646 2 100.0
2 2.3526730546267682 18 81.0
3 8.804335398907355 3 77.0
4 5.592360152115303 6 75.0
5 9.919969529063017 1 70.0
6 7.549557632803548 4 63.0
7 4.626269529038891 11 54.0
8 6.678469529068064 5 49.0
9 5.0664687495744305 9 47.0
10 5.22409952920642 8 44.0
11 3.467679867238779 12 44.0
12 4.671157632778262 10 44.0
13 2.502143852632695 16 42.0
14 2.813543053848668 14 41.0
15 3.0263679509114114 13 40.0
16 2.7121201339031265 15 37.0
17 5.386155591370155 7 36.0
18 0.0 20 33.0
19 2.4590465158811003 17 33.0
20 0.5118020024130576 19 31.0
1 10.509929428431828 1 100.0
2 5.27772635314829 7 81.0
3 8.079419475938497 2 77.0
4 7.15936472791161 4 75.0
5 7.202451907845796 3 70.0
6 5.94201751408789 5 63.0
7 3.7686111820701593 11 54.0
8 3.1157773922040253 13 49.0
9 3.497726249660827 12 47.0
10 0.4180252664575206 19 44.0
11 4.693562493123336 8 44.0
12 2.1384416461855182 15 44.0
13 2.81761835729006 14 42.0
14 4.0492991366402915 9 41.0
15 1.1773310535768324 17 40.0
16 0.0 20 37.0
17 5.52884902050491 6 36.0
18 1.2778647622747146 16 33.0
19 3.8559516589526823 10 33.0
20 0.9809978125390373 18 31.0
1 9.264340892131845 1 100.0
2 6.872840108648509 5 81.0
3 7.412650836172852 2 77.0
4 7.247411548546275 4 75.0
5 1.4958001157822252 17 70.0
6 5.944406456245549 6 63.0
7 2.62713943275475 13 54.0
8 3.7912091114828397 9 49.0
9 7.25054438488809 3 47.0
10 3.967149217005674 8 44.0
11 0.13629447755105906 19 44.0
12 1.9987045612011403 15 44.0
13 1.6404692361724393 16 42.0
14 3.1590523005770086 12 41.0
15 3.3329242278741695 11 40.0
16 3.500567292543387 10 37.0
17 4.4299395340891214 7 36.0
18 0.0 20 33.0
19 2.3817380370005155 14 33.0
20 0.6671819248133302 18 31.0
1 10.305825281336812 1 100.0
2 6.398656419544585 6 81.0
3 6.9193170083332305 4 77.0
4 7.578528469542758 3 75.0
5 6.75961042069958 5 70.0
6 7.8670775112178735 2 63.0
7 2.7598976885274715 14 54.0
8 0.39358999999999345 19 49.0
9 0.0 20 47.0
10 3.8822564195439213 12 44.0
11 4.093032907511037 10 44.0
12 4.143966907510868 8 44.0
13 4.096855205442992 9 42.0
14 4.011725522788244 11 41.0
15 1.5267565721225127 17 40.0
16 1.2413999999999348 18 37.0
17 6.1406401419739325 7 36.0
18 2.625746749036721 15 33.0
19 3.0711340166667505 13 33.0
20 2.4651982807590374 16 31.0
1 10.35000000000178 4 100.0
2 8.643044416569944 8 81.0
3 12.013233166211684 1 77.0
4 9.97566252211015 6 75.0
5 10.089533166211567 5 70.0
6 9.859328878007991 7 63.0
7 3.7616444165700424 17 54.0
8 6.29344396520752 13 49.0
9 10.509538720212756 3 47.0
10 5.494038720212816 14 44.0
11 6.647413630112664 11 44.0
12 5.43420381031261 15 44.0
13 10.597038720212751 2 42.0
14 3.7439816763553906 18 41.0
15 4.9626533527115555 16 40.0
16 0.0 20 37.0
17 6.464235480428068 12 36.0
18 2.664262024716143 19 33.0
19 7.684103810313208 10 33.0
20 7.953653810313089 9 31.0
1 7.777042195006263 3 100.0
2 3.558471490588131 13 81.0
3 11.194576723568348 1 77.0
4 6.0221770370708025 6 75.0
5 4.72687703707102 9 70.0
6 7.950969828147529 2 63.0
7 3.054975356794527 15 54.0
8 1.817771490591649 19 49.0
9 1.9700442638293336 17 47.0
10 4.43418482381575 12 44.0
11 5.981976152042288 7 44.0
12 5.466711137393451 8 44.0
13 1.952004561864019 18 42.0
14 3.5013770370699007 14 41.0
15 4.603487845813439 11 40.0
16 2.1225954381337457 16 37.0
17 4.69537703707084 10 36.0
18 0.0 20 33.0
19 6.0987311874977665 5 33.0
20 6.368281187497955 4 31.0
1 9.53435559392514 1 100.0
2 3.023355451771478 10 81.0
3 7.1677061121805785 2 77.0
4 6.647602901924498 3 75.0
5 5.848944885463786 5 70.0
6 5.899806112214245 4 63.0
7 0.0 20 54.0
8 3.416138415616308 9 49.0
9 2.178934899508573 13 47.0
10 1.9946044336916706 14 44.0
11 3.770872885832731 7 44.0
12 2.331623364695949 12 44.0
13 0.9331853372273664 17 42.0
14 3.4842254517704125 8 41.0
15 0.7040255663088857 18 40.0
16 1.3023452467213414 16 37.0
17 4.607239499007436 6 36.0
18 0.6654630463200126 19 33.0
19 2.8581906868016578 11 33.0
20 1.7434831194409972 15 31.0
1 7.774777456199276 1 100.0
2 3.948689782943583 7 81.0
3 2.302081174052419 13 77.0
4 6.34344557575421 3 75.0
5 4.105851824451038 5 70.0
6 6.472473872509267 2 63.0
7 0.2378811740524176 19 54.0
8 1.280111669206128 17 49.0
9 1.807830780377132 15 47.0
10 3.348891143391955 9 44.0
11 1.8379551509378056 14 44.0
12 3.886842488712095 8 44.0
13 2.516889782943583 12 42.0
14 3.3109791170127334 10 41.0
15 1.6291001560035743 16 40.0
16 4.0376275754689015 6 37.0
17 4.761371792478845 4 36.0
18 0.0 20 33.0
19 2.924012673163299 11 33.0
20 0.8007432911793573 18 31.0
1 10.93907146592676 1 100.0
2 6.246942931853559 6 81.0
3 8.057367501909898 3 77.0
4 7.153974062360746 4 75.0
5 5.330800419386777 8 70.0
6 6.713891006678842 5 63.0
7 3.117721313086213 16 54.0
8 4.936836367319985 11 49.0
9 4.340143997141025 13 47.0
10 0.0 20 44.0
11 4.984886209636113 10 44.0
12 4.702624332868022 12 44.0
13 3.35700112034621 15 42.0
14 5.042884397780147 9 41.0
15 3.0835363673199736 17 40.0
16 8.984624332867977 2 37.0
17 5.6755873694870225 7 36.0
18 0.7297673594519063 19 33.0
19 3.871560755234489 14 33.0
20 2.3354880214919094 18 31.0
1 12.503369046269288 1 100.0
2 10.438819890937223 3 81.0
3 7.7684331415794095 4 77.0
4 6.151138276411771 5 75.0
5 4.760845988033396 9 70.0
6 12.15931989135877 2 63.0
7 5.704233142159479 7 54.0
8 2.212517677017776 14 49.0
9 2.214379752018931 13 47.0
10 0.0 20 44.0
11 0.30018915655886236 18 44.0
12 4.7943142528533365 8 44.0
13 5.872569047057981 6 42.0
14 4.105699371263395 11 41.0
15 0.7730186785162023 17 40.0
16 2.1533690517935673 15 37.0
17 4.3400508552534784 10 36.0
18 3.7432198883809926 12 33.0
19 0.17118016825409121 19 33.0
20 0.8174656006222154 16 31.0
1 6.004309855592744 3 100.0
2 4.58388402022374 5 81.0
3 6.2477425115171386 2 77.0
4 8.139006532510106 1 75.0
5 5.294527058160757 4 70.0
6 2.9374617274062467 6 63.0
7 1.5698463966517273 15 54.0
8 2.2587777778499896 9 49.0
9 2.1612814075124414 11 47.0
10 2.0398065325101165 13 44.0
11 2.168371727406248 10 44.0
12 1.92733643878176 14 44.0
13 1.426153669803383 16 42.0
14 2.106243054553019 12 41.0
15 1.158846945447171 18 40.0
16 1.2650065325101771 17 37.0
17 2.353139746667308 8 36.0
18 0.12920985559270948 19 33.0
19 2.6212221933163073 7 33.0
20 0.0 20 31.0
1 9.371852520262705 1 100.0
2 5.397817986355704 4 81.0
3 6.063865338033862 3 77.0
4 6.323493938587488 2 75.0
5 5.232454742955744 6 70.0
6 5.291074963661018 5 63.0
7 1.6618827207621922 13 54.0
8 0.03374940391713732 19 49.0
9 1.5870173336385762 14 47.0
10 1.1412060658681153 17 44.0
11 2.76027350498418 9 44.0
12 1.8076852633600191 12 44.0
13 1.420949403917138 15 42.0
14 2.1599770910986877 11 41.0
15 2.275434348917995 10 40.0
16 1.300991400032818 16 37.0
17 4.959175298041433 7 36.0
18 0.36567593311197877 18 33.0
19 2.8203885862429563 8 33.0
20 0.0 20 31.0
1 9.364328728598622 1 100.0
2 4.663199906471129 8 81.0
3 8.129036602241776 2 77.0
4 7.952791555762096 3 75.0
5 5.649927562516739 6 70.0
6 7.255007822569271 4 63.0
7 2.195225047576684 16 54.0
8 5.930466675079528 5 49.0
9 3.9884366610608293 10 47.0
10 3.513759420335621 11 44.0
11 1.806267015994011 19 44.0
12 4.425783720113878 9 44.0
13 2.394838801995437 15 42.0
14 3.449434538249272 12 41.0
15 1.9784664345966227 18 40.0
16 3.0447027985709703 13 37.0
17 4.771838705625925 7 36.0
18 0.0 20 33.0
19 2.1038383527656945 17 33.0
20 2.569135080791772 14 31.0
1 9.715426435519731 1 100.0
2 6.006286946870889 4 81.0
3 7.084059867613439 3 77.0
4 7.424747572988492 2 75.0
5 5.902559229055122 6 70.0
6 5.9675934483525825 5 63.0
7 2.57517286741904 17 54.0
8 3.668698887153869 11 49.0
9 3.9919118744469704 10 47.0
10 0.0 20 44.0
11 3.102601030214699 14 44.0
12 3.0891934572371076 15 44.0
13 4.033720887693983 9 42.0
14 3.637940929017873 12 41.0
15 1.9725624561852717 19 40.0
16 4.904628046867617 8 37.0
17 5.28772553040767 7 36.0
18 2.8059092901815363 16 33.0
19 3.1553916473290906 13 33.0
20 2.1387548581910174 18 31.0
1 16.30815906919535 1 100.0
2 8.594600000022886 11 81.0
3 11.04033322879729 2 77.0
4 9.685408174163323 6 75.0
5 9.30695593073373 7 70.0
6 10.616852121684794 3 63.0
7 6.1653249465048665 17 54.0
8 7.462583075768149 13 49.0
9 10.60150699680967 4 47.0
10 5.310677933930885 19 44.0
11 8.904606996812955 9 44.0
12 8.760559069157896 10 44.0
13 7.672125277045672 12 42.0
14 6.8044332287732106 14 41.0
15 5.826335581343013 18 40.0
16 0.0 20 37.0
17 9.101733228776952 8 36.0
18 6.632517284032403 15 33.0
19 10.420617284015524 5 33.0
20 6.348812845487119 16 31.0
1 7.563011183411691 3 100.0
2 6.785399999997639 5 81.0
3 10.654799999941346 1 77.0
4 5.699431636213766 8 75.0
5 4.278599999953151 9 70.0
6 8.54270118390251 2 63.0
7 4.095963727623237 10 54.0
8 0.0 20 49.0
9 5.889867126447914 7 47.0
10 0.5121251985603053 19 44.0
11 3.5305000000143156 13 44.0
12 3.0037136578563173 15 44.0
13 4.021909054796224 12 42.0
14 3.012660000193004 14 41.0
15 1.4357136577890506 18 40.0
16 7.131267126529066 4 37.0
17 6.172872196821231 6 36.0
18 2.126436271274235 17 33.0
19 4.026195679109737 11 33.0
20 2.3457000003271418 16 31.0
1 12.376442694912221 1 100.0
2 6.136794309270095 7 81.0
3 7.528873463709923 4 77.0
4 6.309766454988714 5 75.0
5 7.873284550624356 3 70.0
6 8.099703695548154 2 63.0
7 1.1907206940837414 18 54.0
8 2.6815083261294417 15 49.0
9 2.619652748276074 16 47.0
10 1.6387648258675949 17 44.0
11 6.212008326129437 6 44.0
12 2.9956245303611833 12 44.0
13 2.9518387786452385 13 42.0
14 4.47117390398278 9 41.0
15 3.226847078896823 10 40.0
16 2.8861963044521124 14 37.0
17 5.5943205639573295 8 36.0
18 0.0 20 33.0
19 3.0720927482760563 11 33.0
20 0.09301860373910475 19 31.0
1 8.01462319240884 2 100.0
2 3.968400000011529 7 81.0
3 6.801658869484276 3 77.0
4 8.725090716918306 1 75.0
5 4.339390716918308 6 70.0
6 5.611329434742695 4 63.0
7 4.579046577819297 5 54.0
8 3.8843824387276906 8 49.0
9 1.8692725796569367 14 47.0
10 1.523817738990388 15 44.0
11 0.1954294347426928 19 44.0
12 2.217195649513026 13 44.0
13 3.656776577828087 10 42.0
14 1.2597150888469995 16 41.0
15 0.8864453584609908 17 40.0
16 3.678012438725359 9 37.0
17 3.4137788602906616 11 36.0
18 2.8435907168836727 12 33.0
19 0.0 20 33.0
20 0.33094515931272905 18 31.0
1 8.57226463416972 3 100.0
2 2.679825133572388 14 81.0
3 11.250033364667143 1 77.0
4 6.178025133572433 5 75.0
5 6.1731131582518595 6 70.0
6 3.576680122427738 10 63.0
7 0.0 20 54.0
8 2.4787230002905085 16 49.0
9 7.861146999709296 4 47.0
10 2.845646999709272 13 44.0
11 4.799143066511543 9 44.0
12 10.145946999709295 2 44.0
13 2.267488888457577 18 42.0
14 3.214197244566173 11 41.0
15 2.3446233646673145 17 40.0
16 1.4352000000000724 19 37.0
17 5.0024037555317795 7 36.0
18 4.846727840876008 8 33.0
19 2.5451070110154164 15 33.0
20 2.940933364667093 12 31.0
1 8.126401552495963 2 100.0
2 2.6826112823146775 14 81.0
3 10.460545871038445 1 77.0
4 5.181439999981837 6 75.0
5 3.8861399999999815 9 70.0
6 7.124924735730667 3 63.0
7 2.1954391775200386 16 54.0
8 4.00680155241724 8 49.0
9 3.150244387370785 11 47.0
10 0.33163999990620097 19 44.0
11 3.3362458710774794 10 44.0
12 3.0816221972031426 12 44.0
13 2.4427442544615134 15 42.0
14 2.9780525644656217 13 41.0
15 0.0 20 40.0
16 5.442505216806885 5 37.0
17 5.523168717870829 4 36.0
18 2.0613999999818713 17 33.0
19 4.578839177513714 7 33.0
20 1.1030391774872426 18 31.0
1 7.649802525332088 1 100.0
2 2.437895549052107 11 81.0
3 7.203701060885756 2 77.0
4 5.420024203557329 4 75.0
5 5.624059176761108 3 70.0
6 5.0290563340938785 5 63.0
7 2.3188324138264726 12 54.0
8 1.5913581417566267 14 49.0
9 4.629949549896066 6 47.0
10 0.5936399239528019 17 44.0
11 0.7322799641287556 15 44.0
12 3.3499563345876218 8 44.0
13 0.5243955677080931 18 42.0
14 2.447031978031005 10 41.0
15 1.7819563340055853 13 40.0
16 0.11311642985732417 19 37.0
17 3.634235524176665 7 36.0
18 0.0 20 33.0
19 2.782291978160234 9 33.0
20 0.6824355294752049 16 31.0
1 7.624774687131671 1 100.0
2 5.564134099537998 5 81.0
3 6.471894978967011 2 77.0
4 6.396449645453156 3 75.0
5 5.148281901060962 6 70.0
6 6.167578847543798 4 63.0
7 3.96338536668191 8 54.0
8 3.823434194385902 9 49.0
9 3.499389708182141 11 47.0
10 0.0 20 44.0
11 2.7526681465356826 14 44.0
12 2.1930621275729694 16 44.0
13 1.1757079838444846 19 42.0
14 3.05601340985227 12 41.0
15 1.2455582082387306 18 40.0
16 3.5189979658539126 10 37.0
17 4.401138441274454 7 36.0
18 1.5902886016201028 17 33.0
19 2.805739352572745 13 33.0
20 2.4049820603262186 15 31.0
1 9.471928248266542 1 100.0
2 4.468559497186986 7 81.0
3 6.774514222608511 4 77.0
4 6.815660308291155 3 75.0
5 6.485585388506426 5 70.0
6 8.34030801804185 2 63.0
7 2.07044307400591 14 54.0
8 1.9643003311372855 16 49.0
9 3.0956006560206792 9 47.0
10 2.5368601420448122 11 44.0
11 2.151000142044813 13 44.0
12 2.260806762674548 12 44.0
13 1.9108104654127176 18 42.0
14 1.9041127446592592 19 41.0
15 5.093208018041851 6 40.0
16 2.6484495143197715 10 37.0
17 3.6527553982750023 8 36.0
18 0.0 20 33.0
19 2.0370643916067444 15 33.0
20 1.9344373499489507 17 31.0
1 9.959630728462471 1 100.0
2 7.686528511167588 3 81.0
3 7.722526504786106 2 77.0
4 7.487902115623611 4 75.0
5 6.009587539885146 7 70.0
6 6.588639627926972 6 63.0
7 4.118513583905534 11 54.0
8 4.005694293439843 13 49.0
9 4.257732523930329 10 47.0
10 1.2966430944782594 19 44.0
11 0.0 20 44.0
12 2.8312071277919046 17 44.0
13 3.107385744416212 16 42.0
14 4.7620000000000005 8 41.0
15 4.075042766751442 12 40.0
16 3.6675000000000026 14 37.0
17 7.154707127791902 5 36.0
18 3.528967265156072 15 33.0
19 4.351914255583804 9 33.0
20 2.509575712508887 18 31.0
1 11.200924923364894 1 100.0
2 4.265117471263917 7 81.0
3 6.872875076585467 4 77.0
4 8.593377490417737 2 75.0
5 7.883412279693851 3 70.0
6 5.964686992328058 5 63.0
7 0.0 20 54.0
8 4.465587988515456 6 49.0
9 3.511853352507556 12 47.0
10 0.39380000001414306 19 44.0
11 1.010217471263703 17 44.0
12 1.873199999995967 16 44.0
13 2.145899636016366 15 42.0
14 3.895927452109173 9 41.0
15 3.5855599616823004 10 40.0
16 4.024696532573511 8 37.0
17 3.5063470524856983 13 36.0
18 3.541937509591676 11 33.0
19 3.4077174712637532 14 33.0
20 0.5545470524905518 18 31.0
1 9.239930399124479 2 100.0
2 5.184232274936957 6 81.0
3 2.56755700244487 11 77.0
4 8.446792985926301 3 75.0
5 6.915853696916085 4 70.0
6 9.266170494310419 1 63.0
7 0.5033570024448899 18 54.0
8 1.8113529741455565 15 49.0
9 0.7947553496803645 16 47.0
10 3.0135865473526433 9 44.0
11 2.522480307973893 12 44.0
12 3.0795553496803096 8 44.0
13 1.8965928294940184 14 42.0
14 2.321867480155663 13 41.0
15 2.636963895516447 10 40.0
16 0.2162053496803149 19 37.0
17 5.287391442280563 5 36.0
18 0.56015444126816 17 33.0
19 3.4476365687339534 7 33.0
20 0.0 20 31.0
1 7.635737986487452 1 100.0
2 4.828155884890881 7 81.0
3 6.867624679337233 2 77.0
4 6.7863011162776505 3 75.0
5 3.8556521742043737 8 70.0
6 6.695638116253546 4 63.0
7 0.25919210523331593 18 54.0
8 2.423871943489525 10 49.0
9 0.3379766452749622 17 47.0
10 0.8570221052288498 14 44.0
11 1.5713983255463015 13 44.0
12 0.35759252285345244 16 44.0
13 3.8509125552294314 9 42.0
14 1.6412950803779265 12 41.0
15 0.5846011161192859 15 40.0
16 6.244247713354037 5 37.0
17 5.12240055813378 6 36.0
18 0.0 20 33.0
19 2.242732871496891 11 33.0
20 0.06764693570462121 19 31.0
1 9.128969804831467 1 100.0
2 5.776941208609542 7 81.0
3 8.42612850419511 2 77.0
4 8.323132532132108 3 75.0
5 5.109754902415721 10 70.0
6 7.304161745011598 4 63.0
7 3.845061745011552 13 54.0
8 2.2490101786622296 16 49.0
9 5.860885552152388 6 47.0
10 0.3316400000000046 19 44.0
11 4.677731104304775 12 44.0
12 5.242410656457165 9 44.0
13 3.5185853407183947 14 42.0
14 6.362108936425269 5 41.0
15 0.0 20 40.0
16 5.280261745011539 8 37.0
17 4.874857427686125 11 36.0
18 1.205479545431896 18 33.0
19 2.7326505761683837 15 33.0
20 1.4350825589642522 17 31.0
1 8.410854736686009 2 100.0
2 5.690668751871346 7 81.0
3 7.442012977341481 4 77.0
4 5.855273992918726 6 75.0
5 5.099003408656602 8 70.0
6 6.221058845507024 5 63.0
7 1.0175188802554396 16 54.0
8 8.441573408656872 1 49.0
9 3.7797010804154643 9 47.0
10 0.33163999998710025 18 44.0
11 0.31807699646621357 19 44.0
12 2.879510537680315 13 44.0
13 3.1528814963621814 12 42.0
14 3.2061129773187425 10 41.0
15 0.0 20 40.0
16 8.23520340865656 3 37.0
17 3.1576868084687106 11 36.0
18 2.4241285298523474 15 33.0
19 2.5532034086583426 14 33.0
20 0.9584909677489257 17 31.0
1 12.698559856974533 1 100.0
2 6.485500071704381 8 81.0
3 8.0019399284763 5 77.0
4 10.419220787347381 2 75.0
5 10.227382218304314 4 70.0
6 10.328557787120772 3 63.0
7 0.0 20 54.0
8 5.093601502673398 13 49.0
9 5.67421978519317 10 47.0
10 1.2634999284070174 18 44.0
11 0.8776399284948218 19 44.0
12 6.163423112672762 9 44.0
13 5.005623113096539 14 42.0
14 4.4933594812702955 15 41.0
15 2.100800000235146 17 40.0
16 5.441749302307614 11 37.0
17 7.200140070955113 6 36.0
18 5.244909481145054 12 33.0
19 3.396116386672164 16 33.0
20 6.550395849785159 7 31.0
1 9.852969221169303 1 100.0
2 3.147070328423239 11 81.0
3 6.980322479728439 2 77.0
4 5.230329687164641 5 75.0
5 5.8374283595066405 3 70.0
6 5.407844477248125 4 63.0
7 2.4677984793903516 13 54.0
8 3.0473193693364578 12 49.0
9 3.4559536761787353 9 47.0
10 0.0 20 44.0
11 2.359202715973769 15 44.0
12 1.9323083148502471 16 44.0
13 1.6871128595368787 17 42.0
14 3.607940333442522 8 41.0
15 3.2250540809020944 10 40.0
16 2.464397117732534 14 37.0
17 4.967022828819723 7 36.0
18 1.384184301862923 18 33.0
19 5.040860365455483 6 33.0
20 0.22503177915871175 19 31.0
1 10.920223211643705 1 100.0
2 5.511567283957468 9 81.0
3 6.932707299038359 5 77.0
4 8.482447114252757 2 75.0
5 7.170695486772324 4 70.0
6 8.265045775310156 3 63.0
7 3.9218502455302477 15 54.0
8 1.1732710168698484 18 49.0
9 5.158721537581025 10 47.0
10 0.0 20 44.0
11 6.738560855829233 6 44.0
12 4.037395486748421 14 44.0
13 3.765485754070685 16 42.0
14 4.052065936348978 13 41.0
15 2.566007299043101 17 40.0
16 5.7210863929068445 7 37.0
17 5.701357589022519 8 36.0
18 4.627407299038361 12 33.0
19 5.063019186138379 11 33.0
20 0.6606200174484602 19 31.0
1 10.8437856393259 3 100.0
2 9.350125225339456 7 81.0
3 11.572928706303319 1 77.0
4 10.702463223358755 4 75.0
5 9.649228707799598 5 70.0
6 11.085923769558745 2 63.0
7 5.3964504559070505 17 54.0
8 7.545837391584718 10 49.0
9 7.152247384851683 12 47.0
10 1.5120000002588627 19 44.0
11 6.095225228469214 15 44.0
12 7.469971900005898 11 44.0
13 9.597763221521237 6 42.0
14 5.679347690259819 16 41.0
15 6.520737688679265 14 40.0
16 2.816662614664648 18 37.0
17 6.538099998504665 13 36.0
18 8.58213769021892 8 33.0
19 7.863305302602138 9 33.0
20 0.0 20 31.0
1 12.027208666635524 1 100.0
2 2.7402999999670996 15 81.0
3 9.09549999996339 2 77.0
4 5.468899999942049 10 75.0
5 7.171799999973667 5 70.0
6 6.644133333252318 6 63.0
7 4.109866666697798 13 54.0
8 0.9995999999556338 18 49.0
9 6.617999999924615 7 47.0
10 0.3165666665218687 19 44.0
11 6.209322666613746 8 44.0
12 5.579294666635523 9 44.0
13 1.9561999999338804 17 42.0
14 8.953899999962855 3 41.0
15 5.110980666613746 11 40.0
16 7.859399999976227 4 37.0
17 4.147233333317874 12 36.0
18 3.310933333337373 14 33.0
19 2.0349000000776414 16 33.0
20 0.0 20 31.0
1 7.062434886054691 2 100.0
2 5.350075339827693 5 81.0
3 6.058720806586624 4 77.0
4 4.302236964389067 7 75.0
5 5.123051344379341 6 70.0
6 6.356077375355646 3 63.0
7 2.370255895568445 12 54.0
8 3.6954235185604913 9 49.0
9 3.570075339844841 10 47.0
10 1.860396792710007 15 44.0
11 1.8731753398276432 14 44.0
12 2.2321076900567114 13 44.0
13 1.0292133421475915 17 42.0
14 1.5674046487380406 16 41.0
15 0.8637069703742672 18 40.0
16 8.87433616932852 1 37.0
17 3.8326823967897377 8 36.0
18 0.6461753397453429 19 33.0
19 3.192336169299808 11 33.0
20 0.0 20 31.0
1 7.862084523604978 1 100.0
2 5.495821095620979 6 81.0
3 7.136216929344171 2 77.0
4 5.698891127354511 4 75.0
5 4.651455751444846 9 70.0
6 5.675618926112625 5 63.0
7 2.2249098658134816 14 54.0
8 1.587398705726129 17 49.0
9 0.0 20 47.0
10 6.261274876562373 3 44.0
11 2.5641436583419512 11 44.0
12 2.284800000000003 13 44.0
13 1.732507421762638 16 42.0
14 2.4843748765623745 12 41.0
15 0.7707701199995749 19 40.0
16 5.09141824383316 7 37.0
17 5.078388296874803 8 36.0
18 1.9083576676369827 15 33.0
19 2.566415542080054 10 33.0
20 0.819655478860791 18 31.0
1 9.617639478535072 1 100.0
2 4.2002696410343106 9 81.0
3 5.697827971172032 4 77.0
4 5.789090571632173 2 75.0
5 5.092181771729995 5 70.0
6 5.734540728588884 3 63.0
7 2.207155942336783 17 54.0
8 4.350562860782166 7 49.0
9 2.169473600279125 18 47.0
10 1.4779358015209731 19 44.0
11 0.0 20 44.0
12 3.8754356620078876 11 44.0
13 2.9868394785489474 15 42.0
14 4.289594719843425 8 41.0
15 2.5601020340334895 16 40.0
16 3.5244118161402684 12 37.0
17 4.701839478548951 6 36.0
18 3.8832019620154936 10 33.0
19 3.0728769951178987 14 33.0
20 3.379330605948153 13 31.0
1 8.03450067121679 1 100.0
2 3.7165501198730935 6 81.0
3 6.093893752388494 2 77.0
4 5.776367146651413 3 75.0
5 4.261385591420003 5 70.0
6 4.514757820186828 4 63.0
7 2.3636578261769765 9 54.0
8 0.8132429190310511 15 49.0
9 2.333001283444811 10 47.0
10 0.0 20 44.0
11 1.521517490664041 13 44.0
12 1.81959454376391 12 44.0
13 1.9681389472327555 11 42.0
14 2.6906868590079767 8 41.0
15 0.588936589720525 16 40.0
16 0.1968159802862428 19 37.0
17 2.7725383896067073 7 36.0
18 0.4293165402548764 17 33.0
19 1.3845616811613937 14 33.0
20 0.21364157389668303 18 31.0
1 9.740924510331482 1 100.0
2 5.022112355604512 7 81.0
3 9.059123009955854 2 77.0
4 6.3630698015384475 6 75.0
5 7.135423009955742 3 70.0
6 7.048121331856837 4 63.0
7 3.0151354196480256 16 54.0
8 2.470266510630292 19 49.0
9 2.5846977665933597 17 47.0
10 0.0 20 44.0
11 4.144338111345778 9 44.0
12 3.8378292208473077 10 44.0
13 3.2821311854434754 14 42.0
14 3.4190040747643025 12 41.0
15 3.5091184406400417 11 40.0
16 6.880540001054228 5 37.0
17 4.877841802206711 8 36.0
18 2.4721332151837365 18 33.0
19 3.227314834468887 15 33.0
20 3.373925947847466 13 31.0
1 10.240955906285938 1 100.0
2 4.784478536714779 6 81.0
3 9.019098649112113 2 77.0
4 6.970637448512486 3 75.0
5 5.792539809630202 5 70.0
6 6.667504620633231 4 63.0
7 2.3741188226378913 15 54.0
8 3.8515175127266668 9 49.0
9 3.457927443287382 11 47.0
10 0.0 20 44.0
11 2.1918582869716627 16 44.0
12 4.063655165830358 8 44.0
13 2.837472516455007 13 42.0
14 3.6491332217332486 10 41.0
15 2.1071822787055137 17 40.0
16 3.015327379759583 12 37.0
17 4.727877904960766 7 36.0
18 0.7287810546324662 19 33.0
19 2.7125220886206103 14 33.0
20 1.8332122295322115 18 31.0
1 7.547600000000012 3 100.0
2 6.0640404635810725 7 81.0
3 7.480346647559622 5 77.0
4 7.510620536044694 4 75.0
5 8.341904650231383 1 70.0
6 7.98916536873659 2 63.0
7 3.1811205360448414 14 54.0
8 4.1989792330616 10 49.0
9 4.145854037897594 11 47.0
10 3.0598637751724245 16 44.0
11 3.7337575434174095 13 44.0
12 0.0 20 44.0
13 3.10827937593706 15 42.0
14 5.633884317873514 8 41.0
15 4.101727839808004 12 40.0
16 2.7263695920490743 17 37.0
17 6.608884089913551 6 36.0
18 1.6724999999999604 19 33.0
19 5.552907147585471 9 33.0
20 2.6334000880182664 18 31.0
1 9.579444802577372 2 100.0
2 6.370679966285628 3 81.0
3 5.993446083660331 4 77.0
4 4.618465534546114 6 75.0
5 5.829346086974503 5 70.0
6 10.559134801301267 1 63.0
7 1.4892799664325986 16 54.0
8 2.75107135940672 14 49.0
9 2.953489599715291 13 47.0
10 4.016634801585704 8 44.0
11 2.293157768226404 15 44.0
12 4.467734399584986 7 44.0
13 0.10565777016174316 19 42.0
14 3.2125655316302977 9 41.0
15 1.0707727139216283 18 40.0
16 0.0 20 37.0
17 3.007146082707371 11 36.0
18 3.132172711093766 10 33.0
19 2.9750527508311113 12 33.0
20 1.1408071824087038 17 31.0
1 11.14088588112055 1 100.0
2 5.8603293226183375 5 81.0
3 7.872051792066553 2 77.0
4 7.562126056685992 3 75.0
5 5.948351792098451 4 70.0
6 5.438756201575202 7 63.0
7 2.1684279172827727 17 54.0
8 3.662092827709542 13 49.0
9 5.285485881120963 8 47.0
10 0.0 20 44.0
11 3.8744743202734044 10 44.0
12 3.732138702259017 12 44.0
13 3.7461212029278563 11 42.0
14 3.5519816944967504 14 41.0
15 2.898754788403709 16 40.0
16 3.2096762907496172 15 37.0
17 5.628764139409095 6 36.0
18 0.9486858810937138 19 33.0
19 4.736785881124234 9 33.0
20 1.5166514679314487 18 31.0
1 8.66736901559585 3 100.0
2 6.49235737942112 13 81.0
3 9.538360416794388 2 77.0
4 12.672790833588856 1 75.0
5 6.920559092928648 9 70.0
6 8.598268938263455 4 63.0
7 6.508120833588755 12 54.0
8 5.479865586125619 14 49.0
9 7.722020340319014 6 47.0
10 2.6140426770637886 19 44.0
11 7.507890833588878 7 44.0
12 3.8997000000006 18 44.0
13 5.320560808441067 15 42.0
14 7.030089847048874 8 41.0
15 4.700664213343709 16 40.0
16 6.719567106672038 11 37.0
17 6.870131482773507 10 36.0
18 4.645671768801224 17 33.0
19 7.766864213344112 5 33.0
20 0.0 20 31.0
1 6.11916729557852 3 100.0
2 6.415473119471141 2 81.0
3 6.11075849557157 4 77.0
4 6.099200000011003 5 75.0
5 4.759712256624704 7 70.0
6 8.135973119471739 1 63.0
7 3.8875698562027186 10 54.0
8 2.967740110643242 15 49.0
9 4.384399856195458 9 47.0
10 0.0 20 44.0
11 3.7592731194716262 11 44.0
12 2.0165648561839236 17 44.0
13 2.965299856166382 16 42.0
14 4.737487743353842 8 41.0
15 1.2120896018055385 19 40.0
16 3.3355231194770756 12 37.0
17 5.026100000002632 6 36.0
18 1.4604998562044291 18 33.0
19 3.2461009292013596 13 33.0
20 3.096973119469172 14 31.0
1 7.707553768480618 1 100.0
2 4.527021248891816 6 81.0
3 7.136223983650633 2 77.0
4 5.916200514452251 4 75.0
5 6.852069188012148 3 70.0
6 4.605671641910925 5 63.0
7 0.5425259788840555 19 54.0
8 2.415794495082828 13 49.0
9 1.6771656220250057 14 47.0
10 2.7073095838970636 11 44.0
11 3.044995085721861 10 44.0
12 3.9588412493838296 8 44.0
13 0.0 20 42.0
14 2.6650384177693893 12 41.0
15 1.3239976367585433 15 40.0
16 1.2689898549302718 17 37.0
17 4.171559625057975 7 36.0
18 3.9432964944123317 9 33.0
19 1.273359580575932 16 33.0
20 0.6941851129576229 18 31.0
1 8.412467540986892 1 100.0
2 4.273853471317203 8 81.0
3 8.388231506741988 2 77.0
4 6.688222924801259 3 75.0
5 5.653238939747268 6 70.0
6 5.868975014783452 4 63.0
7 0.0 20 54.0
8 2.1283980714826933 14 49.0
9 2.891299985499209 11 47.0
10 0.9030371581898966 18 44.0
11 3.0425455174304865 10 44.0
12 2.454473253007138 13 44.0
13 1.9136452971182616 15 42.0
14 3.445735902446736 9 41.0
15 0.9310389498073852 17 40.0
16 4.8009913725448055 7 37.0
17 5.720443421178885 5 36.0
18 1.577258443876358 16 33.0
19 2.758927785330524 12 33.0
20 0.782195968712962 19 31.0
1 11.114930545918824 1 100.0
2 6.427860044025717 6 81.0
3 8.279775253147847 3 77.0
4 10.334416722726083 2 75.0
5 7.573016573919174 4 70.0
6 7.5695820674473975 5 63.0
7 0.0 20 54.0
8 4.682502899533336 11 49.0
9 5.184077932552617 10 47.0
10 0.5978300000000027 19 44.0
11 5.398276207625259 9 44.0
12 2.9610096187373505 15 44.0
13 1.9952722541164114 18 42.0
14 5.740295865105227 8 41.0
15 4.598594222946208 12 40.0
16 4.186616417187647 13 37.0
17 5.9675167227260815 7 36.0
18 3.905458192304316 14 33.0
19 2.0739722541164127 17 33.0
20 2.07790944175399 16 31.0
1 8.638806505253156 1 100.0
2 4.955874730798248 6 81.0
3 7.0575635372556 3 77.0
4 6.400185929272687 4 75.0
5 8.631913315304875 2 70.0
6 6.095355793805476 5 63.0
7 2.675855950791742 12 54.0
8 3.7598470394016554 9 49.0
9 3.1013091619123645 10 47.0
10 1.0453212976476793 16 44.0
11 2.316295552791752 15 44.0
12 3.8030671988207447 8 44.0
13 2.7181879667537228 11 42.0
14 0.0 20 41.0
15 0.8413899999981194 18 40.0
16 2.538604939768681 13 37.0
17 4.478655950795306 7 36.0
18 0.3819542303535921 19 33.0
19 2.42604271031004 14 33.0
20 0.8421886583156386 17 31.0
1 8.29347090545224 1 100.0
2 5.468464728788051 4 81.0
3 7.806898291432315 2 77.0
4 6.717164051191268 3 75.0
5 3.792471902474259 8 70.0
6 5.395932989168449 5 63.0
7 1.5654720186882494 15 54.0
8 1.7066129129095438 14 49.0
9 2.6346690853782926 10 47.0
10 0.0 20 44.0
11 2.498463894997064 11 44.0
12 0.8686848439665509 17 44.0
13 4.0366647297709735 6 42.0
14 1.8595852912104867 13 41.0
15 1.1963328142720355 16 40.0
16 3.43837055527016 9 37.0
17 3.9757588969849627 7 36.0
18 0.6672797519746854 18 33.0
19 2.486258950841901 12 33.0
20 0.2924728082687422 19 31.0
1 8.133120219760674 1 100.0
2 1.2303468834245088 16 81.0
3 6.207882291756773 4 77.0
4 5.251402904579795 5 75.0
5 6.740663706076376 3 70.0
6 7.059987878085026 2 63.0
7 2.5331852205539978 10 54.0
8 2.3246216070450796 12 49.0
9 0.0 20 47.0
10 2.512425990071447 11 44.0
11 2.675412774978874 9 44.0
12 2.772469659263426 8 44.0
13 1.9368831911982891 13 42.0
14 1.168360953570596 17 41.0
15 1.3033303344153127 15 40.0
16 1.8866392558510217 14 37.0
17 3.2173201525534942 7 36.0
18 0.7080761082004687 18 33.0
19 3.5449786922218545 6 33.0
20 0.3274931048493501 19 31.0
1 8.02457187661764 2 100.0
2 6.4568613991121 5 81.0
3 7.381718603172063 3 77.0
4 7.134058876507968 4 75.0
5 6.416659445428172 6 70.0
6 9.004261876617644 1 63.0
7 2.2605061505888147 15 54.0
8 3.807199152441974 11 49.0
9 1.079190113014795 18 47.0
10 2.246897780566248 16 44.0
11 3.401598401494055 12 44.0
12 4.081929425653023 10 44.0
13 2.941401453738502 14 42.0
14 4.564214642655328 8 41.0
15 1.7802083494119447 17 40.0
16 0.0 20 37.0
17 5.30761910418423 7 36.0
18 3.1639045059829494 13 33.0
19 4.099853424669657 9 33.0
20 0.2579122707092276 19 31.0
1 8.74885687099352 1 100.0
2 5.857015680673722 6 81.0
3 6.4408033122660635 4 77.0
4 7.277485415590235 3 75.0
5 5.515698835613889 7 70.0
6 8.135523435496532 2 63.0
7 1.3034184405431555 17 54.0
8 2.0440575458148453 14 49.0
9 4.5225212004131885 8 47.0
10 0.0 20 44.0
11 2.5259789499494962 13 44.0
12 0.7653072084038337 19 44.0
13 1.6612059514335997 16 42.0
14 5.899154098892159 5 41.0
15 1.0248804916541916 18 40.0
16 3.12119542904051 11 37.0
17 3.9601388927811794 9 36.0
18 1.834903312265133 15 33.0
19 2.6441621476962927 12 33.0
20 3.582798835612473 10 31.0
1 8.781803508014551 1 100.0
2 4.254582216587887 7 81.0
3 6.945355089250668 4 77.0
4 7.668313410050697 2 75.0
5 7.2732256533274775 3 70.0
6 5.247433654960211 5 63.0
7 2.6482256533274757 14 54.0
8 2.259706050049484 16 49.0
9 3.2629427918112275 11 47.0
10 3.425058941551415 10 44.0
11 3.7506950933324417 9 44.0
12 0.12780350801450524 19 44.0
13 1.9600127918112271 17 42.0
14 4.248412791811221 8 41.0
15 2.699623312086909 13 40.0
16 2.7007512369499183 12 37.0
17 4.451025653327423 6 36.0
18 0.0 20 33.0
19 2.3777035080144935 15 33.0
20 0.8401743466725335 18 31.0
1 11.949944055491805 1 100.0
2 4.657100000000937 10 81.0
3 3.4219956423984277 12 77.0
4 7.941570277937982 3 75.0
5 5.556199999995911 5 70.0
6 9.841801284752332 2 63.0
7 1.3577956422494664 19 54.0
8 4.726535867558292 9 49.0
9 4.04783841315961 11 47.0
10 1.6431414860824338 18 44.0
11 1.857595695132562 17 44.0
12 2.781458513934793 15 44.0
13 5.410122670205225 6 42.0
14 5.27978236810545 7 41.0
15 2.256021112166283 16 40.0
16 3.2425327713465535 14 37.0
17 6.211866155358192 4 36.0
18 3.4086386769216137 13 33.0
19 4.940379899323414 8 33.0
20 0.0 20 31.0
1 9.710678708225437 1 100.0
2 4.783257544758657 7 81.0
3 7.679654132495706 2 77.0
4 6.899699933675318 3 75.0
5 5.054369351151925 5 70.0
6 5.2775170030270235 4 63.0
7 1.7629112488525291 13 54.0
8 0.819991358099506 17 49.0
9 1.7600884956963923 14 47.0
10 0.47209446173108205 18 44.0
11 1.1067746868505868 16 44.0
12 1.2613996680059292 15 44.0
13 2.529350611529571 10 42.0
14 2.758264777837744 8 41.0
15 2.2707088347899607 12 40.0
16 0.0 20 37.0
17 4.799852372012701 6 36.0
18 2.4368948731436357 11 33.0
19 2.609620627786235 9 33.0
20 0.23851700302706558 19 31.0
1 8.19684788573927 2 100.0
2 9.500301543033164 1 81.0
3 6.391921470765587 6 77.0
4 6.920100211890872 3 75.0
5 3.5392997881088726 13 70.0
6 4.031105664655436 11 63.0
7 4.565142915052427 9 54.0
8 0.0 20 49.0
9 6.476788549874323 5 47.0
10 3.9682461844403174 12 44.0
11 4.779888549874297 8 44.0
12 0.649247885739241 19 44.0
13 4.194131497708012 10 42.0
14 3.3448344480864285 14 41.0
15 1.2520736115052564 17 40.0
16 1.1919627577712504 18 37.0
17 6.551605731358343 4 36.0
18 2.3217478857390668 16 33.0
19 5.299398956276085 7 33.0
20 2.5158456020407414 15 31.0
1 12.810625023489488 1 100.0
2 5.399067218767705 4 81.0
3 4.933489999999993 6 77.0
4 7.665787982547631 2 75.0
5 5.021570732249641 5 70.0
6 6.217286367937369 3 63.0
7 4.785416417352055 7 54.0
8 0.7552899548487955 18 49.0
9 1.4052128263834804 17 47.0
10 0.2066250234894942 19 44.0
11 3.226811836847563 10 44.0
12 3.3794756601104994 9 44.0
13 2.6638513926447116 12 42.0
14 2.3906828263834825 13 41.0
15 2.0659201192863756 14 40.0
16 0.0 20 37.0
17 4.071113042420609 8 36.0
18 1.9463164173520533 15 33.0
19 3.1424461652719984 11 33.0
20 1.866571836483422 16 31.0
1 5.996452978407747 4 100.0
2 2.8842133500762968 10 81.0
3 11.533851019589061 1 77.0
4 4.928205956786879 6 75.0
5 5.157651019584922 5 70.0
6 10.265951019589295 2 63.0
7 2.7906133500762964 11 54.0
8 0.7805577348154249 16 49.0
9 2.955733184327992 9 47.0
10 0.40310404319273374 17 44.0
11 0.0 20 44.0
12 1.5564156805661429 15 44.0
13 1.66471197388908 14 42.0
14 3.345083350077378 7 41.0
15 0.022002978407752227 19 40.0
16 2.2505833500762966 13 37.0
17 8.547551019589292 3 36.0
18 0.03183318433097648 18 33.0
19 2.4689943947832367 12 33.0
20 3.2247510195900864 8 31.0
1 11.565458301712834 2 100.0
2 6.154239226730222 7 81.0
3 7.398406756632822 5 77.0
4 9.817565455614421 3 75.0
5 7.428221595550251 4 70.0
6 14.106458301721608 1 63.0
7 0.0 20 54.0
8 4.995381420635184 11 49.0
9 5.01612855475132 10 47.0
10 2.7162067566421313 18 44.0
11 3.6100250751449554 15 44.0
12 4.195606756640435 13 44.0
13 3.6242269886178478 14 42.0
14 7.307193525591527 6 41.0
15 2.100800000014079 19 40.0
16 4.374674286585519 12 37.0
17 6.033087143265588 8 36.0
18 5.690358301723532 9 33.0
19 2.9295166413646623 17 33.0
20 2.966583977245854 16 31.0
1 8.6039802941031 1 100.0
2 5.360056639365579 6 81.0
3 8.562010586637731 2 77.0
4 6.579087523848617 4 75.0
5 5.787198757402012 5 70.0
6 6.937131002055948 3 63.0
7 1.2040515651224486 18 54.0
8 2.37715932343016 11 49.0
9 3.467039390762249 8 47.0
10 1.2016521396163897 19 44.0
11 2.205847426586287 13 44.0
12 3.4864700038314282 7 44.0
13 2.339696646043894 12 42.0
14 1.9443471804738752 15 41.0
15 1.8354764779851378 16 40.0
16 3.402392799841866 9 37.0
17 2.964998762321613 10 36.0
18 2.1375582620245934 14 33.0
19 0.0 20 33.0
20 1.5328625446990989 17 31.0
1 8.278061150824758 3 100.0
2 5.077526222093953 7 81.0
3 8.846573941798184 1 77.0
4 5.955368848059045 5 75.0
5 8.842472395784363 2 70.0
6 7.57867394179819 4 63.0
7 2.1094457563562554 17 54.0
8 4.316897157138148 9 49.0
9 4.042927275131526 10 47.0
10 3.381688004587258 13 44.0
11 0.0 20 44.0
12 3.7730193312622347 11 44.0
13 2.4269228520741315 14 42.0
14 4.558325287049858 8 41.0
15 2.3343082442002583 15 40.0
16 2.3267567869811456 16 37.0
17 5.308834830995912 6 36.0
18 0.7879183648556327 18 33.0
19 3.540820608464847 12 33.0
20 0.6784432130185132 19 31.0
1 8.551961004217263 1 100.0
2 4.102130331927979 6 81.0
3 3.792799999999901 8 77.0
4 5.296841922187307 3 75.0
5 4.218129843286574 5 70.0
6 3.9118551745339665 7 63.0
7 0.23406966807226404 19 54.0
8 0.9819176765065962 16 49.0
9 0.0 20 47.0
10 0.6573176765064943 18 44.0
11 0.7526486722895043 17 44.0
12 6.052408912800969 2 44.0
13 2.6695595241465013 11 42.0
14 2.982322840158226 9 41.0
15 2.0068321776624227 14 40.0
16 2.20586750891031 13 37.0
17 4.427808912800865 4 36.0
18 2.7238298432865746 10 33.0
19 1.9322954022578633 15 33.0
20 2.285229843286794 12 31.0
1 10.01765357680096 1 100.0
2 4.21984120228603 9 81.0
3 6.16380621181119 4 77.0
4 5.646677629154029 5 75.0
5 7.103165202709353 2 70.0
6 4.895906211811182 7 63.0
7 0.0 20 54.0
8 0.1646896456642577 19 49.0
9 4.374124030198262 8 47.0
10 0.4222096192760949 18 44.0
11 1.225559317716868 17 44.0
12 2.6191531059055966 13 44.0
13 4.059005878924715 11 42.0
14 4.979351274677196 6 41.0
15 1.7971062118111565 15 40.0
16 1.7871122602130625 16 37.0
17 6.215712785295986 3 36.0
18 4.142553576800959 10 33.0
19 2.655123268185955 12 33.0
20 2.3991828576871574 14 31.0
1 8.091720040096579 1 100.0
2 7.213855948459869 3 81.0
3 4.46344405174261 6 77.0
4 6.0476951551201275 4 75.0
5 3.206785557658551 9 70.0
6 4.576288103455978 5 63.0
7 3.3506200400709423 8 54.0
8 0.34607735849284804 17 49.0
9 3.5723093967259962 7 47.0
10 2.0395386263891524 12 44.0
11 0.2641249654657627 18 44.0
12 0.21025477142002513 19 44.0
13 2.278947477170417 11 42.0
14 1.7043794084259412 16 41.0
15 1.7078986263849545 15 40.0
16 0.0 20 37.0
17 7.440785557658942 2 36.0
18 1.7109855570219352 14 33.0
19 2.021485308639803 13 33.0
20 2.4304822873265675 10 31.0
1 9.369431483354376 1 100.0
2 4.374398622724935 5 81.0
3 8.320267158232877 2 77.0
4 6.323524952778218 3 75.0
5 3.750580633578125 7 70.0
6 5.084696689969358 4 63.0
7 0.23495106967649004 19 54.0
8 1.7889439520316512 15 49.0
9 3.1327815777985144 8 47.0
10 0.0 20 44.0
11 2.056450413600999 14 44.0
12 2.158712746361494 13 44.0
13 2.7992680885540837 11 42.0
14 4.0933161757736904 6 41.0
15 2.435698088553795 12 40.0
16 0.7573855016876219 17 37.0
17 2.8423439520324525 10 36.0
18 1.7746243610659622 16 33.0
19 2.967539520714954 9 33.0
20 0.3707184222029829 18 31.0
1 12.694400602404894 1 100.0
2 4.639720401603035 8 81.0
3 7.814496305211053 2 77.0
4 7.20606050200402 3 75.0
5 4.659972923934461 7 70.0
6 5.064211293838806 6 63.0
7 2.896537248195316 12 54.0
8 2.254677231045698 14 49.0
9 1.5019776277485217 16 47.0
10 1.10686050200405 18 44.0
11 3.896307248195205 9 44.0
12 2.575417525314278 13 44.0
13 3.3669382192719475 11 42.0
14 3.434472923934355 10 41.0
15 1.2781871496066453 17 40.0
16 5.493161104409267 5 37.0
17 6.76214070280583 4 36.0
18 0.0 20 33.0
19 1.6158543911504495 15 33.0
20 0.15399446079354284 19 31.0
1 9.05189698447833 1 100.0
2 5.762914105979127 6 81.0
3 7.534749858363892 3 77.0
4 6.0898041747186795 5 75.0
5 6.417959000121868 4 70.0
6 7.799659000120552 2 63.0
7 0.6939002538150958 19 54.0
8 2.9771873632532864 10 49.0
9 2.1992591989202657 14 47.0
10 2.8085445148679242 11 44.0
11 0.0 20 44.0
12 4.484059198918855 8 44.0
13 1.0264444439689884 18 42.0
14 4.14625896330728 9 41.0
15 1.9438629060774586 15 40.0
16 1.5633798878157088 16 37.0
17 4.85181065710547 7 36.0
18 2.7153645256363754 12 33.0
19 2.397499999999387 13 33.0
20 1.2951705076315454 17 31.0
1 10.76956152769592 2 100.0
2 5.597907785566436 9 81.0
3 10.294677785566801 3 77.0
4 13.335112134631164 1 75.0
5 4.504077112679404 12 70.0
6 8.485012134614337 4 63.0
7 6.0284615276094815 7 54.0
8 2.360363428544444 18 49.0
9 2.449531997243598 17 47.0
10 0.0 20 44.0
11 4.6833979971205615 11 44.0
12 4.734331997277385 10 44.0
13 4.112382631881397 13 42.0
14 6.058777785566408 6 41.0
15 2.6202077855664467 15 40.0
16 6.461112134635782 5 37.0
17 5.912770044032101 8 36.0
18 2.60939131594012 16 33.0
19 2.9078542252915303 14 33.0
20 2.197377785566441 19 31.0
1 9.95429061419803 1 100.0
2 6.558215989736939 8 81.0
3 9.945881810731073 2 77.0
4 9.522343986471526 3 75.0
5 7.989858161438102 5 70.0
6 9.134794810352911 4 63.0
7 5.882313166620645 11 54.0
8 6.367157677455385 9 49.0
9 4.778215989550048 14 47.0
10 0.0 20 44.0
11 4.3574439875639985 16 44.0
12 4.067003443559622 17 44.0
13 5.992087536124818 10 42.0
14 5.268603439482404 12 41.0
15 4.7087723352136575 15 40.0
16 5.223271169051508 13 37.0
17 7.806927996225678 6 36.0
18 2.6111999846377256 19 33.0
19 7.279467678038359 7 33.0
20 2.661323119063011 18 31.0
1 13.563585964547752 1 100.0
2 7.1768902607706675 10 81.0
3 11.41317747254467 2 77.0
4 10.038183868376723 4 75.0
5 8.8366480321641 7 70.0
6 9.61447596406414 5 63.0
7 5.763524031887188 12 54.0
8 1.853300001232908 18 49.0
9 6.863348044576041 11 47.0
10 11.171112778943478 3 44.0
11 8.845385966114726 6 44.0
12 5.749300511029575 13 44.0
13 5.415712782561373 14 42.0
14 7.394212782669133 9 41.0
15 0.0 20 40.0
16 0.5567700009413761 19 37.0
17 7.767778829421499 8 36.0
18 2.061399996428218 17 33.0
19 4.74582740230875 15 33.0
20 3.5982127786832168 16 31.0
1 8.01683951513586 1 100.0
2 6.6945274897338445 3 81.0
3 6.56068278102607 4 77.0
4 7.2972350557156584 2 75.0
5 4.45002604691682 9 70.0
6 6.096610697457297 6 63.0
7 0.9688893025426326 19 54.0
8 1.2503522052769749 18 49.0
9 4.914527489733641 7 47.0
10 1.9911199237528587 15 44.0
11 1.4009296862262919 17 44.0
12 2.8420893025435205 13 44.0
13 3.7509324817040737 10 42.0
14 3.371752205275786 12 41.0
15 1.9069823709706974 16 40.0
16 4.707621210317697 8 37.0
17 6.364002905499298 5 36.0
18 2.1417395151349297 14 33.0
19 3.697955024476672 11 33.0
20 0.0 20 31.0
