1 1.22651134728134 14 100.0
2 2.3418634320724823 8 81.0
3 2.635646154503803 6 77.0
4 3.9007620006812997 3 75.0
5 4.618075038381528 2 70.0
6 1.6546037840987349 11 63.0
7 0.7700837840987309 18 54.0
8 3.4344118564164443 4 49.0
9 2.385036567927507 7 47.0
10 0.0 20 44.0
11 1.1740685195314056 15 44.0
12 2.76101013649556 5 44.0
13 1.6281860280179905 12 42.0
14 1.0661342586953715 16 41.0
15 0.9794405868878295 17 40.0
16 5.385083784098734 1 37.0
17 1.9191934790091905 9 36.0
18 0.4441127163768859 19 33.0
19 1.8610940891882581 10 33.0
20 1.4947084165746705 13 31.0
1 3.4861232983785015 10 100.0
2 3.6450000000023604 8 81.0
3 2.851419259059289 13 77.0
4 3.5212328966146176 9 75.0
5 6.738871346373609 1 70.0
6 4.314266414035299 5 63.0
7 1.7938040066299863 16 54.0
8 1.8098841952555875 15 49.0
9 4.125203760318671 6 47.0
10 0.9329023315885192 17 44.0
11 0.28726644830738657 19 44.0
12 4.515149999999999 3 44.0
13 3.7455081264851207 7 42.0
14 3.3077243267069014 11 41.0
15 4.491066174046662 4 40.0
16 0.748684195255247 18 37.0
17 2.860367614101727 12 36.0
18 0.0 20 33.0
19 4.6123214634427745 2 33.0
20 2.471399999999999 14 31.0
1 4.621599703536277 3 100.0
2 3.4266705390911554 8 81.0
3 2.5135781542840854 13 77.0
4 1.6674127102394187 18 75.0
5 4.140033027757787 6 70.0
6 5.427726070334076 1 63.0
7 5.308206750669637 2 54.0
8 3.581724458419663 7 49.0
9 2.536642889629266 12 47.0
10 2.0304403300355407 15 44.0
11 0.0 20 44.0
12 3.0725384271819185 9 44.0
13 1.7603067506700327 17 42.0
14 2.9674604345632662 10 41.0
15 1.8255384271818464 16 40.0
16 4.374548112886236 4 37.0
17 4.286142889629391 5 36.0
18 1.1787511827099644 19 33.0
19 2.3861901194097612 14 33.0
20 2.630524049046066 11 31.0
1 3.1432748326359854 9 100.0
2 2.0069748326359935 16 81.0
3 1.5474628870292941 17 77.0
4 2.6507512064156096 14 75.0
5 2.7259014086471414 12 70.0
6 6.908930467224538 2 63.0
7 0.4902521478382198 19 54.0
8 7.9792512064156025 1 49.0
9 4.044713542538337 7 47.0
10 0.0 20 44.0
11 4.112338214783834 6 44.0
12 5.411151206415708 5 44.0
13 3.1400628870292997 10 42.0
14 2.6682395258018325 13 41.0
15 0.9381957043235776 18 40.0
16 5.547638214783784 4 37.0
17 5.794213542538456 3 36.0
18 3.0314304672245953 11 33.0
19 2.0446294630404465 15 33.0
20 3.5272328870292924 8 31.0
1 3.256788232785551 5 100.0
2 0.8164293653550021 17 81.0
3 4.334950049344021 2 77.0
4 1.1622197296184535 14 75.0
5 1.1625122405260782 13 70.0
6 2.808968715831349 7 63.0
7 1.9244487158313837 11 54.0
8 2.388700628139851 10 49.0
9 0.9635722405260756 16 47.0
10 0.21866506759542625 18 44.0
11 1.0489960570336911 15 44.0
12 3.9226197296185656 3 44.0
13 3.071860628139814 6 42.0
14 0.0 20 41.0
15 1.1761301532981543 12 40.0
16 3.5835617532254274 4 37.0
17 2.7237572029250696 8 36.0
18 0.13357583743137025 19 33.0
19 4.474576368531365 1 33.0
20 2.564493498335612 9 31.0
1 6.512428236608331 3 100.0
2 5.374012546376264 10 81.0
3 6.277207908754514 4 77.0
4 3.924299999990671 16 75.0
5 6.694403987253201 2 70.0
6 4.567832546375218 14 63.0
7 0.0 20 54.0
8 3.1052011055093054 19 49.0
9 5.9488629098115435 6 47.0
10 4.7501018000323105 13 44.0
11 7.379646891370289 1 44.0
12 6.018046891378625 5 44.0
13 3.788361105504832 17 42.0
14 4.493858362474988 15 41.0
15 5.87977950712562 7 40.0
16 5.470576505481602 8 37.0
17 5.310232368560916 12 36.0
18 5.457378889364681 9 33.0
19 5.34047828935733 11 33.0
20 3.7697323685306015 18 31.0
1 4.2603200645160815 3 100.0
2 5.13746161856274 2 81.0
3 1.0103554787672342 16 77.0
4 7.058384335879802 1 75.0
5 3.0347849203775925 5 70.0
6 1.7555111209231278 11 63.0
7 1.3993675080645125 14 54.0
8 1.6455843358797964 13 49.0
9 1.3900168624444693 15 47.0
10 2.471625016129022 6 44.0
11 0.9289408415394069 17 44.0
12 3.155274485688425 4 44.0
13 0.0 20 42.0
14 1.830535016129018 10 41.0
15 2.067958006247079 9 40.0
16 0.3738350371568675 19 37.0
17 2.234108938394376 7 36.0
18 2.093282395586069 8 33.0
19 1.7479933034518975 12 33.0
20 0.6500292776344456 18 31.0
1 2.8863657661906137 5 100.0
2 2.761395611609524 6 81.0
3 2.44792479649103 9 77.0
4 1.0789656743603444 14 75.0
5 3.2694636026957413 4 70.0
6 3.4399768622119264 2 63.0
7 1.2496097014449012 13 54.0
8 3.2970790764186777 3 49.0
9 2.74133354106727 8 47.0
10 0.0 20 44.0
11 0.05999142527329426 19 44.0
12 2.390015820401696 10 44.0
13 0.3226814252732799 17 42.0
14 0.8936971341757189 16 41.0
15 2.758351314201271 7 40.0
16 1.789508201543842 11 37.0
17 3.4788714466181565 1 36.0
18 0.16587307062431256 18 33.0
19 1.4656893411169034 12 33.0
20 0.9780935490174366 15 31.0
1 7.664648887445256 9 100.0
2 7.928075372129632 7 81.0
3 7.21815211519644 11 77.0
4 7.808400000000017 8 75.0
5 10.032410754270613 1 70.0
6 7.349854405700081 10 63.0
7 6.824352029352822 13 54.0
8 8.000162115196153 6 49.0
9 3.610900000000004 17 47.0
10 5.037269897754847 16 44.0
11 6.212443319345673 15 44.0
12 3.122900000000003 18 44.0
13 8.093677928683945 5 42.0
14 8.694805729774746 3 41.0
15 7.117794897754849 12 40.0
16 9.080690908064588 2 37.0
17 8.59949703893848 4 36.0
18 0.0 20 33.0
19 6.450090908064639 14 33.0
20 3.0280544057001895 19 31.0
1 4.421524415648721 4 100.0
2 0.9735997677858081 18 81.0
3 6.920065061525142 1 77.0
4 3.381874056198938 6 75.0
5 3.0587896273460666 9 70.0
6 2.33262386080986 12 63.0
7 1.156335835357425 17 54.0
8 2.3801792547105087 10 49.0
9 4.544704415639023 2 47.0
10 3.3486543913074103 7 44.0
11 3.0945650616522657 8 44.0
12 1.795080604889658 13 44.0
13 1.265528930729691 16 42.0
14 1.6302244155916672 14 41.0
15 1.5294987909571367 15 40.0
16 2.3447814420071227 11 37.0
17 4.477493721005898 3 36.0
18 0.4212966091738872 19 33.0
19 0.0 20 33.0
20 3.667034726404269 5 31.0
1 4.134212125976342 9 100.0
2 2.791769813498747 15 81.0
3 4.702160744217796 5 77.0
4 2.636606395021383 17 75.0
5 5.387548870330299 3 70.0
6 3.6468028635844103 11 63.0
7 2.9946989949884304 12 54.0
8 2.4818121259763637 18 49.0
9 3.8443698134987208 10 47.0
10 5.021599999999991 4 44.0
11 0.0 20 44.0
12 6.889207782722263 1 44.0
13 1.6948315965790703 19 42.0
14 4.680916518056085 6 41.0
15 4.400953481943959 8 40.0
16 2.7074894173235244 16 37.0
17 6.698630632333112 2 36.0
18 2.893784933111455 14 33.0
19 4.405602655373525 7 33.0
20 2.927097088222064 13 31.0
1 0.0 20 100.0
2 9.820711912027445 1 81.0
3 2.202219411689406 18 77.0
4 6.749811912014727 5 75.0
5 4.354638823908943 11 70.0
6 9.61622524535152 2 63.0
7 3.3691929415492776 14 54.0
8 7.18812441203338 4 49.0
9 7.485996470910447 3 47.0
10 6.521718578684855 6 44.0
11 2.692996470422183 17 44.0
12 5.704936912008521 7 44.0
13 3.1219000018365173 16 42.0
14 3.158658235216972 15 41.0
15 3.520552941410684 13 40.0
16 5.04201191198646 9 37.0
17 5.0031358822920735 10 36.0
18 5.414792941410638 8 33.0
19 0.6544999999999819 19 33.0
20 3.6288494120984023 12 31.0
1 6.270464714925247 4 100.0
2 3.5389271290086444 13 81.0
3 1.8066099861706655 17 77.0
4 3.7224562942980866 11 75.0
5 4.3750999585119885 9 70.0
6 2.003519986170664 16 63.0
7 1.1189999861706643 19 54.0
8 6.428652516042646 3 49.0
9 6.763756457027557 2 47.0
10 5.083345746535396 6 44.0
11 0.0 20 44.0
12 5.040995672873198 7 44.0
13 3.757203015207911 10 42.0
14 5.193324672583908 5 41.0
15 1.4225999861706637 18 40.0
16 3.6919999723413266 12 37.0
17 7.001815044681518 1 36.0
18 2.980109736117734 15 33.0
19 4.501054267293948 8 33.0
20 3.475861774185991 14 31.0
1 2.6194787684806418 11 100.0
2 3.701638431896818 6 81.0
3 2.3139195218622137 12 77.0
4 3.3305984318968176 8 75.0
5 4.465932173639504 1 70.0
6 3.8774999999999937 4 63.0
7 0.5332152201950244 19 54.0
8 3.6727873922617116 7 49.0
9 1.4241565335010973 15 47.0
10 2.6459821767851452 10 44.0
11 4.183939054734185 2 44.0
12 0.6913549764076685 18 44.0
13 3.9856911843346907 3 42.0
14 1.057003564013838 17 41.0
15 1.8543913101604208 14 40.0
16 2.179216533501094 13 37.0
17 3.8164928688266686 5 36.0
18 0.0 20 33.0
19 1.148034976407671 16 33.0
20 3.0468636001887353 9 31.0
1 2.123646636517049 16 100.0
2 4.786254672623505 6 81.0
3 7.0095138366054055 1 77.0
4 2.179075518895941 15 75.0
5 6.050555236561673 2 70.0
6 4.46587551889615 8 63.0
7 2.3031552365610355 14 54.0
8 2.7758380665014446 12 49.0
9 0.9940953273771682 19 47.0
10 2.8300773520585345 11 44.0
11 4.544598484326391 7 44.0
12 4.916615839682269 5 44.0
13 2.7750463695619945 13 42.0
14 3.242579597554729 10 41.0
15 3.777285679288267 9 40.0
16 1.3453693456132445 17 37.0
17 4.948213836603007 4 36.0
18 1.1412546726257444 18 33.0
19 5.904545358502952 3 33.0
20 0.0 20 31.0
1 4.28897060278403 4 100.0
2 1.9249220696084282 15 81.0
3 3.138192125595201 8 77.0
4 3.949419036214774 6 75.0
5 4.0748206047561935 5 70.0
6 4.497940802922604 2 63.0
7 1.7633973644736456 16 54.0
8 2.7198916369087067 10 49.0
9 5.654858438807823 1 47.0
10 1.3599672997139545 18 44.0
11 0.9807932611601999 19 44.0
12 3.8140886769246283 7 44.0
13 1.9360414213512902 14 42.0
14 2.40401132804312 12 41.0
15 2.6415070292997136 11 40.0
16 0.0 20 37.0
17 2.750988727355357 9 36.0
18 2.0439584294203006 13 33.0
19 4.325858128851781 3 33.0
20 1.6097822568673776 17 31.0
1 2.7428000000419512 18 100.0
2 5.481595655199481 7 81.0
3 3.8762650506325818 15 77.0
4 5.8601297263548515 5 75.0
5 8.408603797487602 2 70.0
6 5.175014854771204 9 63.0
7 0.0 20 54.0
8 3.0875339764258882 17 49.0
9 3.9776420304764506 13 47.0
10 1.5351223845989859 19 44.0
11 5.6066429298448615 6 44.0
12 3.9635791450505806 14 44.0
13 4.197086878343293 11 42.0
14 7.289277868658769 3 41.0
15 4.85216404235302 10 40.0
16 7.041942929886611 4 37.0
17 8.666234042365147 1 36.0
18 5.271334042367083 8 33.0
19 3.978108213451044 12 33.0
20 3.6175709838218717 16 31.0
1 3.8585574633460658 6 100.0
2 6.31806562641621 2 81.0
3 0.0 20 77.0
4 1.0917442329255254 16 75.0
5 3.986295460723288 4 70.0
6 5.385893439624159 3 63.0
7 1.622752308382184 14 54.0
8 2.1966574633454576 12 49.0
9 2.8611190869017205 9 47.0
10 2.4230650739056347 11 44.0
11 2.606194077959586 10 44.0
12 3.07044584753857 8 44.0
13 1.0759299999999992 17 42.0
14 1.0672574633453065 18 41.0
15 3.1228426183062608 7 40.0
16 1.6653578132076357 13 37.0
17 3.8860495684817518 5 36.0
18 0.6490296185490592 19 33.0
19 6.716893439623848 1 33.0
20 1.4631000000041066 15 31.0
1 10.806020209919662 8 100.0
2 0.8061800000003565 19 81.0
3 10.767318988550366 9 77.0
4 11.712580782443412 4 75.0
5 9.545512080148098 11 70.0
6 0.0 20 63.0
7 8.21940465648524 14 54.0
8 4.950479999998727 18 49.0
9 13.162680400758275 2 47.0
10 10.007176316795888 10 44.0
11 11.453693015259917 5 44.0
12 11.34768332061094 6 44.0
13 5.633640000005845 16 42.0
14 7.997075343495286 15 41.0
15 9.211553950380337 12 40.0
16 5.309275343514383 17 37.0
17 12.577065820621726 3 36.0
18 8.467120209946557 13 33.0
19 13.559720591604073 1 33.0
20 10.91404097327872 7 31.0
1 2.708232932037266 9 100.0
2 2.067684821707122 13 81.0
3 2.9838546777514416 7 77.0
4 1.154747747591234 17 75.0
5 2.5051599796569235 10 70.0
6 3.7087715576960116 3 63.0
7 0.286129556697003 19 54.0
8 2.336737363171428 11 49.0
9 5.056223282244741 1 47.0
10 1.5706642654977538 15 44.0
11 2.783912137062549 8 44.0
12 3.6746357197543547 4 44.0
13 3.2918036192409277 6 42.0
14 2.1547742897208497 12 41.0
15 1.7312721394206019 14 40.0
16 0.0 20 37.0
17 3.457084823588028 5 36.0
18 1.1254883069290034 18 33.0
19 3.7838528823090805 2 33.0
20 1.2635811197436244 16 31.0
1 2.3788030851376805 13 100.0
2 5.475094903392391 2 81.0
3 4.505687067310055 6 77.0
4 5.598027762628483 1 75.0
5 5.29195209046358 4 70.0
6 2.14313069041514 14 63.0
7 0.0 20 54.0
8 2.490837463273131 11 49.0
9 4.024832576080572 8 47.0
10 5.303790921220016 3 44.0
11 1.3734220441565037 19 44.0
12 4.731268233076921 5 44.0
13 1.9985792659582826 15 42.0
14 2.4431180433387394 12 41.0
15 1.6991288047495072 18 40.0
16 3.0672311952502276 10 37.0
17 4.403967664072438 7 36.0
18 1.729954079811527 17 33.0
19 3.3372125760806046 9 33.0
20 1.7331425838557437 16 31.0
1 6.88818972407754 6 100.0
2 5.6892333280752325 11 81.0
3 6.5047058958823545 8 77.0
4 4.197500001028221 19 75.0
5 7.118028561759229 4 70.0
6 5.250183468059651 13 63.0
7 5.759276329599859 10 54.0
8 5.170204735566574 16 49.0
9 0.0 20 47.0
10 5.192021032903168 15 44.0
11 8.06344392863334 2 44.0
12 7.295198249693986 3 44.0
13 4.953001318402249 18 42.0
14 5.951621821061752 9 41.0
15 5.4651353256111825 12 40.0
16 8.905389606778652 1 37.0
17 7.015976912884122 5 36.0
18 5.102950779361113 17 33.0
19 6.813523827626964 7 33.0
20 5.207654579847722 14 31.0
1 3.2609244744164636 10 100.0
2 3.020224762365119 12 81.0
3 3.333391242967893 9 77.0
4 1.8784456214839367 16 75.0
5 4.504899372735066 3 70.0
6 4.333229616150919 5 63.0
7 1.1132927690036643 17 54.0
8 3.5411357074862675 7 49.0
9 4.184031514149558 6 47.0
10 3.367812141576606 8 44.0
11 0.8821193462406507 18 44.0
12 4.365321841690519 4 44.0
13 3.1114284505245506 11 42.0
14 0.46962447441645905 19 41.0
15 2.7162257074862692 14 40.0
16 4.951391677920036 1 37.0
17 3.0118368191937197 13 36.0
18 0.0 20 33.0
19 4.822001841690522 2 33.0
20 2.008146263340002 15 31.0
1 5.295815364204229 7 100.0
2 4.836433718384639 9 81.0
3 4.415080169344855 11 77.0
4 3.5692452869541844 16 75.0
5 6.087584635876001 3 70.0
6 2.949116024078541 18 63.0
7 1.5625274122786323 19 54.0
8 4.95453788347755 8 49.0
9 5.899763432669877 4 47.0
10 4.088465106770377 13 44.0
11 0.0 20 44.0
12 5.695854004114066 5 44.0
13 6.1679218525600845 2 42.0
14 5.309140420710877 6 41.0
15 4.818645286927305 10 40.0
16 3.9277180915919754 15 37.0
17 6.394918091616669 1 36.0
18 3.264137021950982 17 33.0
19 3.985299999983683 14 33.0
20 4.305298341028939 12 31.0
1 3.840881658317138 6 100.0
2 2.8814055606627846 10 81.0
3 2.5141083075987782 12 77.0
4 0.748557755971512 19 75.0
5 4.7843345995234685 2 70.0
6 4.608586761459907 3 63.0
7 1.782917577154599 15 54.0
8 2.133534431192251 14 49.0
9 4.461323157081885 4 47.0
10 2.225867920418126 13 44.0
11 1.6864905547856566 16 44.0
12 3.737514789367629 7 44.0
13 2.654833333971998 11 42.0
14 1.3789226837543862 18 41.0
15 3.4473394011860603 8 40.0
16 6.397917577154587 1 37.0
17 3.8889410032299407 5 36.0
18 0.0 20 33.0
19 3.2749768202297487 9 33.0
20 1.666518668018855 17 31.0
1 3.196801251600968 12 100.0
2 5.74041090839625 4 81.0
3 5.392873183089929 5 77.0
4 2.2638991522945484 14 75.0
5 7.38941658570947 1 70.0
6 5.3748507303400705 6 63.0
7 4.11802226302314 8 54.0
8 3.4625523681024393 10 49.0
9 0.0 20 47.0
10 3.219886167692358 11 44.0
11 1.9360224731846607 15 44.0
12 5.906555819368271 3 44.0
13 2.7363091898828635 13 42.0
14 0.13112694923524337 19 41.0
15 4.793930730340452 7 40.0
16 0.8502119864627637 17 37.0
17 3.491510809316033 9 36.0
18 1.4576861676923205 16 33.0
19 6.0714966907890044 2 33.0
20 0.7085738984697847 18 31.0
1 3.2556304029534746 8 100.0
2 2.885739871787388 10 81.0
3 6.804309530802067 1 77.0
4 5.518409530801876 3 75.0
5 3.7234432682095537 6 70.0
6 2.1816976521769504 13 63.0
7 1.1395743534442342 18 54.0
8 1.603230402955771 16 49.0
9 2.823473678490995 11 47.0
10 1.4065704029553543 17 44.0
11 0.0 20 44.0
12 5.468720037548407 4 44.0
13 5.971158526773224 2 42.0
14 2.2918097060268385 12 41.0
15 0.9559697032782837 19 40.0
16 1.6319520361445257 15 37.0
17 3.791205053117684 5 36.0
18 3.218260534831586 9 33.0
19 3.688135646558832 7 33.0
20 1.8491566893579434 14 31.0
1 3.2669389849512225 5 100.0
2 2.4853561180911456 11 81.0
3 2.3599317678180842 12 77.0
4 7.462460427147931 1 75.0
5 3.688427232697628 3 70.0
6 4.403152458961106 2 63.0
7 0.3536701734435139 18 54.0
8 2.5080943171903023 10 49.0
9 3.264960427147894 6 47.0
10 0.0 20 44.0
11 0.1448004603780415 19 44.0
12 3.6524603763846537 4 44.0
13 2.622773201462131 8 42.0
14 1.6188106098791253 14 41.0
15 0.3725601734435142 17 40.0
16 1.5801004603779152 15 37.0
17 2.9646297370070473 7 36.0
18 1.8494512628118474 13 33.0
19 2.611796128589716 9 33.0
20 1.2793841754217365 16 31.0
1 2.781319999988811 6 100.0
2 2.122355405497091 10 81.0
3 2.3488076213314093 9 77.0
4 3.1771610227088223 3 75.0
5 4.171491592360999 1 70.0
6 3.0793000000015187 4 63.0
7 1.4257610227072948 14 54.0
8 3.890770718605373 2 49.0
9 2.448569129995832 8 47.0
10 1.427034475177682 13 44.0
11 0.0 20 44.0
12 1.7788642783569153 11 44.0
13 1.2815604385158021 15 42.0
14 0.7449195649999703 19 41.0
15 2.8264822619683736 5 40.0
16 1.57147418425282 12 37.0
17 2.7221610227090323 7 36.0
18 1.1224911937753688 18 33.0
19 1.2166987697440743 17 33.0
20 1.2700191061485242 16 31.0
1 2.74770731664718 13 100.0
2 4.323239999999962 7 81.0
3 4.028279569266564 8 77.0
4 3.7077170372525394 10 75.0
5 8.096673983313899 1 70.0
6 4.907028719441181 5 63.0
7 0.953452380675162 17 54.0
8 0.0 20 49.0
9 3.955284557625111 9 47.0
10 0.4131156461000609 19 44.0
11 0.7155399999999505 18 44.0
12 5.657931821885838 3 44.0
13 5.123840649980564 4 42.0
14 3.142534074505322 12 41.0
15 3.5320150582071306 11 40.0
16 4.710344557625105 6 37.0
17 5.678634074505171 2 36.0
18 1.8569534691501306 15 33.0
19 2.1174323806751625 14 33.0
20 1.379322380675169 16 31.0
1 6.52302740582737 5 100.0
2 5.6543406680822335 10 81.0
3 3.825499999998003 18 77.0
4 4.554912999289026 16 75.0
5 7.319619580669926 1 70.0
6 4.865250923950449 14 63.0
7 3.9883003340427203 17 54.0
8 5.535250334042954 11 49.0
9 6.646207405829313 4 47.0
10 5.955272771853216 9 44.0
11 0.0 20 44.0
12 6.919901833689689 3 44.0
13 4.608029331909274 15 42.0
14 6.032250923956028 7 41.0
15 7.282628493246824 2 40.0
16 6.0590195806673535 6 37.0
17 5.28470033404394 12 36.0
18 3.3579643923237046 19 33.0
19 5.988900334047854 8 33.0
20 5.141899665956555 13 31.0
1 2.382780491704081 14 100.0
2 3.548267535393137 6 81.0
3 3.4130371690040775 7 77.0
4 1.8842713265075293 15 75.0
5 4.100164892128404 3 70.0
6 2.79470116897478 11 63.0
7 0.0 20 54.0
8 4.9181399819775375 2 49.0
9 3.5561411756228205 5 47.0
10 2.7491109766321546 12 44.0
11 0.5039570086910805 17 44.0
12 3.276552428561797 9 44.0
13 0.6438174916898236 16 42.0
14 2.676244839618736 13 41.0
15 3.1667175353957533 10 40.0
16 5.272017491689634 1 37.0
17 3.989057008697178 4 36.0
18 0.10028484566102058 19 33.0
19 3.291142174263058 8 33.0
20 0.16940381440346863 18 31.0
1 4.696891819064454 1 100.0
2 4.613180038926789 2 81.0
3 3.0785810073561604 5 77.0
4 2.432805492062824 11 75.0
5 3.3851095485195577 3 70.0
6 3.2328938859642125 4 63.0
7 1.302678144689207 17 54.0
8 2.4926005960862163 10 49.0
9 2.3497345694764546 12 47.0
10 2.6659052547809625 8 44.0
11 0.0 20 44.0
12 1.0659814086498787 19 44.0
13 2.4968628238718455 9 42.0
14 2.945665705756751 6 41.0
15 1.9136174465523588 13 40.0
16 1.188818817647485 18 37.0
17 1.7234558249722618 15 36.0
18 1.853843161099079 14 33.0
19 2.70349283731034 7 33.0
20 1.496420599983836 16 31.0
1 3.9991745244538808 7 100.0
2 3.038826451044109 11 81.0
3 2.630027105791128 13 77.0
4 3.590737811447478 10 75.0
5 6.336352657120114 1 70.0
6 4.166380976722655 3 63.0
7 2.024289038158453 16 54.0
8 3.745648670080005 9 49.0
9 2.0296000000001646 15 47.0
10 0.0 20 44.0
11 1.308866158292995 19 44.0
12 3.9166258371587683 8 44.0
13 4.032923915473788 6 42.0
14 2.3410151789669307 14 41.0
15 1.9203560942763191 17 40.0
16 2.684448670080074 12 37.0
17 4.353635737507699 2 36.0
18 4.069889038158299 5 33.0
19 4.0936932521425975 4 33.0
20 1.4731749259224203 18 31.0
1 3.484212019318995 12 100.0
2 3.6287525175561273 10 81.0
3 3.9092029956753427 7 77.0
4 5.166955671437086 1 75.0
5 5.020239751916749 3 70.0
6 3.7821920193191567 8 63.0
7 1.1371735839201653 18 54.0
8 4.297022229199661 4 49.0
9 3.957453473794491 6 47.0
10 2.66772724670038 14 44.0
11 0.9018202315945163 19 44.0
12 3.407426416080734 13 44.0
13 0.0 20 42.0
14 3.5543873578622764 11 41.0
15 2.047475901253687 15 40.0
16 1.7930460402648714 16 37.0
17 5.061919501455871 2 36.0
18 1.422675684748663 17 33.0
19 4.161169155448892 5 33.0
20 3.6740924423558616 9 31.0
1 5.189814754651948 9 100.0
2 5.111157377326219 10 81.0
3 6.691536793570409 5 77.0
4 1.6549814213201168 19 75.0
5 8.171036793570291 1 70.0
6 6.156905245347008 6 63.0
7 0.0 20 54.0
8 6.861084103214923 3 49.0
9 3.5474852453470236 14 47.0
10 3.240523333333604 15 44.0
11 8.072315270727149 2 44.0
12 6.765001032149083 4 44.0
13 4.25280872250372 12 42.0
14 2.5797000000005577 18 41.0
15 2.585421421319344 17 40.0
16 4.302545245346942 11 37.0
17 5.296985245346661 7 36.0
18 2.6697295093085853 16 33.0
19 3.9674480879867815 13 33.0
20 5.25244141285979 8 31.0
1 3.652283334847423 4 100.0
2 1.595303734550682 15 81.0
3 1.53352484456671 16 77.0
4 2.1824390014308905 14 75.0
5 5.391521547497295 1 70.0
6 3.9774169436171674 3 63.0
7 2.732451016962591 10 54.0
8 3.4088306770816077 7 49.0
9 2.739754710101622 9 47.0
10 3.598549340582239 5 44.0
11 0.0 20 44.0
12 2.4654537345490812 11 44.0
13 1.3441676637320323 17 42.0
14 0.8016690014338974 18 41.0
15 2.7669961696957497 8 40.0
16 3.529028457054774 6 37.0
17 4.489254710096877 2 36.0
18 2.2463728505971643 13 33.0
19 2.4569290120532705 12 33.0
20 0.29923900143447657 19 31.0
1 6.81022589001047 4 100.0
2 6.531586404507273 6 81.0
3 4.185136483945584 17 77.0
4 6.027894478138248 8 75.0
5 8.332658564794468 1 70.0
6 5.450478827982377 9 63.0
7 4.764256147261639 14 54.0
8 5.394709919240914 10 49.0
9 5.0498887381981135 13 47.0
10 0.0 20 44.0
11 5.177063066255974 12 44.0
12 6.087994478138248 7 44.0
13 5.218499999996326 11 42.0
14 3.938032760162949 18 41.0
15 7.296499999999998 3 40.0
16 7.843707210352204 2 37.0
17 6.799388738199173 5 36.0
18 0.515657655964211 19 33.0
19 4.255067557161613 15 33.0
20 4.200265600421234 16 31.0
1 6.175152177142486 4 100.0
2 5.038852177221154 6 81.0
3 6.375181522604144 3 77.0
4 4.339967960831031 7 75.0
5 5.85873881733256 5 70.0
6 6.80113523732211 1 63.0
7 4.259967789643468 11 54.0
8 2.758205789106908 14 49.0
9 4.331814779889714 9 47.0
10 0.0 20 44.0
11 1.7501556945437176 19 44.0
12 6.502931522605729 2 44.0
13 2.5168570661096714 15 42.0
14 2.1513527439833062 18 41.0
15 3.9202357806790875 13 40.0
16 2.372902933938434 17 37.0
17 4.0511997073593475 12 36.0
18 4.339405780688705 8 33.0
19 4.297431597755944 10 33.0
20 2.4793352373701625 16 31.0
1 3.69780942299763 6 100.0
2 4.158112885002416 5 81.0
3 4.3180672586050814 4 77.0
4 1.1690830790347344 14 75.0
5 0.978434679664312 16 70.0
6 2.748909872687311 11 63.0
7 3.1789979074142374 9 54.0
8 2.0028513042359295 12 49.0
9 5.3434128850025076 3 47.0
10 5.949819853834526 1 44.0
11 0.5504128849980154 18 44.0
12 0.8544193593318277 17 44.0
13 0.9928798538293211 15 42.0
14 3.2510285562181833 8 41.0
15 0.0 20 40.0
16 5.621079853835496 2 37.0
17 3.1136159609644016 10 36.0
18 1.7325128850018043 13 33.0
19 3.2786921916315217 7 33.0
20 0.14627719163152308 19 31.0
1 8.572421194459231 1 100.0
2 5.957190659239534 3 81.0
3 4.137270176947126 13 77.0
4 4.372246194459331 12 75.0
5 3.747400000002644 14 70.0
6 5.291677663399491 6 63.0
7 0.0 20 54.0
8 3.041645918136033 16 49.0
9 3.693631136508583 15 47.0
10 2.0128540818813763 19 44.0
11 5.924896194459331 4 44.0
12 5.847971194458761 5 44.0
13 4.868740001830423 7 42.0
14 4.772590863971934 10 41.0
15 2.216735918127349 18 40.0
16 2.3695343124495785 17 37.0
17 4.784871194461896 9 36.0
18 4.826941726095142 8 33.0
19 6.622677663401229 2 33.0
20 4.402195569181366 11 31.0
1 3.0499160083466386 6 100.0
2 3.542547534293756 2 81.0
3 3.4009002339916745 4 77.0
4 1.8115104223313832 11 75.0
5 5.892769286135595 1 70.0
6 3.25636928613559 5 63.0
7 0.32605466944447103 18 54.0
8 2.3575572813891745 9 49.0
9 1.6296371215409478 12 47.0
10 0.17294603253068708 19 44.0
11 0.0 20 44.0
12 2.5449432730672843 8 44.0
13 1.3438666621924789 16 42.0
14 1.505819210493129 13 41.0
15 2.8525185722712068 7 40.0
16 1.1732474412372824 17 37.0
17 1.89454603253087 10 36.0
18 1.3921091048969947 15 33.0
19 3.4137063764428333 3 33.0
20 1.4844871215405746 14 31.0
1 4.915411317511348 6 100.0
2 4.898174093312607 7 81.0
3 4.1775105355626385 9 77.0
4 2.7680453845839086 15 75.0
5 6.31102014094531 1 70.0
6 5.0529601616551965 4 63.0
7 2.5500497250979253 17 54.0
8 5.805125922598684 2 49.0
9 3.1015440798534493 12 47.0
10 2.4338311305895086 18 44.0
11 2.6250571697017717 16 44.0
12 4.492331130589507 8 44.0
13 2.180059177782992 19 42.0
14 3.2840732918403313 11 41.0
15 3.0652777168371195 13 40.0
16 3.6597329690844873 10 37.0
17 5.710713981345185 3 36.0
18 0.0 20 33.0
19 4.92774671639282 5 33.0
20 2.9814902460909485 14 31.0
1 2.803677142856653 12 100.0
2 6.688272857143034 4 81.0
3 4.251800000000571 7 77.0
4 0.0 20 75.0
5 7.406877142857745 2 70.0
6 2.8330599999995294 11 63.0
7 2.934751428570988 10 54.0
8 2.0035099999998165 15 49.0
9 3.466725714285065 8 47.0
10 1.5173999999990295 17 44.0
11 2.719049999999723 13 44.0
12 7.558422857141526 1 44.0
13 7.286448571428878 3 42.0
14 1.1398999999996438 19 41.0
15 6.30672285714248 5 40.0
16 1.188660000000045 18 37.0
17 1.9731399999997943 16 36.0
18 2.6916999999997584 14 33.0
19 5.543774285713532 6 33.0
20 3.3215757142855535 9 31.0
1 8.782286923076931 1 100.0
2 7.498046923076931 4 81.0
3 6.220446923076931 8 77.0
4 2.027385384615387 16 75.0
5 6.651737692307691 7 70.0
6 7.959436923076929 2 63.0
7 1.2779376923076913 18 54.0
8 7.1298869230769295 5 49.0
9 2.616636153846153 14 47.0
10 4.745837692307697 10 44.0
11 5.825911538461538 9 44.0
12 4.46431153846154 12 44.0
13 7.81304692307693 3 42.0
14 0.0 20 41.0
15 2.3664446153846073 15 40.0
16 4.6323169230769325 11 37.0
17 7.099516923076924 6 36.0
18 1.5518000000000045 17 33.0
19 3.278537692307692 13 33.0
20 1.2108653846153916 19 31.0
1 7.490866666666668 2 100.0
2 6.54070370485004 6 81.0
3 1.6848909999999981 18 77.0
4 3.924300000000004 14 75.0
5 7.034954447883768 4 70.0
6 3.5694174200207405 16 63.0
7 0.0 20 54.0
8 3.617630392156819 15 49.0
9 7.088206336431708 3 47.0
10 5.027250330236694 11 44.0
11 5.872533333333353 7 44.0
12 8.055383333333497 1 44.0
13 5.70954336429224 9 42.0
14 5.088769834880733 10 41.0
15 5.757696831785471 8 40.0
16 1.5933000000000015 19 37.0
17 6.732943364293249 5 36.0
18 2.8380999999999936 17 33.0
19 4.071280392157108 13 33.0
20 4.894383333333301 12 31.0
1 3.3896986098386783 14 100.0
2 3.7111513722366123 11 81.0
3 5.422751742680747 3 77.0
4 3.799151222863975 10 75.0
5 4.491262893845852 7 70.0
6 6.275437072296359 1 63.0
7 3.016579069906384 15 54.0
8 5.0245330711013825 5 49.0
9 3.9205637024497175 9 47.0
10 1.3863849253136853 18 44.0
11 5.348300000000006 4 44.0
12 4.857982804222276 6 44.0
13 0.861666182035457 19 42.0
14 2.262966182035456 17 41.0
15 3.4572086616212028 13 40.0
16 5.489866182035449 2 37.0
17 3.672324415455092 12 36.0
18 0.0 20 33.0
19 4.211150732921728 8 33.0
20 2.3749910734913406 16 31.0
1 3.62120788728037 9 100.0
2 0.7072807323679564 19 81.0
3 4.498702550161458 2 77.0
4 0.0 20 75.0
5 4.834974469215538 1 70.0
6 2.9791410146885178 12 63.0
7 1.0875744692159959 18 54.0
8 3.4101943098239103 11 49.0
9 3.6982197187205816 8 47.0
10 3.548427923741389 10 44.0
11 4.113067008021575 5 44.0
12 2.424159267632468 14 44.0
13 3.8890024658818785 6 42.0
14 2.280794309824021 15 41.0
15 2.174973209710186 16 40.0
16 4.40711155016199 3 37.0
17 3.732197112199208 7 36.0
18 2.639066788207284 13 33.0
19 2.1619167882065318 17 33.0
20 4.2761724658821905 4 31.0
1 2.9494508470305574 14 100.0
2 3.3335408019038315 12 81.0
3 3.550992780962291 8 77.0
4 5.863473028689571 1 75.0
5 5.745743403578462 2 70.0
6 4.434486004264524 4 63.0
7 2.7139611511014468 16 54.0
8 3.975056387498381 5 49.0
9 3.8848908574275955 7 47.0
10 0.8128540903771073 19 44.0
11 0.0 20 44.0
12 3.029331931611757 13 44.0
13 2.9485035806964603 15 42.0
14 3.4789896698807596 9 41.0
15 2.4701181123593097 17 40.0
16 2.0265888193197714 18 37.0
17 4.602701886234896 3 36.0
18 3.929671467226222 6 33.0
19 3.459025656055476 10 33.0
20 3.3356735806964584 11 31.0
1 2.2782536840946372 11 100.0
2 3.813690546344916 4 81.0
3 3.01849383841645 9 77.0
4 3.4653781823475196 5 75.0
5 1.286178170559901 15 70.0
6 3.115190281231675 8 63.0
7 0.9231938384169325 16 54.0
8 2.9540706087528465 10 49.0
9 1.619142059828532 14 47.0
10 0.0 20 44.0
11 1.8048738577202936 13 44.0
12 6.225778182350017 1 44.0
13 3.3953489703490156 6 42.0
14 4.864619758347916 2 41.0
15 3.2905327474952806 7 40.0
16 0.025578170562665203 19 37.0
17 3.939678216916402 3 36.0
18 0.7587073597922867 17 33.0
19 2.215415880340955 12 33.0
20 0.04248552194068411 18 31.0
1 2.3928823809530746 13 100.0
2 1.2272706299756153 18 81.0
3 2.9438290117607155 10 77.0
4 1.8690382520775335 16 75.0
5 4.92181353798413 3 70.0
6 3.5645030502857695 5 63.0
7 0.0 20 54.0
8 3.786626302156578 4 49.0
9 2.0599238837786595 15 47.0
10 3.2765494290025656 6 44.0
11 5.725862026526054 2 44.0
12 3.2336683181690593 7 44.0
13 3.069726260481637 9 42.0
14 2.46757462404954 11 41.0
15 2.4589464380635375 12 40.0
16 2.1388986404072896 14 37.0
17 3.216674025682497 8 36.0
18 1.5143494290025632 17 33.0
19 9.711162026526056 1 33.0
20 0.6009100217242374 19 31.0
1 1.8420376666357186 13 100.0
2 0.3926897908130993 18 81.0
3 3.3694097633264084 6 77.0
4 2.1275275638629 12 75.0
5 3.788970612984084 3 70.0
6 3.582315500078252 4 63.0
7 0.3741185273102303 19 54.0
8 3.5801470673150257 5 49.0
9 3.005783520375287 9 47.0
10 2.8391042030169236 10 44.0
11 0.0 20 44.0
12 3.7956007281341693 2 44.0
13 0.5209413025913463 17 42.0
14 1.5115897928693467 15 41.0
15 3.3434250955226346 7 40.0
16 3.0667146424940506 8 37.0
17 2.6087523987785866 11 36.0
18 1.7176820426189685 14 33.0
19 4.798664900005519 1 33.0
20 1.14965800782273 16 31.0
1 3.0397717946470943 15 100.0
2 3.6738435803432554 10 81.0
3 3.718083686838172 9 77.0
4 3.8829284261156203 6 75.0
5 5.681828426493006 1 70.0
6 3.1915901104239017 13 63.0
7 2.6033435803028455 16 54.0
8 1.1061408973985452 18 49.0
9 3.781115959504943 8 47.0
10 3.8343842148787917 7 44.0
11 2.2582236539482046 17 44.0
12 3.0887037275114277 14 44.0
13 3.917103580296034 5 42.0
14 4.524240705505667 3 41.0
15 0.0 20 40.0
16 3.564100003628555 12 37.0
17 5.617976313787909 2 36.0
18 0.1379391026369845 19 33.0
19 3.624299769885693 11 33.0
20 4.1648366681141695 4 31.0
1 4.659118028203083 3 100.0
2 3.642785034315661 8 81.0
3 4.070321784536295 5 77.0
4 0.0 20 75.0
5 4.492449817322732 4 70.0
6 2.2868000000007673 13 63.0
7 1.1301973781041095 17 54.0
8 3.367571069361893 9 49.0
9 2.5605217845363115 10 47.0
10 3.6903424838124987 7 44.0
11 0.4224917294861572 18 44.0
12 2.168070027804931 14 44.0
13 0.14145521626244983 19 42.0
14 3.8374657405415222 6 41.0
15 2.0830601548693464 16 40.0
16 2.3635816637578855 12 37.0
17 4.694912759242246 2 36.0
18 2.1241802560077745 15 33.0
19 6.087021784536298 1 33.0
20 2.4691850343156347 11 31.0
1 7.496228808543013 10 100.0
2 8.568510264352428 5 81.0
3 7.893425340193169 9 77.0
4 5.565911460080663 17 75.0
5 11.467174965753587 1 70.0
6 8.198521122502264 7 63.0
7 6.771839392803775 13 54.0
8 7.960172305955138 8 49.0
9 1.3684114600037738 19 47.0
10 5.0216000001133585 18 44.0
11 0.0 20 44.0
12 8.726160707280473 4 44.0
13 6.903327384686751 12 42.0
14 6.546131560555896 14 41.0
15 7.40305059356506 11 40.0
16 9.32453070723907 2 37.0
17 6.434640416153903 16 36.0
18 8.45768547667584 6 33.0
19 8.737235201351687 3 33.0
20 6.534438808580889 15 31.0
1 5.382817143952634 1 100.0
2 1.0704999999999993 18 81.0
3 3.9042461825138854 5 77.0
4 3.6439023813175457 8 75.0
5 3.88772278633094 6 70.0
6 5.161667397038356 2 63.0
7 0.0 20 54.0
8 1.5865999999999993 16 49.0
9 3.1305493869528207 9 47.0
10 1.635177322030271 15 44.0
11 0.888856753149349 19 44.0
12 2.297588448765964 13 44.0
13 3.9506324074394845 4 42.0
14 3.9717247756960594 3 41.0
15 3.759237570979087 7 40.0
16 2.8837332468506536 10 37.0
17 1.296399999999999 17 36.0
18 2.5814853081912466 12 33.0
19 2.874856185709058 11 33.0
20 2.1184500077076547 14 31.0
1 5.634087700480694 1 100.0
2 4.642176975727505 7 81.0
3 3.3733294962167832 15 77.0
4 5.153759532606329 5 75.0
5 5.249417746595593 3 70.0
6 5.265874152898223 2 63.0
7 2.8794014029381736 16 54.0
8 4.375071410826399 9 49.0
9 4.136101402938172 12 47.0
10 3.738287401529294 13 44.0
11 2.326700421185002 19 44.0
12 4.188233730202874 11 44.0
13 2.5830654259167627 18 42.0
14 4.6186356638956605 8 41.0
15 4.291122088842591 10 40.0
16 3.557179659456541 14 37.0
17 5.215166906177387 4 36.0
18 0.0 20 33.0
19 5.051427724145373 6 33.0
20 2.862202426431894 17 31.0
1 3.6904021753337775 2 100.0
2 3.222561383376939 8 81.0
3 3.577560011088199 6 77.0
4 2.0580747555074335 14 75.0
5 2.9647840557329332 11 70.0
6 3.6572731986905707 4 63.0
7 0.8424100131600163 18 54.0
8 3.0030216029018146 10 49.0
9 2.5185373990637583 12 47.0
10 1.695796679413513 15 44.0
11 0.0 20 44.0
12 3.7053100105835535 1 44.0
13 3.588493346085535 5 42.0
14 3.367370010989 7 41.0
15 3.124331953289403 9 40.0
16 1.2424654597039253 17 37.0
17 1.6465433549138262 16 36.0
18 2.1650747562084365 13 33.0
19 3.6669526544001085 3 33.0
20 0.17487475636597072 19 31.0
1 2.8512950396724674 4 100.0
2 1.7077939902004062 14 81.0
3 3.094624872249014 3 77.0
4 2.3352740497282194 11 75.0
5 3.514058957804047 2 70.0
6 0.8776589578040415 16 63.0
7 0.739851995100202 17 54.0
8 1.6123564740022243 15 49.0
9 2.751255019133928 5 47.0
10 0.2537082655753906 19 44.0
11 0.0 20 44.0
12 2.598433501498797 6 44.0
13 2.4069929857658607 9 42.0
14 2.044658957804043 13 41.0
15 3.564080691722161 1 40.0
16 2.407780164614294 8 37.0
17 2.344846349681668 10 36.0
18 2.5431564740022243 7 33.0
19 2.066006474002222 12 33.0
20 0.6282101997049527 18 31.0
1 1.510226801530875 12 100.0
2 2.01247495874281 8 81.0
3 2.2740176177061064 6 77.0
4 2.3095375382373455 5 75.0
5 3.553041706298943 2 70.0
6 3.042585240120605 3 63.0
7 0.16301801617705403 19 54.0
8 1.8960939489117112 9 49.0
9 1.5800841216561714 11 47.0
10 0.5293106508590646 16 44.0
11 0.0 20 44.0
12 2.211219304794195 7 44.0
13 0.8816648337905431 15 42.0
14 1.5001167879216228 13 41.0
15 1.727120629111849 10 40.0
16 0.20057065213000347 18 37.0
17 2.5359778959275934 4 36.0
18 1.2662935747793302 14 33.0
19 3.7034131235952916 1 33.0
20 0.2654012522369984 17 31.0
1 2.905914153268724 6 100.0
2 2.6492212950934966 8 81.0
3 2.1252909843104564 10 77.0
4 0.0 20 75.0
5 4.301702665800004 1 70.0
6 3.1562865074007713 4 63.0
7 0.886483856104141 16 54.0
8 1.803221475495894 12 49.0
9 1.7831276074188436 13 47.0
10 0.8843667236952277 17 44.0
11 1.4760135217755477 14 44.0
12 0.11441352177559039 19 44.0
13 3.7896943869547535 2 42.0
14 0.9688189067415907 15 41.0
15 1.9901573141330682 11 40.0
16 3.428852814442554 3 37.0
17 2.2963665074008133 9 36.0
18 2.839854386954803 7 33.0
19 3.1124669399894245 5 33.0
20 0.8005110708248295 18 31.0
1 6.065297988050139 2 100.0
2 3.9919768160467144 11 81.0
3 5.063504014056656 7 77.0
4 5.494105753375894 4 75.0
5 6.381555004276523 1 70.0
6 4.321799999999914 9 63.0
7 1.377815061643064 18 54.0
8 2.319253052866513 15 49.0
9 4.072203183953787 10 47.0
10 2.243104169611666 17 44.0
11 2.413161504394844 14 44.0
12 5.646925994496263 3 44.0
13 2.655109579432363 13 42.0
14 2.282345569058402 16 41.0
15 3.2332862080475646 12 40.0
16 5.098637020375243 5 37.0
17 4.780597226835181 8 36.0
18 1.3739773151747574 19 33.0
19 5.080617123605292 6 33.0
20 0.0 20 31.0
1 1.7889763113590922 9 100.0
2 1.6297875635720656 11 81.0
3 3.1987953769259194 4 77.0
4 7.094119407928924 1 75.0
5 3.4374616550736814 3 70.0
6 2.7070257098344555 7 63.0
7 0.9290264336417089 14 54.0
8 2.9690100517842435 5 49.0
9 2.8966194079287613 6 47.0
10 0.46439537692593524 17 44.0
11 0.0 20 44.0
12 0.3542697196370197 19 44.0
13 2.2549745362027784 8 42.0
14 0.5373145256635763 15 41.0
15 1.2780268797266572 13 40.0
16 1.742580695639532 10 37.0
17 3.6610249899456098 2 36.0
18 1.6289690407880166 12 33.0
19 0.38115159533906073 18 33.0
20 0.528686145489301 16 31.0
1 4.350088943077207 7 100.0
2 4.173702737711094 9 81.0
3 4.675902255499429 6 77.0
4 3.9666068024558054 11 75.0
5 4.048492256237723 10 70.0
6 3.512219528062499 13 63.0
7 1.951868616116338 15 54.0
8 8.318002737710101 1 49.0
9 3.9211436199579133 12 47.0
10 2.104424973480903 14 44.0
11 0.9772209278771404 17 44.0
12 5.749902737710319 4 44.0
13 0.32989225623777196 18 42.0
14 7.188602737710321 2 41.0
15 5.216006802459804 5 40.0
16 0.0 20 37.0
17 4.330083239647199 8 36.0
18 1.0652849844132293 16 33.0
19 6.795504528983173 3 33.0
20 0.2767472622903808 19 31.0
1 2.676785590400879 7 100.0
2 2.9572011685440747 4 81.0
3 2.950158462752693 5 77.0
4 0.0 20 75.0
5 2.025159738824437 13 70.0
6 2.5236123356896516 8 63.0
7 0.9138998989285534 15 54.0
8 2.2381311217756283 11 49.0
9 2.434944070260085 10 47.0
10 1.3635499662830568 14 44.0
11 0.44387164599352413 18 44.0
12 4.107561277574698 1 44.0
13 3.2004611685440434 3 42.0
14 2.0949184016957334 12 41.0
15 2.507107026576778 9 40.0
16 0.02883640726878056 19 37.0
17 3.2695074089361715 2 36.0
18 0.7596151462132044 16 33.0
19 2.859390294892552 6 33.0
20 0.7434884466781044 17 31.0
1 4.129651856053952 3 100.0
2 3.174576320012253 9 81.0
3 3.132060296962579 10 77.0
4 3.633659449226078 7 75.0
5 4.062162090568698 4 70.0
6 3.8384168792602007 5 63.0
7 0.0 20 54.0
8 2.3838241013642767 13 49.0
9 1.7572866627038244 17 47.0
10 2.5118185700638924 12 44.0
11 1.9108201474904387 16 44.0
12 4.381731067802898 2 44.0
13 3.051700591342929 11 42.0
14 3.2198728567268264 8 41.0
15 2.348782877022547 14 40.0
16 1.9198773272495195 15 37.0
17 3.74873110576836 6 36.0
18 0.9584355540030631 19 33.0
19 5.169416877215964 1 33.0
20 1.653767096214592 18 31.0
1 3.9875924950935184 6 100.0
2 3.4523374872898454 12 81.0
3 2.6844628705088844 14 77.0
4 2.581299078125461 15 75.0
5 4.380199108074298 5 70.0
6 4.590119041885483 3 63.0
7 0.9956385192254316 19 54.0
8 5.635544434137598 1 49.0
9 5.1377464801557196 2 47.0
10 3.737969414306809 7 44.0
11 0.0 20 44.0
12 3.650918002442551 8 44.0
13 3.6413839483529284 9 42.0
14 3.326184457443596 13 41.0
15 3.4661530523544894 11 40.0
16 1.4614626843850003 17 37.0
17 4.388477247625945 4 36.0
18 1.9094397825351785 16 33.0
19 3.5601256380940756 10 33.0
20 1.3714971383557748 18 31.0
1 4.047373972305117 6 100.0
2 3.47465849585561 8 81.0
3 1.629338193346946 15 77.0
4 3.114055305045631 10 75.0
5 4.091514833488518 5 70.0
6 4.591064403009841 3 63.0
7 0.08511568479189568 18 54.0
8 1.548898787211341 16 49.0
9 5.8596862644519625 1 47.0
10 0.661211889630791 17 44.0
11 2.14162188963088 14 44.0
12 3.29781216605057 9 44.0
13 2.576950639273143 12 42.0
14 0.020121889630776213 19 41.0
15 3.562244833488471 7 40.0
16 2.946664403009828 11 37.0
17 4.903857736267824 2 36.0
18 0.0 20 33.0
19 4.279200813359708 4 33.0
20 2.541360701901966 13 31.0
1 9.297117867022283 1 100.0
2 5.575501474156994 7 81.0
3 3.5102749387164263 16 77.0
4 6.38161786702228 5 75.0
5 6.944014656698959 3 70.0
6 4.114230836335877 12 63.0
7 3.0119611200190377 17 54.0
8 6.207802898878633 6 49.0
9 2.671995258350769 18 47.0
10 0.5004988229310232 19 44.0
11 5.18093270714562 9 44.0
12 4.061804741649234 13 44.0
13 5.443622707145621 8 42.0
14 7.521517867022283 2 41.0
15 3.5333108363358776 15 40.0
16 4.343413509116688 11 37.0
17 6.806116130637823 4 36.0
18 0.0 20 33.0
19 3.919424396494117 14 33.0
20 5.1802778243488445 10 31.0
1 3.932199999960466 5 100.0
2 2.0808681375840576 14 81.0
3 4.082287763818817 4 77.0
4 2.7604920492552445 11 75.0
5 4.324697670435604 3 70.0
6 3.4391954680629286 9 63.0
7 2.5546754680670363 13 54.0
8 4.596685992782287 1 49.0
9 3.8910632914104317 6 47.0
10 1.6046755277214122 16 44.0
11 0.0 20 44.0
12 3.6897052951327405 8 44.0
13 2.69300529513605 12 42.0
14 4.531019379805945 2 41.0
15 3.8628993798421245 7 40.0
16 1.287386428112337 18 37.0
17 1.9780398469104392 15 36.0
18 1.3147790340157637 17 33.0
19 3.398411556268648 10 33.0
20 1.1938308069606836 19 31.0
1 5.355025935089121 4 100.0
2 6.346810827637714 3 81.0
3 2.835160855546718 16 77.0
4 3.6171972482798984 14 75.0
5 4.427630711093503 10 70.0
6 5.1154906574271255 6 63.0
7 0.9313609736908623 19 54.0
8 3.7636021850800785 13 49.0
9 4.843425581549075 9 47.0
10 3.7765994695590903 12 44.0
11 5.295096073726304 5 44.0
12 8.142272771642713 1 44.0
13 3.485708675191466 15 42.0
14 4.893520102103276 8 41.0
15 4.296631015136043 11 40.0
16 2.6305999999998875 17 37.0
17 7.029878298342576 2 36.0
18 1.8384546218986562 18 33.0
19 0.0 20 33.0
20 4.981272771642727 7 31.0
1 4.226251728338046 7 100.0
2 2.961936779460184 12 81.0
3 3.852815258033238 9 77.0
4 3.338964618310605 11 75.0
5 3.3402419358550435 10 70.0
6 5.801608764226854 1 63.0
7 1.4782550462459807 19 54.0
8 1.8738968320966702 16 49.0
9 4.902215583452012 3 47.0
10 0.0 20 44.0
11 2.5894368320966255 13 44.0
12 4.985231905236305 2 44.0
13 4.5123087642265745 5 42.0
14 3.921885469820299 8 41.0
15 4.292948173324439 6 40.0
16 1.5133456816078392 18 37.0
17 4.6604339324631505 4 36.0
18 2.1789943874430873 15 33.0
19 2.555517975468966 14 33.0
20 1.8689999999997133 17 31.0
1 5.698732857145702 4 100.0
2 5.572952857143352 5 81.0
3 5.47740285713679 6 77.0
4 5.938061428571009 3 75.0
5 4.401211428570175 8 70.0
6 6.439202857141952 1 63.0
7 2.0137614285699392 15 54.0
8 1.6915785714286098 17 49.0
9 1.6168699999999985 18 47.0
10 2.7430028571437526 13 44.0
11 1.757844285715561 16 44.0
12 2.7178178571426725 14 44.0
13 5.999677857142872 2 42.0
14 0.6681199999965419 19 41.0
15 0.0 20 40.0
16 3.316187857140383 10 37.0
17 3.310161428574072 11 36.0
18 5.049837857142069 7 33.0
19 3.532277857140244 9 33.0
20 3.0596378571422993 12 31.0
1 2.412626991767946 7 100.0
2 3.383553106552572 3 81.0
3 3.5354903300215597 2 77.0
4 2.9794000549632247 5 75.0
5 4.546739642098699 1 70.0
6 3.337806428429344 4 63.0
7 0.5226558381240032 18 54.0
8 2.7865655874014537 6 49.0
9 2.202599602573094 9 47.0
10 1.1970025402476752 14 44.0
11 0.4291244356392845 19 44.0
12 1.3349809971060673 13 44.0
13 0.691814472238059 17 42.0
14 1.184338750568494 15 41.0
15 2.1270422801450364 10 40.0
16 1.9058020827864668 11 37.0
17 2.2655478260339654 8 36.0
18 0.0 20 33.0
19 1.8435119138609766 12 33.0
20 0.88218452733052 16 31.0
1 4.070503676004847 15 100.0
2 5.786148155811736 8 81.0
3 5.701001901192388 9 77.0
4 4.030199311514023 16 75.0
5 8.108078079112758 2 70.0
6 6.74477241682888 4 63.0
7 4.717128660137325 14 54.0
8 6.303728660123001 7 49.0
9 6.603658362948213 5 47.0
10 5.547599311515276 12 44.0
11 3.6166963239946326 17 44.0
12 5.14644345919616 13 44.0
13 6.545308964327961 6 42.0
14 3.224651493760508 19 41.0
15 5.69123060903459 10 40.0
16 8.538130609035964 1 37.0
17 6.894737140169524 3 36.0
18 0.0 20 33.0
19 5.587909300619868 11 33.0
20 3.4604951311504593 18 31.0
1 5.650794815855658 9 100.0
2 3.645000000000032 19 81.0
3 3.9027461578876794 18 77.0
4 6.728454615888981 5 75.0
5 6.62485271551798 6 70.0
6 5.619802315775393 10 63.0
7 4.273218412339169 16 54.0
8 5.01462440080857 14 49.0
9 5.773974815855644 7 47.0
10 6.768006435400232 4 44.0
11 5.112848020915754 13 44.0
12 7.981312423869673 2 44.0
13 4.051214625448058 17 42.0
14 5.249661732048984 11 41.0
15 4.645599475535507 15 40.0
16 5.679659228869657 8 37.0
17 7.523474815855659 3 36.0
18 0.0 20 33.0
19 8.437992423869682 1 33.0
20 5.242825895298097 12 31.0
1 3.8427307667620516 3 100.0
2 1.8245290505038536 14 81.0
3 2.1340019720038077 10 77.0
4 1.8174914550920596 15 75.0
5 4.402078431310345 1 70.0
6 3.8684605435015316 2 63.0
7 0.0 20 54.0
8 2.5169636415146432 8 49.0
9 3.173612957758595 7 47.0
10 1.2036953047805836 18 44.0
11 0.30385849734927506 19 44.0
12 3.739678906225328 4 44.0
13 2.088288817719349 12 42.0
14 1.5224476575751797 17 41.0
15 2.1264264802116086 11 40.0
16 2.0811129009998046 13 37.0
17 3.671474187321456 5 36.0
18 1.5478383135915075 16 33.0
19 3.614525900293285 6 33.0
20 2.4754588181529176 9 31.0
1 1.972804021066052 15 100.0
2 2.6253592943574313 13 81.0
3 4.753259474108157 2 77.0
4 2.155368804958659 14 75.0
5 4.309041972332492 3 70.0
6 3.9385804564011737 6 63.0
7 2.6865803335979166 12 54.0
8 3.730254013290044 7 49.0
9 3.269918948357693 9 47.0
10 1.2403189483336767 17 44.0
11 1.9625249963314921 16 44.0
12 4.037397266999671 4 44.0
13 1.1442676794782745 18 42.0
14 2.8235690782634206 11 41.0
15 3.209389249312864 10 40.0
16 5.772467679500637 1 37.0
17 3.9829803335388725 5 36.0
18 0.0 20 33.0
19 3.485394200357735 8 33.0
20 0.6449180422529444 19 31.0
1 5.363299319066026 6 100.0
2 5.064313538756587 9 81.0
3 4.726800000013816 13 77.0
4 4.030901543471399 15 75.0
5 9.329053597993397 1 70.0
6 4.291727995426157 14 63.0
7 3.3559221519284943 17 54.0
8 6.655400166634359 3 49.0
9 5.637151514100705 4 47.0
10 2.6887308309949924 18 44.0
11 1.2997709467955572 19 44.0
12 4.831150249943851 12 44.0
13 3.892901543496228 16 42.0
14 4.929601528800913 10 41.0
15 5.086640083315192 8 40.0
16 8.068453597995042 2 37.0
17 5.327833330866653 7 36.0
18 0.0 20 33.0
19 5.535385044051844 5 33.0
20 4.8794481232429865 11 31.0
1 8.686426015837862 5 100.0
2 7.488311212420516 12 81.0
3 7.785159728581764 9 77.0
4 7.360887820347711 13 75.0
5 9.341753765245295 2 70.0
6 8.425862499889998 6 63.0
7 4.570451809926336 19 54.0
8 7.903797325744499 7 49.0
9 8.758997581544739 4 47.0
10 7.731412087533975 11 44.0
11 5.348299986276644 18 44.0
12 10.024515491818835 1 44.0
13 7.179982418346197 15 42.0
14 5.639855637184938 17 41.0
15 7.84320503928378 8 40.0
16 7.19902242255857 14 37.0
17 9.1716762114503 3 36.0
18 0.0 20 33.0
19 7.751484866147875 10 33.0
20 7.134103015325675 16 31.0
1 10.001639884615404 5 100.0
2 10.001690038461557 4 81.0
3 9.257470076923092 6 77.0
4 8.814019538461555 10 75.0
5 10.809819423076938 1 70.0
6 9.19551003846156 7 63.0
7 1.648040000000015 16 54.0
8 0.9961800000000016 18 49.0
9 10.321719769230786 2 47.0
10 9.100819307692326 8 44.0
11 5.8725400000000185 13 44.0
12 4.510940000000016 14 44.0
13 6.135230000000019 12 42.0
14 0.4936400000000081 19 41.0
15 1.79940000000001 15 40.0
16 8.968979192307714 9 37.0
17 10.202249884615405 3 36.0
18 6.90771965384617 11 33.0
19 1.4498300000000048 17 33.0
20 0.0 20 31.0
1 4.499511710511792 2 100.0
2 1.9516039322763388 11 81.0
3 2.003341701445477 10 77.0
4 4.197240344350572 3 75.0
5 2.6518041850769722 6 70.0
6 3.2671290256381473 4 63.0
7 0.1717011788425422 19 54.0
8 2.2920610015704383 7 49.0
9 0.4935417014454775 18 47.0
10 2.7689920764394307 5 44.0
11 1.6635534028909582 13 44.0
12 1.4830112235025728 15 44.0
13 2.1439127152505817 9 42.0
14 1.0143865443972873 17 41.0
15 1.6222417014454789 14 40.0
16 1.6932285285203372 12 37.0
17 4.599891335950241 1 36.0
18 0.0 20 33.0
19 2.2666313445841495 8 33.0
20 1.3017548965014625 16 31.0
1 5.96364000000236 4 100.0
2 6.027789999998946 3 81.0
3 5.950640000002632 5 77.0
4 0.0 20 75.0
5 5.8797010000001935 7 70.0
6 6.208500000000352 1 63.0
7 5.628579999999864 8 54.0
8 4.798125000001393 10 49.0
9 4.440839999996223 11 47.0
10 4.025790000000141 12 44.0
11 3.420245000000267 14 44.0
12 2.349689999999804 19 44.0
13 2.524085000002052 17 42.0
14 3.172339999999734 16 41.0
15 5.3365349999995715 9 40.0
16 3.697050000000387 13 37.0
17 6.164249999999557 2 36.0
18 2.4242899999989476 18 33.0
19 3.3425100000013415 15 33.0
20 5.894790000000213 6 31.0
1 3.2963277017640027 4 100.0
2 2.1600276959871683 14 81.0
3 3.0704192402843162 8 77.0
4 2.662871085700751 9 75.0
5 4.237386410643023 1 70.0
6 3.798112648843883 2 63.0
7 2.1456790966698733 15 54.0
8 2.439302237292202 13 49.0
9 3.190512723335999 5 47.0
10 1.8548218240173493 16 44.0
11 1.3981797931656657 18 44.0
12 2.5054638480678135 11 44.0
13 3.077995117035999 7 42.0
14 0.8876012330376064 19 41.0
15 2.4453480434508252 12 40.0
16 3.4614991637399832 3 37.0
17 3.1016377606148473 6 36.0
18 0.0 20 33.0
19 2.627371989452786 10 33.0
20 1.708724822163762 17 31.0
1 5.969260367119443 3 100.0
2 1.6156314706721309 16 81.0
3 6.1584231792148385 2 77.0
4 10.45119591889578 1 75.0
5 3.510167022448461 12 70.0
6 4.305075471462094 5 63.0
7 0.0 20 54.0
8 5.038395918895763 4 49.0
9 1.5378097983366397 17 47.0
10 3.424023179214813 13 44.0
11 0.8487319692347777 19 44.0
12 3.631579342344902 10 44.0
13 1.4618307594742355 18 42.0
14 4.020872383972257 8 41.0
15 4.213485918895779 6 40.0
16 3.7287532132276744 9 37.0
17 3.5684195966733205 11 36.0
18 2.4827163125671845 14 33.0
19 4.060707153672295 7 33.0
20 1.849000759474208 15 31.0
1 7.201666635058727 1 100.0
2 5.456459072718787 10 81.0
3 6.05165614810877 5 77.0
4 5.41279999516577 11 75.0
5 5.74500157414617 7 70.0
6 3.28473336404581 16 63.0
7 2.615133379594568 18 54.0
8 0.0 20 49.0
9 6.276978938956224 4 47.0
10 6.4942999994437365 3 44.0
11 1.4726999992118746 19 44.0
12 6.750132438381712 2 44.0
13 5.699719090897555 8 42.0
14 5.323039125276564 12 41.0
15 5.567591619684584 9 40.0
16 5.862249996728673 6 37.0
17 4.9577999999719 13 36.0
18 2.6660789459939065 17 33.0
19 4.615733360990757 14 33.0
20 4.282859090804016 15 31.0
1 3.8058127303309903 12 100.0
2 2.669512728010057 15 81.0
3 3.7745236389653867 13 77.0
4 2.4886236381338023 16 75.0
5 3.8425127364745055 11 70.0
6 8.14723454929098 2 63.0
7 1.5990127303301254 19 54.0
8 4.060100003084501 10 49.0
9 5.809633639567463 6 47.0
10 4.45103454488737 9 44.0
11 2.3888672781996405 17 44.0
12 8.398623637804619 1 44.0
13 8.016273638894575 3 42.0
14 1.973612729050164 18 41.0
15 6.938333640565485 4 40.0
16 3.6850339415649547 14 37.0
17 6.013100608231623 5 36.0
18 0.0 20 33.0
19 5.548873639061551 7 33.0
20 5.237623638591498 8 31.0
1 7.141350581679766 9 100.0
2 8.16956538312974 5 81.0
3 8.544530909565765 4 77.0
4 11.972270077615196 2 75.0
5 7.266353939572008 8 70.0
6 6.0927806768622315 10 63.0
7 0.0 20 54.0
8 12.31386538356141 1 49.0
9 7.774770077871294 6 47.0
10 5.360453939851512 15 44.0
11 5.731863178836518 13 44.0
12 4.842970581680229 18 44.0
13 5.994553178501162 11 42.0
14 5.902088851760983 12 41.0
15 7.420481742097219 7 40.0
16 4.615000000223091 19 37.0
17 9.514435296651257 3 36.0
18 5.115359714780501 17 33.0
19 5.299650581750537 16 33.0
20 5.399658851745629 14 31.0
1 2.978625041840809 15 100.0
2 4.0483111277709085 6 81.0
3 2.7572950420378555 17 77.0
4 3.699485851526908 9 75.0
5 3.3102191069014753 14 70.0
6 2.33455831267666 18 63.0
7 0.0 20 54.0
8 4.756008268534936 3 49.0
9 4.46208016921858 4 47.0
10 4.1812243016215 5 44.0
11 7.313786830754655 1 44.0
12 3.9382255331229454 8 44.0
13 3.5614858514454726 12 42.0
14 3.5427303407190376 13 41.0
15 1.7304447268694114 19 40.0
16 3.593370334668399 11 37.0
17 5.902824301626194 2 36.0
18 3.9794481284039644 7 33.0
19 3.6887518985845875 10 33.0
20 2.888127213329217 16 31.0
1 8.059659168218246 2 100.0
2 3.627074342387374 17 81.0
3 7.690707759697812 3 77.0
4 6.198698369009852 7 75.0
5 12.662859168218372 1 70.0
6 5.673560577225038 11 63.0
7 3.3289375698012895 18 54.0
8 4.918708107549675 13 49.0
9 5.698803174130238 10 47.0
10 3.87254619536101 16 44.0
11 4.489691892450331 15 44.0
12 2.3506081075496796 19 44.0
13 6.73765338629304 6 42.0
14 5.9289914060896765 9 41.0
15 4.842740605811595 14 40.0
16 6.995312447943801 5 37.0
17 7.180934113305861 4 36.0
18 0.0 20 33.0
19 6.004502681789699 8 33.0
20 5.426561406089724 12 31.0
1 6.647137021064562 5 100.0
2 8.989766758094097 1 81.0
3 6.608188140817068 6 77.0
4 5.511711037750174 12 75.0
5 7.898265243883122 2 70.0
6 6.454045038878874 7 63.0
7 1.5537000000000747 19 54.0
8 5.732533114662279 11 49.0
9 7.033089864273252 3 47.0
10 5.021599999998484 14 44.0
11 0.0 20 44.0
12 6.231351254065139 10 44.0
13 6.41569311466093 8 42.0
14 3.8558370210659803 16 41.0
15 1.705059999999694 18 40.0
16 4.211066758092867 15 37.0
17 6.678266758098646 4 36.0
18 3.4040797285421016 17 33.0
19 6.392402779583965 9 33.0
20 5.358664305103663 13 31.0
1 2.352874834287687 10 100.0
2 3.1088126927223465 6 81.0
3 2.114278869389611 13 77.0
4 1.7850327944263633 16 75.0
5 4.9558964734585125 1 70.0
6 2.4922142024007963 7 63.0
7 0.0 20 54.0
8 2.431348129532983 9 49.0
9 2.4372352200937075 8 47.0
10 1.8532550803515004 15 44.0
11 0.09768299784231527 19 44.0
12 2.3199142023970523 11 44.0
13 0.9569433029709105 18 42.0
14 1.9026927431732383 14 41.0
15 2.3125905428211926 12 40.0
16 3.6952964734496527 4 37.0
17 3.352946117434832 5 36.0
18 4.072816473457155 3 33.0
19 4.132374995595159 2 33.0
20 1.1360668832417231 17 31.0
1 2.7662700000039213 9 100.0
2 1.8368500000111685 14 81.0
3 3.165940000001988 6 77.0
4 4.362849999991355 4 75.0
5 3.7474000000059804 5 70.0
6 7.177470000001543 1 63.0
7 0.0 20 54.0
8 0.6282000000011139 17 49.0
9 2.8894499999972463 8 47.0
10 0.43154000000108406 18 44.0
11 5.625480000001543 3 44.0
12 2.1677400000011158 13 44.0
13 5.8881699999995085 2 42.0
14 2.9557499999980172 7 41.0
15 2.2342799999913563 11 40.0
16 0.05897000000048802 19 37.0
17 1.1046400000010854 15 36.0
18 2.653450000042355 10 33.0
19 2.1762999999867976 12 33.0
20 0.6632499999852608 16 31.0
1 4.121055445266424 18 100.0
2 5.468415297575765 12 81.0
3 5.17614460251863 15 77.0
4 9.841185000000387 1 75.0
5 7.589828642487259 3 70.0
6 5.553462248040793 11 63.0
7 5.049163116852121 16 54.0
8 6.0092998675059315 8 49.0
9 6.305863116879357 7 47.0
10 5.735917642485648 10 44.0
11 6.857185000003539 5 44.0
12 5.268815132481005 13 44.0
13 4.904869207204859 17 42.0
14 6.306169207213001 6 41.0
15 7.434563116852118 4 40.0
16 0.0 20 37.0
17 5.262899999999994 14 36.0
18 1.8680000000061145 19 33.0
19 5.818485879666122 9 33.0
20 7.604917642485297 2 31.0
1 3.4817935267457845 5 100.0
2 4.116708929474741 2 81.0
3 1.6344584822160817 13 77.0
4 1.058635572059718 16 75.0
5 1.200733090702084 14 70.0
6 3.9605233895490315 3 63.0
7 0.0 20 54.0
8 2.4747704903367578 7 49.0
9 4.519314469400188 1 47.0
10 2.489714469400338 6 44.0
11 0.5805436066854557 18 44.0
12 2.0256735105993564 9 44.0
13 1.1329318308422545 15 42.0
14 1.8486244694003164 11 41.0
15 2.1153545178398048 8 40.0
16 3.888487718763632 4 37.0
17 1.6869708513439718 12 36.0
18 0.03178978827506951 19 33.0
19 2.0006000000001305 10 33.0
20 0.5893976324875776 17 31.0
1 1.5706978975569446 12 100.0
2 0.0 20 81.0
3 2.4927155128844882 5 77.0
4 3.0479921357615485 2 75.0
5 3.0366339388202164 3 70.0
6 2.08914305763354 8 63.0
7 1.060532351625166 15 54.0
8 2.5702601465541437 4 49.0
9 0.07649951259679821 19 47.0
10 1.3639532742914944 13 44.0
11 0.8993535866919391 16 44.0
12 2.226264137824918 7 44.0
13 1.144931462335676 14 42.0
14 0.7550918565740956 17 41.0
15 1.7874262390240572 10 40.0
16 0.43537037376106213 18 37.0
17 2.0759064020288456 9 36.0
18 2.3068918565740963 6 33.0
19 4.088608849494873 1 33.0
20 1.6533793628810716 11 31.0
1 5.533601428616051 8 100.0
2 4.148252857133557 15 81.0
3 5.5347557143270745 7 77.0
4 3.777212857190926 17 75.0
5 10.136801428578444 2 70.0
6 7.164100000000002 6 63.0
7 0.0 20 54.0
8 7.9705014287325735 5 49.0
9 8.789720000097365 3 47.0
10 3.467900000222695 18 44.0
11 3.7947485715769878 16 44.0
12 5.3404542857644 10 44.0
13 10.569500000097367 1 42.0
14 2.826809999987185 19 41.0
15 5.47279714286911 9 40.0
16 5.230048571445957 12 37.0
17 5.189500000062901 13 36.0
18 4.378610000049031 14 33.0
19 8.102099999731065 4 33.0
20 5.336900000000003 11 31.0
1 1.4978286613427283 10 100.0
2 1.0678332104880175 15 81.0
3 1.7939447787965908 5 77.0
4 1.7404343104320688 6 75.0
5 3.751446655950228 2 70.0
6 2.3844075534250893 4 63.0
7 0.5381311936939492 18 54.0
8 0.8323044958742593 16 49.0
9 1.5596203819575407 8 47.0
10 0.38979956841700547 19 44.0
11 0.0 20 44.0
12 3.693377386691979 3 44.0
13 1.4395035932092983 12 42.0
14 1.5837547787969606 7 41.0
15 1.0785308616524039 14 40.0
16 4.996567227430912 1 37.0
17 1.5244875534268076 9 36.0
18 0.7926683316494493 17 33.0
19 1.440697673091441 11 33.0
20 1.0882291098716554 13 31.0
1 4.631666288871475 6 100.0
2 2.9011585095939196 13 81.0
3 3.3699953224709276 9 77.0
4 4.864297483698646 4 75.0
5 4.6715982710178565 5 70.0
6 3.898415889566094 8 63.0
7 1.8306585095939232 19 54.0
8 2.2340211296217394 16 49.0
9 2.9127025163013585 12 47.0
10 2.587801219564753 15 44.0
11 0.0 20 44.0
12 6.931396927661443 1 44.0
13 2.940032557262419 11 42.0
14 2.7039073955727053 14 41.0
15 3.3263864597501906 10 40.0
16 4.033370065205427 7 37.0
17 5.868296927661427 2 36.0
18 1.9901925572624104 18 33.0
19 5.050506202536576 3 33.0
20 2.201477395572672 17 31.0
1 3.3891490288183688 1 100.0
2 2.081094904894496 9 81.0
3 2.5367768057460465 4 77.0
4 2.4173813947989125 6 75.0
5 2.8843356608046458 3 70.0
6 1.5000099940367444 15 63.0
7 0.0 20 54.0
8 1.8781763517463723 10 49.0
9 3.1935112906241416 2 47.0
10 2.318198300513653 7 44.0
11 0.17638247060858148 19 44.0
12 1.5662893725176987 13 44.0
13 0.34381549349600204 18 42.0
14 1.5089406337357425 14 41.0
15 2.1527667803291086 8 40.0
16 0.867791717870399 17 37.0
17 1.8292023428258566 11 36.0
18 1.6777789559677079 12 33.0
19 2.5168232756359097 5 33.0
20 1.495919428165457 16 31.0
