1 7.129444636766937 2 93.0
2 2.5854413126928923 16 80.0
3 4.687482625612061 8 78.0
4 7.7875701116205835 1 77.0
5 5.6169231841990515 3 58.0
6 3.732343938324918 13 55.0
7 5.080489273643862 6 55.0
8 5.233444636673842 4 54.0
9 3.014378547377537 15 52.0
10 4.063829189875973 10 51.0
11 2.0249103350787916 17 48.0
12 4.247970111568945 9 47.0
13 0.0 20 45.0
14 1.142944636766941 19 41.0
15 3.1250402233537233 14 38.0
16 4.93243391048735 7 38.0
17 1.688043938447794 18 38.0
18 3.9003231842454382 12 37.0
19 3.908180446786083 11 33.0
20 5.1891418155373445 5 26.0
1 6.0097503302432145 1 93.0
2 5.4889887940207 3 80.0
3 2.2412615904355526 18 78.0
4 4.7231162890348335 5 77.0
5 4.374956664429465 9 58.0
6 3.4943002029466435 12 55.0
7 3.118515877765978 14 55.0
8 4.701083622970637 6 54.0
9 4.723399999999991 4 52.0
10 4.3536836229706495 10 51.0
11 2.7527539192873265 15 48.0
12 4.488800348638411 7 47.0
13 0.0 20 45.0
14 1.6631342986559878 19 41.0
15 4.3836999507863394 8 38.0
16 2.469239070050758 16 38.0
17 5.590578020064097 2 38.0
18 3.857162120840863 11 37.0
19 2.4671462216175977 17 33.0
20 3.2573931259124906 13 26.0
1 7.55599921178692 2 93.0
2 6.604410911136571 3 80.0
3 3.8649744476016172 18 78.0
4 6.24246036398291 6 77.0
5 3.991844681047106 17 58.0
6 4.695024830217733 11 55.0
7 4.592155061461745 13 55.0
8 6.512167844469029 4 54.0
9 5.287225641705278 7 52.0
10 6.394773065276571 5 51.0
11 4.618823890191628 12 48.0
12 4.073752596205824 16 47.0
13 0.0 20 45.0
14 4.480073065276571 14 41.0
15 8.861060363982912 1 38.0
16 4.733635471902587 10 38.0
17 5.197044328910003 8 38.0
18 4.261167697521589 15 37.0
19 5.091705471902587 9 33.0
20 3.1668760205014994 19 26.0
1 9.861281598156962 1 93.0
2 9.578972181070192 2 80.0
3 7.131328027908985 12 78.0
4 8.864564274663284 5 77.0
5 7.482893294774518 9 58.0
6 7.451209262272994 10 55.0
7 7.943973127839003 7 55.0
8 5.504299999999953 18 54.0
9 5.665471647387271 17 52.0
10 8.924819961399146 4 51.0
11 5.8892628938870395 16 48.0
12 8.267522262078213 6 47.0
13 6.178556361409625 14 45.0
14 7.3637347277762215 11 41.0
15 9.204074457660258 3 38.0
16 6.524969262273103 13 38.0
17 3.6601000000000057 19 38.0
18 0.0 20 37.0
19 6.065172523661969 15 33.0
20 7.895086090534723 8 26.0
1 8.18214999944183 2 93.0
2 5.1747149997280335 8 80.0
3 3.382749996315224 13 78.0
4 6.313603999854934 3 77.0
5 5.207395999856873 7 58.0
6 5.518579999542963 6 55.0
7 6.13225000060418 5 55.0
8 6.143249998709408 4 54.0
9 5.127809999542965 9 52.0
10 0.6235500003892165 19 51.0
11 0.0 20 48.0
12 2.7544579997337415 14 47.0
13 2.7328899987094166 15 45.0
14 2.0527500053896572 16 41.0
15 8.932203999733613 1 38.0
16 4.667944999757324 11 38.0
17 1.1492599987094203 18 38.0
18 3.5103419997332086 12 37.0
19 1.6995999984160175 17 33.0
20 4.77685000088654 10 26.0
1 8.638092799396748 1 93.0
2 3.5788783525190295 16 80.0
3 7.736595366043028 3 78.0
4 3.336038352519015 17 77.0
5 5.029801452604859 5 58.0
6 4.109413143241315 10 55.0
7 4.712944833877765 7 55.0
8 3.8414847829188488 12 54.0
9 5.66937162404437 4 52.0
10 3.5923344347915744 14 51.0
11 3.8130234898380735 13 48.0
12 4.970928582898238 6 47.0
13 0.0 20 45.0
14 2.593278352519016 18 41.0
15 4.365091567718934 8 38.0
16 4.300656185819414 9 38.0
17 4.098521647481006 11 38.0
18 3.58156194026812 15 37.0
19 2.0551781875298505 19 33.0
20 7.962234546266677 2 26.0
1 5.51309236196705 2 93.0
2 5.562997095494829 1 80.0
3 4.980727868483482 6 78.0
4 4.516300000015306 9 77.0
5 4.586737081484501 8 58.0
6 5.0475723619116355 5 55.0
7 3.393643295558062 15 55.0
8 4.314728151403737 10 54.0
9 5.082007628392047 4 52.0
10 2.8483826166301114 17 51.0
11 4.214192894877652 12 48.0
12 4.788178641602861 7 47.0
13 1.5333970957113836 19 45.0
14 3.773540000000029 14 41.0
15 5.288247628393119 3 38.0
16 4.248492904477738 11 38.0
17 0.0 20 38.0
18 2.836359509637186 18 37.0
19 3.141099999953357 16 33.0
20 3.9338170815567217 13 26.0
1 8.282375980350354 1 93.0
2 2.866156105916246 11 80.0
3 3.058923669105873 10 78.0
4 3.965321157305057 6 77.0
5 4.8264051618650905 2 58.0
6 1.7547379961888423 16 55.0
7 1.2671510545315363 19 55.0
8 1.8946503357722648 15 54.0
9 2.6815290041065394 12 52.0
10 3.3939069882693595 9 51.0
11 2.0908118810039436 14 48.0
12 4.094451054530734 5 47.0
13 0.0 20 45.0
14 1.728923669104327 17 41.0
15 3.550998784062235 8 38.0
16 3.942775980351851 7 38.0
17 1.3986826047045149 18 38.0
18 4.200567082986083 4 37.0
19 2.3184759803505814 13 33.0
20 4.244847348072161 3 26.0
1 5.670102682896697 2 93.0
2 3.8695142851781723 3 80.0
3 5.751431379113906 1 78.0
4 2.5641404272544532 11 77.0
5 3.2246443834631235 6 58.0
6 3.7302115316621034 4 55.0
7 1.5292512166273784 15 55.0
8 3.4593985606386535 5 54.0
9 3.0277486948452377 7 52.0
10 2.851853254042115 10 51.0
11 1.3078475334608506 18 48.0
12 2.409168691633893 12 47.0
13 0.0 20 45.0
14 2.125618315410029 13 41.0
15 2.9621810366321384 9 38.0
16 2.0729183528608965 14 38.0
17 1.3816864013318635 17 38.0
18 2.963911524039279 8 37.0
19 1.1988261030367482 19 33.0
20 1.3947896097243278 16 26.0
1 5.591045454020202 1 93.0
2 4.266963754749785 4 80.0
3 3.254031502201383 7 78.0
4 4.225255908865573 5 77.0
5 5.1377567157888935 3 58.0
6 2.5465846256315396 11 55.0
7 5.337606680236854 2 55.0
8 2.9362835922528627 10 54.0
9 1.8446754487615922 16 52.0
10 2.2804567157888913 12 51.0
11 2.079755127344951 14 48.0
12 2.9485769859234554 9 47.0
13 0.0 20 45.0
14 2.9657993462153724 8 41.0
15 2.1150107353226573 13 38.0
16 1.635904859859232 18 38.0
17 3.954203340118425 6 38.0
18 1.957278390234835 15 37.0
19 0.8833615732471944 19 33.0
20 1.7358307353226632 17 26.0
1 8.36550226582214 1 93.0
2 2.0099743866376025 16 80.0
3 4.974758817152734 5 78.0
4 6.657668732729113 2 77.0
5 4.519183471180493 7 58.0
6 1.6594807904662336 17 55.0
7 4.211525180150265 9 55.0
8 5.068025751144204 3 54.0
9 4.310790771971544 8 52.0
10 2.943017783616907 15 51.0
11 0.12051369093268294 18 48.0
12 3.5640445886022176 12 47.0
13 0.0 20 45.0
14 4.598295600259217 6 41.0
15 4.975489810298328 4 38.0
16 3.465025744351712 13 38.0
17 3.368198732369052 14 38.0
18 3.9802173019273406 11 37.0
19 4.019729470958784 10 33.0
20 0.12040178157785064 19 26.0
1 4.043954388027318 1 93.0
2 3.3923110152321163 4 80.0
3 1.8400396925678644 11 78.0
4 3.644783215348923 3 77.0
5 2.043905676806787 10 58.0
6 2.1694235484470195 9 55.0
7 2.4193565419176446 8 55.0
8 3.0909281321052946 6 54.0
9 0.0 20 52.0
10 3.1428782986287804 5 51.0
11 0.24843108043689077 17 48.0
12 3.6536758522898154 2 47.0
13 0.3427636259270237 15 45.0
14 0.12799906564108565 19 41.0
15 0.20624000002307974 18 38.0
16 0.6670449458111531 13 38.0
17 0.43541481174540464 14 38.0
18 2.5158318129833885 7 37.0
19 0.6790477729287303 12 33.0
20 0.3228350320263269 16 26.0
1 6.517104670805024 1 93.0
2 5.930972498556071 2 80.0
3 2.0136240185958454 16 78.0
4 4.0737684988590495 5 77.0
5 4.616387073608072 3 58.0
6 2.5563735286543876 13 55.0
7 2.9404236017140897 10 55.0
8 3.528626829606052 9 54.0
9 3.678386368589645 7 52.0
10 3.7694389205488554 6 51.0
11 1.0789440185799786 18 48.0
12 4.423271364747278 4 47.0
13 0.03491339573421737 19 45.0
14 2.7240093436234774 12 41.0
15 2.745304671115218 11 38.0
16 2.0024854239891803 17 38.0
17 2.5382131025484043 14 38.0
18 0.0 20 37.0
19 3.5870356555159395 8 33.0
20 2.2224780683227623 15 26.0
1 7.494532244592824 1 93.0
2 4.481021924290019 10 80.0
3 3.503000000000005 16 78.0
4 5.546909897874747 5 77.0
5 3.9008676802708324 13 58.0
6 6.140342645439162 4 55.0
7 7.145488262027465 2 55.0
8 4.008902174290018 11 54.0
9 3.811519674290019 15 52.0
10 4.626093174290018 8 51.0
11 4.489613878615765 9 48.0
12 5.001126218769987 6 47.0
13 0.0 20 45.0
14 1.9277359242900185 18 41.0
15 3.141200000000005 17 38.0
16 3.9985430583223662 12 38.0
17 3.8606762187699886 14 38.0
18 1.8764093792176082 19 37.0
19 4.788176218769988 7 33.0
20 6.6239576742900175 3 26.0
1 4.95298092735412 4 93.0
2 4.840879347688013 6 80.0
3 3.488303384005456 8 78.0
4 5.564448888491326 2 77.0
5 2.7235451375201363 14 58.0
6 4.579225401960294 7 55.0
7 2.909898832379926 12 55.0
8 5.682288888488505 1 54.0
9 5.295654781921266 3 52.0
10 3.3530648263658644 10 51.0
11 0.0 20 48.0
12 1.9870456467118656 17 47.0
13 0.7672241618895659 19 45.0
14 2.7843578794898627 13 41.0
15 2.146128032439014 16 38.0
16 3.36916224260085 9 38.0
17 3.147946020709793 11 38.0
18 2.671665772523339 15 37.0
19 1.2547363412656152 18 33.0
20 4.944694781922392 5 26.0
1 5.536920173646649 1 93.0
2 3.5127211060116856 6 80.0
3 4.178469103679199 2 78.0
4 3.6554602459020806 4 77.0
5 3.545402088140049 5 58.0
6 2.0406301133292177 14 55.0
7 3.7084814837850706 3 55.0
8 2.432782490888755 11 54.0
9 1.3119690941096445 17 52.0
10 2.3189825446507486 12 51.0
11 0.3971616996536462 19 48.0
12 3.3416994304076097 7 47.0
13 0.5119370993554826 18 45.0
14 2.1122876412124705 13 41.0
15 2.9310880207015333 10 38.0
16 3.2324855762175306 8 38.0
17 1.6515385426249616 16 38.0
18 0.0 20 37.0
19 3.099447753695147 9 33.0
20 1.8131239085129254 15 26.0
1 8.819346166674958 1 93.0
2 6.665329136755119 4 80.0
3 2.9201702361394517 18 78.0
4 7.993194195582562 2 77.0
5 5.623622102022873 7 58.0
6 7.197200785831627 3 55.0
7 3.739129136755119 15 55.0
8 0.0 20 54.0
9 4.3489980373707775 12 52.0
10 5.541017217686403 9 51.0
11 3.606571240188514 17 48.0
12 5.268143693018697 10 47.0
13 3.8878909674582345 14 45.0
14 5.608316398002031 8 41.0
15 3.6297715716632784 16 38.0
16 6.4952172176864025 5 38.0
17 2.662129136755124 19 38.0
18 6.42912608237501 6 37.0
19 4.313612811353924 13 33.0
20 5.0000000000000435 11 26.0
1 7.030471011265776 2 93.0
2 2.733200000000001 14 80.0
3 4.391639509720721 11 78.0
4 7.53636143709535 1 77.0
5 5.7077971403363295 4 58.0
6 5.13986143709535 7 55.0
7 4.725304286614793 10 55.0
8 4.911057140336328 9 54.0
9 5.525827776757051 5 52.0
10 5.021136968057303 8 51.0
11 3.834930917935407 12 48.0
12 0.9883887111540477 19 47.0
13 1.504574891127266 18 45.0
14 3.2763550974336493 13 41.0
15 5.759107452926141 3 38.0
16 2.650071779125233 15 38.0
17 0.0 20 38.0
18 1.7638187111540446 16 37.0
19 1.5986730328700136 17 33.0
20 5.228457638469256 6 26.0
1 7.278749885102172 4 93.0
2 2.837719654801357 16 80.0
3 3.755625172535948 12 78.0
4 9.59331655286022 1 77.0
5 2.407350344505104 18 58.0
6 7.1968165450325845 5 55.0
7 5.151476551487731 8 55.0
8 5.382749885098173 7 54.0
9 7.718276553125262 3 52.0
10 4.973349885083701 10 51.0
11 5.0476000000478365 9 48.0
12 3.596673218421743 14 47.0
13 0.0 20 45.0
14 3.679476551839344 13 41.0
15 3.0475055190910263 15 38.0
16 2.5835748277159998 17 38.0
17 0.97810862055093 19 38.0
18 4.374516552859534 11 37.0
19 8.334416552860054 2 33.0
20 5.581497587588918 6 26.0
1 6.5240139518932025 2 93.0
2 6.370872514044594 3 80.0
3 5.248700713941197 7 78.0
4 7.132515862667315 1 77.0
5 4.058450885996672 12 58.0
6 5.022900000000015 9 55.0
7 5.168042582075429 8 55.0
8 5.469165098314396 4 54.0
9 3.1642456816939974 16 52.0
10 1.2011508859966615 19 51.0
11 2.78345568169399 18 48.0
12 5.4280079921555275 5 47.0
13 4.276654845341956 10 45.0
14 4.108453322905118 11 41.0
15 0.0 20 38.0
16 3.4931113633880173 14 38.0
17 3.556228455638607 13 38.0
18 5.288676091283029 6 37.0
19 2.9760742933622115 17 33.0
20 3.4803674206641353 15 26.0
1 6.716474393972257 1 93.0
2 4.569169802387428 4 80.0
3 3.31815798733763 11 78.0
4 4.179201709677776 6 77.0
5 4.482065815470624 5 58.0
6 3.6939307527014122 9 55.0
7 5.1513569810064475 2 55.0
8 3.732379844375628 8 54.0
9 4.723399999999997 3 52.0
10 3.1433461936114617 12 51.0
11 1.542455656768373 19 48.0
12 4.1048199999999975 7 47.0
13 0.0 20 45.0
14 3.675969627290966 10 41.0
15 2.7982199999999975 15 38.0
16 3.0210420126623676 13 38.0
17 1.758787853108866 18 38.0
18 1.95972282992313 16 37.0
19 1.894063209311498 17 33.0
20 2.905211515426746 14 26.0
1 5.962099067950808 1 93.0
2 4.73831967012574 2 80.0
3 2.88268635818224 13 78.0
4 2.169599795608036 16 77.0
5 3.142489016751301 10 58.0
6 3.7138559214919598 8 55.0
7 2.0527878001188444 17 55.0
8 3.7350878001173524 7 54.0
9 2.8096728151963366 14 52.0
10 3.0367680857284385 12 51.0
11 3.463759704787962 9 48.0
12 3.9054972691143712 4 47.0
13 0.8995116800979144 19 45.0
14 3.7795218220344657 6 41.0
15 3.8164552744651097 5 38.0
16 3.0545197394510546 11 38.0
17 4.547311680097591 3 38.0
18 1.7883145738707003 18 37.0
19 0.0 20 33.0
20 2.3488218220332 15 26.0
1 5.728524327339459 1 93.0
2 3.5761350164463916 8 80.0
3 2.6603066490103866 12 78.0
4 4.5933007568254265 3 77.0
5 4.455287755640696 4 58.0
6 3.266713557746269 9 55.0
7 2.7626693741462267 11 55.0
8 3.8325243273394594 6 54.0
9 2.787070483017962 10 52.0
10 3.7462520203821157 7 51.0
11 1.9086386674466806 16 48.0
12 1.7681042715974142 17 47.0
13 0.0 20 45.0
14 1.6055868319372513 18 41.0
15 4.802323376990551 2 38.0
16 2.308423367984821 14 38.0
17 1.4043072707909108 19 38.0
18 2.1092323582684807 15 37.0
19 4.127992020382115 5 33.0
20 2.3572118323570512 13 26.0
1 8.718016999992805 4 93.0
2 9.662627000001073 2 80.0
3 5.748617000016962 13 78.0
4 8.776699999992822 3 77.0
5 7.275399999999463 8 58.0
6 6.380200000002469 9 55.0
7 8.498116999992417 5 55.0
8 10.180417000002224 1 54.0
9 6.202199999999007 10 52.0
10 8.0046170000003 7 51.0
11 5.668916999999177 14 48.0
12 5.611736999979207 15 47.0
13 1.4788000000003372 19 45.0
14 6.089916999998132 11 41.0
15 8.096859999999179 6 38.0
16 5.552500000015449 16 38.0
17 3.5991370000045406 17 38.0
18 3.5578999999969274 18 37.0
19 5.910569999995289 12 33.0
20 0.0 20 26.0
1 6.582149746880409 1 93.0
2 3.6420052425288905 6 80.0
3 3.1416195145445953 9 78.0
4 3.3991652425282344 8 77.0
5 3.813219514544595 5 58.0
6 4.496869429291055 4 55.0
7 2.054616641664282 17 55.0
8 4.929889588083462 2 54.0
9 2.846010465412186 12 52.0
10 3.102433900984807 10 51.0
11 0.8167239335552221 18 48.0
12 4.76597767627139 3 47.0
13 0.0 20 45.0
14 2.1896873787360986 15 41.0
15 2.7943653281820513 13 38.0
16 3.570629429291615 7 38.0
17 2.355191823929972 14 38.0
18 2.0966195145439745 16 37.0
19 2.99076114461988 11 33.0
20 0.7090848632003763 19 26.0
1 4.4967277156865535 2 93.0
2 2.9833707728318997 5 80.0
3 2.4733489912084994 9 78.0
4 3.47049113402005 3 77.0
5 2.5000740636757706 8 58.0
6 2.2043167561520836 10 55.0
7 1.5967518704635522 13 55.0
8 2.8977044980256554 7 54.0
9 1.989178190553345 12 52.0
10 3.2198460149493124 4 51.0
11 1.4958603798886845 14 48.0
12 5.5536707649239325 1 47.0
13 0.0 20 45.0
14 0.9153672932325123 17 41.0
15 2.9150966502347506 6 38.0
16 0.7483050996450702 18 38.0
17 1.0605307355599092 16 38.0
18 1.2755844715057774 15 37.0
19 2.0720565067686896 11 33.0
20 0.10470503777993168 19 26.0
1 6.067820568454295 1 93.0
2 5.109654738284339 2 80.0
3 3.0927045734111505 9 78.0
4 4.648002493651938 3 77.0
5 2.0799721346109363 16 58.0
6 2.7249722456713354 11 55.0
7 3.049061312549951 10 55.0
8 2.211677603676368 15 54.0
9 3.345293442462529 7 52.0
10 2.4946812254065867 12 51.0
11 0.4322678868155623 18 48.0
12 3.224409339951181 8 47.0
13 0.0 20 45.0
14 3.5965394823372945 6 41.0
15 2.405197647470199 13 38.0
16 3.8514358882486532 4 38.0
17 0.9737721346109376 17 38.0
18 0.3841404526311627 19 37.0
19 2.368409258686817 14 33.0
20 3.7461724441243276 5 26.0
1 4.9976600999298295 1 93.0
2 3.5194664589625884 5 80.0
3 2.89867600643747 7 78.0
4 4.504748493236708 2 77.0
5 0.7201064589625885 18 58.0
6 3.8189643925905212 3 55.0
7 0.5932664589624663 19 55.0
8 3.6226500892305067 4 54.0
9 3.095104199886414 6 52.0
10 1.40172123270031 14 51.0
11 0.9556991245940658 15 48.0
12 2.065821475801475 11 47.0
13 0.0 20 45.0
14 0.9481558001147439 16 41.0
15 2.016001415306597 12 38.0
16 1.439774794781117 13 38.0
17 0.7785116852252558 17 38.0
18 2.531781758593198 9 37.0
19 2.4429829039483986 10 33.0
20 2.7441441998850444 8 26.0
1 9.43257879341545 1 93.0
2 6.561385078609663 5 80.0
3 5.563526358477192 8 78.0
4 7.583578793407797 3 77.0
5 6.414564786040794 6 58.0
6 5.894644257690165 7 55.0
7 6.854423758113448 4 55.0
8 4.875956844070038 12 54.0
9 4.408315649501638 14 52.0
10 8.92512375811961 2 51.0
11 4.000435058272706 17 48.0
12 4.379384350490989 15 47.0
13 0.0 20 45.0
14 4.899654822341116 11 41.0
15 4.99724743650625 9 38.0
16 4.013437436505356 16 38.0
17 2.633508114961434 19 38.0
18 4.974863742069328 10 37.0
19 3.2383787452228274 18 33.0
20 4.618067436506128 13 26.0
1 13.702649264834772 1 93.0
2 8.447434897254102 2 80.0
3 7.791274632417441 4 78.0
4 4.216386341894985 13 77.0
5 5.531870540301148 11 58.0
6 4.0011999999970325 14 55.0
7 2.6973125332141366 17 55.0
8 2.8886258547403107 15 54.0
9 6.136268397252985 9 52.0
10 6.742743341895029 6 51.0
11 2.564057883081546 18 48.0
12 5.743326536757786 10 47.0
13 0.0 20 45.0
14 2.737913170947851 16 41.0
15 6.834986341895043 5 38.0
16 2.2921852081485747 19 38.0
17 7.944879397252985 3 38.0
18 6.515423897256945 7 37.0
19 6.438774632418631 8 33.0
20 5.0976645438415815 12 26.0
1 8.70823888520755 2 93.0
2 3.2803799448118625 16 80.0
3 6.462894293600867 3 78.0
4 8.886441114790351 1 77.0
5 5.978509999999771 7 58.0
6 4.258441114790349 11 55.0
7 2.1759834105959337 17 55.0
8 5.3932512472450815 9 54.0
9 6.030792770419636 6 52.0
10 3.942275573947337 13 51.0
11 5.650002770417354 8 48.0
12 5.346841114789255 10 47.0
13 1.8592134105957188 18 45.0
14 0.9390655960255105 19 41.0
15 4.034518573951973 12 38.0
16 6.062440114789687 5 38.0
17 0.0 20 38.0
18 6.122271114792507 4 37.0
19 3.500503344370936 15 33.0
20 3.729799999999357 14 26.0
1 6.224719999999919 5 93.0
2 4.552135549998723 11 80.0
3 5.231269999999923 7 78.0
4 6.42618289999749 3 77.0
5 6.421361299998444 4 58.0
6 4.552872100005125 10 55.0
7 5.563200000000121 6 55.0
8 8.739477099999144 1 54.0
9 4.7233999999998915 9 52.0
10 3.9193199999999204 13 51.0
11 1.8574000000003923 19 48.0
12 4.104819999999925 12 47.0
13 0.0 20 45.0
14 5.166200000001814 8 41.0
15 3.1411999999997597 16 38.0
16 6.619254200000608 2 38.0
17 2.50857209999824 17 38.0
18 2.0790999999999036 18 37.0
19 3.4360721000003207 15 33.0
20 3.7354999999988086 14 26.0
1 5.924927187459602 1 93.0
2 5.241088732591584 4 80.0
3 3.2180176534479066 12 78.0
4 5.900596713166159 2 77.0
5 3.765131909348676 7 58.0
6 3.4953478466461654 10 55.0
7 3.495596778126283 9 55.0
8 1.7859219400623234 16 54.0
9 2.381070689661987 14 52.0
10 4.747675548195126 5 51.0
11 5.4532319093486175 3 48.0
12 3.387722736670874 11 47.0
13 0.0 20 45.0
14 3.946271573002151 6 41.0
15 2.249573012621818 15 38.0
16 1.1869908807819094 19 38.0
17 1.7753837338937795 17 38.0
18 1.2468218807818223 18 37.0
19 2.3951887325916195 13 33.0
20 3.5684232497438306 8 26.0
1 7.316912088889312 4 93.0
2 6.013172488897146 7 80.0
3 3.308656044439126 16 78.0
4 6.010856044448632 8 77.0
5 6.861869733336896 5 58.0
6 6.134460222225568 6 55.0
7 7.6141111111135045 2 55.0
8 5.314841866671673 9 54.0
9 4.7317918666568755 10 52.0
10 9.684811111114294 1 51.0
11 7.349111111111155 3 48.0
12 3.171776044448632 17 47.0
13 0.0 20 45.0
14 3.4185283555563766 15 41.0
15 3.545112088891768 13 38.0
16 3.5198414888918643 14 38.0
17 2.9989651111171516 18 38.0
18 3.579672488889186 12 37.0
19 0.2629724888918634 19 33.0
20 3.663900000015119 11 26.0
1 7.016041417162917 1 93.0
2 3.7324837872318493 11 80.0
3 5.085726080772048 3 78.0
4 4.450469891141069 7 77.0
5 4.574584631327034 6 58.0
6 4.299872191200296 8 55.0
7 1.6574540693958357 18 55.0
8 3.95439884605798 9 54.0
9 3.6042284893595973 13 52.0
10 5.428439699987639 2 51.0
11 3.198828037832849 16 48.0
12 4.822519311466039 5 47.0
13 0.0 20 45.0
14 3.656175435138873 12 41.0
15 3.810103205432446 10 38.0
16 3.033798752252598 17 38.0
17 1.2200987441099524 19 38.0
18 4.891471717726812 4 37.0
19 3.229358694610021 15 33.0
20 3.341469885282513 14 26.0
1 6.8443375746969135 1 93.0
2 3.847559105513258 7 80.0
3 4.017373922365341 6 78.0
4 4.113120232529068 4 77.0
5 2.7174361576447157 13 58.0
6 3.335551792724087 9 55.0
7 0.43010051756470036 19 55.0
8 4.090500000000006 5 54.0
9 2.996900517564677 12 52.0
10 4.538937574696827 3 51.0
11 0.9765533529191426 16 48.0
12 4.908491767095718 2 47.0
13 0.46663823290426487 18 45.0
14 0.0 20 41.0
15 3.152375493186635 10 38.0
16 2.2408454638079576 14 38.0
17 0.6242227472183819 17 38.0
18 3.413562802225205 8 37.0
19 1.6368760776346671 15 33.0
20 3.0041202325290746 11 26.0
1 3.4435676520470317 6 93.0
2 4.2521934745893475 4 80.0
3 1.7854940410656144 13 78.0
4 4.370537500562839 3 77.0
5 6.264767652047031 1 58.0
6 2.3989154404861255 10 55.0
7 0.0 20 55.0
8 2.402452355540734 9 54.0
9 1.7811107346577213 14 52.0
10 2.8563892653422815 7 51.0
11 2.113476465479859 11 48.0
12 5.126230846556323 2 47.0
13 1.0802246561119027 19 45.0
14 1.6205676520469998 16 41.0
15 3.819630846556334 5 38.0
16 1.8390494040690362 12 38.0
17 1.0844352711581833 18 38.0
18 2.853774117610272 8 37.0
19 1.222464656111902 17 33.0
20 1.6847308465563322 15 26.0
1 6.392309739785473 1 93.0
2 3.2750384207598984 10 80.0
3 3.0959464749241334 12 78.0
4 4.692925486044313 5 77.0
5 3.938859930682825 8 58.0
6 4.220097347954834 7 55.0
7 3.0163469327667904 13 55.0
8 3.2444921115611947 11 54.0
9 3.8580113843234556 9 52.0
10 4.939152559380283 4 51.0
11 2.7316282110495136 15 48.0
12 4.973888033969847 3 47.0
13 0.0 20 45.0
14 2.85805597843531 14 41.0
15 4.462094979176859 6 38.0
16 2.119211720434734 19 38.0
17 2.6174327627302763 16 38.0
18 2.4615571296158163 18 37.0
19 2.5049059649478274 17 33.0
20 6.066745071160187 2 26.0
1 4.3395999999999075 6 93.0
2 4.626101938213512 5 80.0
3 2.8549439983205755 12 78.0
4 3.2241999999995636 11 77.0
5 3.75020965647766 9 58.0
6 6.504947253105301 1 55.0
7 4.726677471278551 4 55.0
8 3.622024471327431 10 54.0
9 1.922430490028346 16 52.0
10 6.342510557630414 2 51.0
11 2.0391671565332237 15 48.0
12 1.3038504900283228 17 47.0
13 0.9697434156618949 18 45.0
14 3.818258709892877 8 41.0
15 5.222987786024742 3 38.0
16 0.0 20 38.0
17 3.9099396337618155 7 38.0
18 2.5584746129553344 13 37.0
19 0.6117063671014149 19 33.0
20 2.3875587098930495 14 26.0
1 4.913622856581753 3 93.0
2 4.029599993720107 7 80.0
3 2.8709348921327065 13 78.0
4 3.6412100283195312 10 77.0
5 3.8090361613346113 8 58.0
6 3.7708454639136075 9 55.0
7 5.620434892367783 1 55.0
8 2.6652570650121747 14 54.0
9 4.325394656737827 5 52.0
10 3.6070344186173564 11 51.0
11 2.157565743144267 17 48.0
12 5.601265742592243 2 47.0
13 0.0 20 45.0
14 2.4312341604211976 16 41.0
15 4.644214887617066 4 38.0
16 2.0326051586804614 19 38.0
17 3.076494655352606 12 38.0
18 2.092436161984435 18 37.0
19 2.557614893014689 15 33.0
20 4.265034893271307 6 26.0
1 7.320278212610209 1 93.0
2 5.4524884482708735 4 80.0
3 3.5238163733852077 14 78.0
4 4.347604247435425 9 77.0
5 4.5856611341817 8 58.0
6 5.475503030372887 3 55.0
7 5.163086485197766 5 55.0
8 4.217303030372887 10 54.0
9 1.8548042474354285 18 52.0
10 3.919513231088624 11 51.0
11 3.7583604436363123 12 48.0
12 5.499170456839443 2 47.0
13 0.020816373385209364 19 45.0
14 3.5837947577853257 13 41.0
15 2.998514333333331 16 38.0
16 4.656936675362959 7 38.0
17 1.8757837385384935 17 38.0
18 0.0 20 37.0
19 3.3250697043619866 15 33.0
20 4.831169704361985 6 26.0
1 7.712463321475803 2 93.0
2 6.9054928986480055 7 80.0
3 5.387691218139283 11 78.0
4 7.582270415184734 4 77.0
5 4.726781660738294 14 58.0
6 4.860343250330836 13 55.0
7 8.27020912237277 1 55.0
8 7.644706342716775 3 54.0
9 4.7234000000003125 15 52.0
10 7.480098541011619 5 51.0
11 2.760853285903636 19 48.0
12 4.042670415184794 17 47.0
13 0.0 20 45.0
14 5.3282396206823694 12 41.0
15 7.220991218139483 6 38.0
16 6.041706342716379 10 38.0
17 6.617953831692146 9 38.0
18 6.676792633397278 8 37.0
19 4.309364413053233 16 33.0
20 3.6941479240783037 18 26.0
1 5.363308039498578 4 93.0
2 5.81525393028523 1 80.0
3 2.1388238082960607 17 78.0
4 5.697841792206857 2 77.0
5 3.332763282198076 15 58.0
6 4.305233788542959 7 55.0
7 3.585790789872304 10 55.0
8 3.841856472696664 9 54.0
9 5.279110253218704 5 52.0
10 5.43698779037491 3 51.0
11 1.089076745244964 19 48.0
12 4.536252512045294 6 47.0
13 0.0 20 45.0
14 3.376861213949006 14 41.0
15 3.970985166951009 8 38.0
16 3.5385730050074544 11 38.0
17 1.7248730050074554 18 38.0
18 3.4348442342182834 12 37.0
19 2.336530956097985 16 33.0
20 3.3929066401446444 13 26.0
1 4.788177081173617 1 93.0
2 2.9790699399939085 7 80.0
3 2.4293451171742735 11 78.0
4 3.440304709876459 4 77.0
5 3.313523020030122 5 58.0
6 4.162802645295628 2 55.0
7 1.8654600349259503 13 55.0
8 3.810171991000236 3 54.0
9 2.601054993010133 9 52.0
10 2.567997853816561 10 51.0
11 1.512320433910019 16 48.0
12 1.4739121898952647 17 47.0
13 0.0 20 45.0
14 1.1520153599754492 18 41.0
15 1.823725486968621 14 38.0
16 2.989777338059225 6 38.0
17 1.9659719910002322 12 38.0
18 0.5839907955801145 19 37.0
19 1.6100909278261053 15 33.0
20 2.660603020030126 8 26.0
1 7.976169917635346 2 93.0
2 5.562212818690415 7 80.0
3 5.466708357292088 8 78.0
4 3.196935074981018 14 77.0
5 5.200099807666034 9 58.0
6 6.576089993862101 5 55.0
7 6.916305003068387 3 55.0
8 4.403359807660365 11 54.0
9 0.0 20 52.0
10 6.089213491317499 6 51.0
11 3.173559153449922 15 48.0
12 8.704047498465616 1 47.0
13 1.8157501811460226 19 45.0
14 2.447256706259178 16 41.0
15 4.8402383375393105 10 38.0
16 3.4473999999991687 13 38.0
17 3.4922324892611676 12 38.0
18 1.9118793608641553 18 37.0
19 2.1114598076660336 17 33.0
20 6.8617144933776535 4 26.0
1 4.339600000000284 3 93.0
2 4.304257916665714 4 80.0
3 1.6331799999974546 16 78.0
4 2.5515312499982588 8 77.0
5 1.3452999999947102 19 58.0
6 0.0 20 55.0
7 2.200946249998918 12 55.0
8 3.8832462499991536 6 54.0
9 2.2389320833326503 11 52.0
10 2.0341999999988727 14 51.0
11 2.2832487500014507 10 48.0
12 5.113878749998776 2 47.0
13 1.8841762499997732 15 45.0
14 2.038633749997862 13 41.0
15 3.4929695833324597 7 38.0
16 4.118246249998192 5 38.0
17 1.5710579166661522 17 38.0
18 5.369020416665847 1 37.0
19 2.4985579166657157 9 33.0
20 1.4425312500033203 18 26.0
1 7.921835895321866 1 93.0
2 3.6323765202609377 14 80.0
3 4.868102828546429 5 78.0
4 6.877002828556051 2 77.0
5 4.710765414182634 7 58.0
6 3.0399734631202646 16 55.0
7 2.26444165793938 19 55.0
8 4.399309944944406 9 54.0
9 3.0222722425041484 17 52.0
10 4.491333855912074 8 51.0
11 2.8797514140126035 18 48.0
12 5.750108232563778 4 47.0
13 0.0 20 45.0
14 3.2865228285388532 15 41.0
15 4.366806375675243 10 38.0
16 6.469672243180407 3 38.0
17 4.335322242670842 11 38.0
18 3.823102831773496 13 37.0
19 4.744493856106964 6 33.0
20 3.884076928072096 12 26.0
1 7.081604615578726 1 93.0
2 5.259338078978753 3 80.0
3 3.2939093007134166 13 78.0
4 6.180153288428441 2 77.0
5 5.126515240113961 4 58.0
6 3.950530138366944 9 55.0
7 4.296026988305859 7 55.0
8 3.289155300713532 14 54.0
9 4.682901459853712 5 52.0
10 0.5347093007135348 19 51.0
11 1.485385937432274 18 48.0
12 4.184498117432371 8 47.0
13 0.0 20 45.0
14 3.5272476254066056 10 41.0
15 4.533324523868472 6 38.0
16 3.379724802094481 12 38.0
17 2.396525937432244 15 38.0
18 3.4655305255151103 11 37.0
19 1.61639324043886 17 33.0
20 2.299005458073706 16 26.0
1 6.48979763651144 1 93.0
2 4.3600499261296575 4 80.0
3 4.431957332322481 3 78.0
4 4.780040963428853 2 77.0
5 4.013044005426416 8 58.0
6 4.187073544252552 7 55.0
7 3.3124278452202875 12 55.0
8 4.215711056285395 6 54.0
9 3.6919424432826475 9 52.0
10 3.503724773458333 11 51.0
11 2.2307330082034693 14 48.0
12 4.2582821206570145 5 47.0
13 0.0 20 45.0
14 2.2041695506506196 15 41.0
15 3.686183916002088 10 38.0
16 1.7724675651684594 16 38.0
17 2.541509144423943 13 38.0
18 1.7492579470630214 17 37.0
19 0.5415188844512637 18 33.0
20 0.06694994066667981 19 26.0
1 11.478585770921434 1 93.0
2 5.2984959490065995 9 80.0
3 5.528273913869473 7 78.0
4 9.629585770921445 2 77.0
5 5.5462186547373795 6 58.0
6 0.0 20 55.0
7 3.2393810127483507 14 55.0
8 5.008509743161832 11 54.0
9 5.672239914559095 5 52.0
10 2.0445000000000046 15 51.0
11 5.107260293303813 10 48.0
12 5.391729572454244 8 47.0
13 1.3885106062632833 19 45.0
14 1.5665189872516696 16 41.0
15 6.239160254846615 4 38.0
16 1.5619810127483178 17 38.0
17 3.9876086049217436 13 38.0
18 4.4590112869963185 12 37.0
19 1.5311811498723515 18 33.0
20 6.265020103931633 3 26.0
1 6.2210321415517695 4 93.0
2 4.433200957110657 7 80.0
3 7.979400956680313 1 78.0
4 6.802883849639127 2 77.0
5 2.8840220651927018 15 58.0
6 1.1960119879722275 19 55.0
7 3.1823483800979044 11 55.0
8 4.864648379821536 6 54.0
9 2.835854697108129 17 52.0
10 5.1011015842877745 5 51.0
11 3.42268876194278 10 48.0
12 3.1592034198776484 12 47.0
13 0.0 20 45.0
14 4.160985260911641 8 41.0
15 3.1412000025959506 13 38.0
16 2.8362000027592478 16 38.0
17 3.020448381387128 14 38.0
18 3.7489838495596395 9 37.0
19 1.9909019118178815 18 33.0
20 6.222066114572259 3 26.0
1 5.413792401041025 1 93.0
2 3.3112757463755287 9 80.0
3 3.70705356942633 5 78.0
4 3.7478682297357504 4 77.0
5 3.562754844922274 7 58.0
6 4.196073568349727 3 55.0
7 2.1110457225350805 17 55.0
8 4.268825571150646 2 54.0
9 2.7663170095599074 12 52.0
10 3.592848773320283 6 51.0
11 0.0 20 48.0
12 3.419424895608339 8 47.0
13 0.9770431375451565 19 45.0
14 2.1505694287861084 16 41.0
15 2.8116371488148357 11 38.0
16 2.6566253450093296 13 38.0
17 2.1561695079102705 15 38.0
18 1.854051226708383 18 37.0
19 2.313770277857336 14 33.0
20 3.030968350487756 10 26.0
1 8.511086381852891 1 93.0
2 4.840355678983232 9 80.0
3 4.670315421835739 10 78.0
4 6.603487003567514 2 77.0
5 5.1413130238955125 7 58.0
6 5.3628487698042715 5 55.0
7 4.9057778866858985 8 55.0
8 4.665561421835772 11 54.0
9 3.575743400611028 14 52.0
10 5.178754752016869 6 51.0
11 0.0 20 48.0
12 6.168998895664428 3 47.0
13 2.279589527062565 17 45.0
14 2.4902221605083197 16 41.0
15 5.395546604284447 4 38.0
16 3.7438369544623966 12 38.0
17 2.0871870035675095 18 38.0
18 3.6253154218357717 13 37.0
19 3.5612717561020126 15 33.0
20 1.3243778394917092 19 26.0
1 5.1831838909837575 1 93.0
2 2.820120810724812 7 80.0
3 3.0065771899160305 3 78.0
4 2.833639460074913 6 77.0
5 2.188883890994462 12 58.0
6 2.676354968614221 10 55.0
7 2.939963631806873 4 55.0
8 3.8676985103917385 2 54.0
9 0.767820488856612 19 52.0
10 2.8777838909859192 5 51.0
11 1.1119743355167813 17 48.0
12 2.121933890985499 13 47.0
13 0.0 20 45.0
14 0.8933704888908285 18 41.0
15 2.7137203229395324 8 38.0
16 1.6056125764790656 15 38.0
17 1.8629636318260938 14 38.0
18 2.369116071111912 11 37.0
19 1.1881206788495378 16 33.0
20 2.6942206788505816 9 26.0
1 5.64694803837374 1 93.0
2 1.4282227981865236 15 80.0
3 3.0971696087647618 5 78.0
4 3.7725543096726204 3 77.0
5 3.773699009673055 2 58.0
6 1.6525664232162618 13 55.0
7 3.5970480383738437 4 55.0
8 1.8023466967655457 11 54.0
9 2.3221451356648806 8 52.0
10 2.201619411848522 10 51.0
11 0.0 20 48.0
12 1.5987546730372646 14 47.0
13 1.2012181199752328 16 45.0
14 2.2565967127878204 9 41.0
15 2.528385135664962 6 38.0
16 1.000399999999853 17 38.0
17 0.31329600541052116 19 38.0
18 0.6022255481268404 18 37.0
19 2.4547794118486963 7 33.0
20 1.6770292823588238 12 26.0
1 8.988548917473603 1 93.0
2 4.460247948412832 13 80.0
3 3.0826279456124412 18 78.0
4 5.784827945586395 7 77.0
5 5.950613565108824 5 58.0
6 7.923929444880683 2 55.0
7 6.08171718667874 4 55.0
8 5.902667945613608 6 54.0
9 4.963142835015358 11 52.0
10 5.062907944756572 9 51.0
11 6.281207945607745 3 48.0
12 5.013708987526119 10 47.0
13 2.0122188956092906 19 45.0
14 3.71065516890096 16 41.0
15 5.12055888993355 8 38.0
16 3.8053290761553678 15 38.0
17 3.6601000066006426 17 38.0
18 0.0 20 37.0
19 3.925215996764195 14 33.0
20 4.675827945724072 12 26.0
1 12.496094114324748 1 93.0
2 8.708740028585915 8 80.0
3 9.634867625842192 4 78.0
4 8.99621513367967 7 77.0
5 8.17321624172976 11 58.0
6 8.267408247474114 9 55.0
7 10.292312660640281 2 55.0
8 9.275818199628489 5 54.0
9 8.12790513370743 12 52.0
10 7.5221251337082204 14 51.0
11 7.587597125189032 13 48.0
12 10.178333283041297 3 47.0
13 5.571718199651297 17 45.0
14 8.253455133712585 10 41.0
15 9.076036399294935 6 38.0
16 6.442176933796032 16 38.0
17 0.0 20 38.0
18 7.28769999985856 15 37.0
19 3.9710000000221455 18 33.0
20 3.729800000025531 19 26.0
1 7.697243273561469 2 93.0
2 7.372367668152938 4 80.0
3 4.727843273535719 14 78.0
4 6.149253340789731 7 77.0
5 7.405048668161482 3 58.0
6 4.890414618852956 11 55.0
7 4.446167668161482 16 55.0
8 5.500233206240638 10 54.0
9 6.75731132286679 5 52.0
10 6.70300213004387 6 51.0
11 6.127647264582235 8 48.0
12 4.739417668156221 13 47.0
13 4.790002130042127 12 45.0
14 2.161057309410123 18 41.0
15 7.931202130046653 1 38.0
16 0.12344327354241358 19 38.0
17 5.757285381163023 9 38.0
18 2.8275426905818875 17 37.0
19 4.526467668180245 15 33.0
20 0.0 20 26.0
1 6.7882828645877495 2 93.0
2 4.365855687269996 9 80.0
3 5.168397948708672 5 78.0
4 6.8548871090099475 1 77.0
5 3.680740450617607 14 58.0
6 5.192658527710537 4 55.0
7 3.4824000051253328 16 55.0
8 3.9087171440185156 12 54.0
9 3.624591831460604 15 52.0
10 5.073245488686046 7 51.0
11 0.0 20 48.0
12 3.9669538146854473 11 47.0
13 1.9352609586602738 19 45.0
14 3.8701445525033646 13 41.0
15 5.097894189148416 6 38.0
16 4.410859012546826 8 38.0
17 2.8088202466432755 18 38.0
18 3.394636338024734 17 37.0
19 4.282277506169102 10 33.0
20 5.301726049061551 3 26.0
1 6.404962121213781 1 93.0
2 6.31769393939406 2 80.0
3 4.363628787876886 8 78.0
4 4.2168636363579335 10 77.0
5 5.8093987878768845 4 58.0
6 3.9852636363625367 12 55.0
7 1.3764363636370693 18 55.0
8 5.125159090912819 5 54.0
9 4.242672727264165 9 52.0
10 4.438660606057412 7 51.0
11 3.861882727273319 13 48.0
12 3.305632727273318 15 47.0
13 2.5256606060602103 17 45.0
14 4.581962121210776 6 41.0
15 6.196928787883438 3 38.0
16 3.1137239393940614 16 38.0
17 0.0 20 38.0
18 1.1629636363640494 19 37.0
19 3.4717939393879163 14 33.0
20 4.210172727273319 11 26.0
1 6.271347346294209 1 93.0
2 4.881096152851341 4 80.0
3 4.320956699828788 5 78.0
4 3.460468233727652 10 77.0
5 4.995511253506626 3 58.0
6 5.223499577108055 2 55.0
7 4.053089660795169 7 55.0
8 4.270775593526565 6 54.0
9 3.687725592680036 8 52.0
10 2.9801197592746296 11 51.0
11 2.182179340981316 17 48.0
12 2.6610311553993493 13 47.0
13 0.0 20 45.0
14 2.3677960592701184 16 41.0
15 3.5299458517541216 9 38.0
16 2.649467587482881 14 38.0
17 0.8860080112720015 19 38.0
18 2.781315767123699 12 37.0
19 1.8135080110750814 18 33.0
20 2.5122531258173924 15 26.0
1 5.265022808614921 4 93.0
2 4.7290174106999 6 80.0
3 4.646741029539232 7 78.0
4 7.614235719682569 1 77.0
5 3.808445617221858 10 58.0
6 1.4854442725430148 17 55.0
7 1.6773999998812514 16 55.0
8 4.154952220153414 9 54.0
9 1.6874129778820015 15 52.0
10 3.5166085448351674 11 51.0
11 5.496545617209825 2 48.0
12 4.282078622956154 8 47.0
13 1.3606300000000497 18 45.0
14 1.81296297795547 14 41.0
15 5.33800832334607 3 38.0
16 0.0 20 38.0
17 3.0979357196367117 13 38.0
18 0.6619829189859967 19 37.0
19 3.240671526337018 12 33.0
20 4.746771526238803 5 26.0
1 4.725367813057442 10 93.0
2 5.457161484124147 5 80.0
3 1.6381586193364228 15 78.0
4 3.9351259935783136 11 77.0
5 1.1583632322511654 17 58.0
6 3.6282749482697154 12 55.0
7 2.888284141990725 13 55.0
8 5.002752911166615 8 54.0
9 5.331453728148413 6 52.0
10 5.807191277203039 4 51.0
11 4.83614597217263 9 48.0
12 1.6667321548341136 14 47.0
13 0.6080537281484326 19 45.0
14 6.5492459721726926 3 41.0
15 8.94914597217267 1 38.0
16 6.761391277202992 2 38.0
17 0.0 20 38.0
18 0.805974948269697 18 37.0
19 1.2733678451658754 16 33.0
20 5.118545972172669 7 26.0
1 5.354905855170514 9 93.0
2 6.271478931034049 4 80.0
3 6.071622455172675 5 78.0
4 7.261828055172709 3 77.0
5 4.76975000002186 11 58.0
6 9.136890689661815 1 55.0
7 3.3452789310286413 16 55.0
8 7.878690689651954 2 54.0
9 0.0 20 52.0
10 6.055778931033481 6 51.0
11 3.7200789310289157 15 48.0
12 4.32715025517267 14 47.0
13 1.7308778620517056 18 45.0
14 0.12554999999164274 19 41.0
15 4.758383206883566 12 38.0
16 4.965974655202337 10 38.0
17 1.8181058551731755 17 38.0
18 5.670198172403208 7 37.0
19 4.719122455161119 13 33.0
20 5.547905855160974 8 26.0
1 9.610619385403325 1 93.0
2 6.855463449999991 6 80.0
3 0.0 20 78.0
4 5.704353943661974 10 77.0
5 6.229583226632524 8 58.0
6 6.856200000000002 5 55.0
7 8.358637823303454 2 55.0
8 1.859480000000001 18 54.0
9 5.312124839948755 12 52.0
10 8.2389185275288 3 51.0
11 5.903218527528791 9 48.0
12 5.678212061459693 11 47.0
13 5.292454327784881 13 45.0
14 4.810369423815609 15 41.0
15 1.8332999999999928 19 38.0
16 7.930599231754167 4 38.0
17 4.967641613316251 14 38.0
18 2.5786596927016543 17 37.0
19 4.4803784635082975 16 33.0
20 6.604374942381545 7 26.0
1 6.0335888310671715 5 93.0
2 4.077808052013129 13 80.0
3 3.208537402664052 15 78.0
4 4.746171168907889 9 77.0
5 4.142744805179076 12 58.0
6 2.349671168827478 16 55.0
7 4.7318448051790805 10 55.0
8 3.5085319481207335 14 54.0
9 6.211740259761864 4 52.0
10 4.377763895803372 11 51.0
11 5.380561168836126 6 48.0
12 5.379340259672245 7 47.0
13 1.3150402601454867 19 45.0
14 2.0336522077938657 18 41.0
15 7.3647711688270725 1 38.0
16 6.3809611688357375 2 38.0
17 4.962840259652162 8 38.0
18 2.1000680519191697 17 37.0
19 0.0 20 33.0
20 6.35797016883615 3 26.0
1 5.506654892993663 1 93.0
2 2.472980219719853 13 80.0
3 1.856020564366323 15 78.0
4 3.6515592139532638 6 77.0
5 4.067005885178554 2 58.0
6 2.721705879194948 11 55.0
7 2.5045897026194566 12 55.0
8 0.7746923577605067 18 54.0
9 3.7658268187964765 4 52.0
10 3.4422981728446413 7 51.0
11 1.1532323502719173 17 48.0
12 3.725154954500213 5 47.0
13 0.0 20 45.0
14 3.0237497124108366 8 41.0
15 3.883928258348846 3 38.0
16 1.8584664862644167 14 38.0
17 0.7361780835069085 19 38.0
18 1.4857901252741765 16 37.0
19 2.7617160185013283 10 33.0
20 2.898645773194479 9 26.0
1 6.745890516476877 1 93.0
2 5.503951930330128 2 80.0
3 4.194378127045205 7 78.0
4 2.5802519303401494 16 77.0
5 4.35717047781119 6 58.0
6 3.716513691431065 11 55.0
7 3.907651930340151 9 55.0
8 4.359797703248201 5 54.0
9 2.7845475780608937 14 52.0
10 4.78105884384084 4 51.0
11 1.76781369142859 19 48.0
12 4.09261575745314 8 47.0
13 0.0 20 45.0
14 2.798951930406847 13 41.0
15 5.19885193032678 3 38.0
16 2.132376160808731 18 38.0
17 2.6789536914458933 15 38.0
18 2.3743276638314215 17 37.0
19 2.968093100449029 12 33.0
20 3.7193535960214223 10 26.0
1 5.731990740190194 1 93.0
2 4.882339333439685 2 80.0
3 1.734240786281846 17 78.0
4 4.218694847280872 4 77.0
5 3.172870364969118 11 58.0
6 4.003751064718548 6 55.0
7 4.115302344906233 5 55.0
8 3.8359907409761878 7 54.0
9 4.59227978408043 3 52.0
10 2.334519989272324 13 51.0
11 2.192095779398322 15 48.0
12 2.113585210487015 16 47.0
13 0.0 20 45.0
14 3.4616221882494647 9 41.0
15 3.141199998039995 12 38.0
16 3.2887199887279652 10 38.0
17 2.256661167063493 14 38.0
18 3.550833635609005 8 37.0
19 1.0545999982946208 19 33.0
20 1.2195813684182433 18 26.0
1 6.176456122590902 1 93.0
2 4.293100000000235 7 80.0
3 0.6861684359562634 19 78.0
4 3.01050000000004 14 77.0
5 5.241570000000044 4 58.0
6 4.039898544318921 10 55.0
7 3.4356684359568406 11 55.0
8 4.280456122591675 8 54.0
9 4.168370000000035 9 52.0
10 5.188653633027117 6 51.0
11 2.271035985702528 16 48.0
12 5.4701693515618794 3 47.0
13 3.1800581609614706 13 45.0
14 1.8736638436651367 17 41.0
15 5.629099999999988 2 38.0
16 3.231893061295361 12 38.0
17 2.397462279273463 15 38.0
18 5.224722413901134 5 37.0
19 1.7160730950391183 18 33.0
20 0.0 20 26.0
1 8.34118366666641 4 93.0
2 6.609661666668986 6 80.0
3 10.155861666665821 2 78.0
4 6.810277333332397 5 77.0
5 6.198886999997694 8 58.0
6 3.362644333332943 15 55.0
7 4.452888666666161 13 55.0
8 12.916361666666504 1 54.0
9 3.884104333333255 14 52.0
10 6.08013300000038 10 51.0
11 1.4139443333338177 17 48.0
12 6.221283666667197 7 47.0
13 0.0 20 45.0
14 8.82586166666676 3 41.0
15 3.141199999999337 16 38.0
16 6.102891666666017 9 38.0
17 0.929255666666605 19 38.0
18 1.291732999999744 18 37.0
19 5.6005603333336005 11 33.0
20 5.102511333333714 12 26.0
1 5.251497758388219 2 93.0
2 5.532842129668384 1 80.0
3 1.0608662753384603 16 78.0
4 3.7630662753379496 4 77.0
5 3.2164307220464323 5 58.0
6 2.0218206722677814 11 55.0
7 0.7233786860716076 19 55.0
8 0.8367413445370266 18 54.0
9 2.315781817766241 9 52.0
10 2.3703519076296162 8 51.0
11 0.0 20 48.0
12 2.5825902968501717 7 47.0
13 1.5782751572133398 14 45.0
14 0.9731681847588902 17 41.0
15 1.609060336134031 13 38.0
16 2.897100722045332 6 38.0
17 5.226075157213426 3 38.0
18 1.499830722045333 15 37.0
19 1.6278250420108527 12 33.0
20 2.028379327728824 10 26.0
1 12.936005000016511 1 93.0
2 7.6985250000221175 8 80.0
3 6.977555000001987 9 78.0
4 5.013260000004074 12 77.0
5 9.417464999998456 4 58.0
6 1.9990000000185084 19 55.0
7 9.727055000006063 3 55.0
8 4.390900000003855 14 54.0
9 2.520459999997678 18 52.0
10 4.04349999999908 15 51.0
11 7.833604999985643 7 48.0
12 6.8406750000033485 10 47.0
13 8.886044999997639 5 45.0
14 0.0 20 41.0
15 2.7267000000040733 17 38.0
16 8.573895000003608 6 38.0
17 6.681349999994911 11 38.0
18 4.737275000010511 13 37.0
19 3.1365999999861978 16 33.0
20 9.935105000007344 2 26.0
1 4.455297279394888 4 93.0
2 3.389304896421515 14 80.0
3 4.024976930552538 9 78.0
4 5.851331907452578 1 77.0
5 4.078692953484252 8 58.0
6 4.2843045465822405 7 55.0
7 3.9518529433107776 10 55.0
8 4.422368291988954 5 54.0
9 3.440657784329361 13 52.0
10 4.52624987804827 3 51.0
11 1.766311346047023 19 48.0
12 4.410073880001604 6 47.0
13 0.0 20 45.0
14 3.8199996565821728 11 41.0
15 2.1765364748012423 18 38.0
16 3.4470234039340517 12 38.0
17 2.361086614829479 17 38.0
18 4.617045484562443 2 37.0
19 2.9883715824189636 16 33.0
20 3.3070925400591444 15 26.0
1 5.084205338446027 2 93.0
2 3.6230808939285253 10 80.0
3 4.460736178645264 5 78.0
4 5.276189148584571 1 77.0
5 4.735400001551976 3 58.0
6 4.021308260793742 7 55.0
7 4.0751050941104525 6 55.0
8 3.1376008890573015 14 54.0
9 3.2151570531926743 13 52.0
10 3.5807209226917713 11 51.0
11 2.553245484674239 16 48.0
12 4.668437428388144 4 47.0
13 0.0 20 45.0
14 2.478281876993569 17 41.0
15 2.095328841732763 18 38.0
16 3.702122945321629 8 38.0
17 2.6558374243628946 15 38.0
18 0.5374187055893747 19 37.0
19 3.512431785017008 12 33.0
20 3.6639000015883916 9 26.0
1 8.429679838230175 2 93.0
2 4.55031749334142 6 80.0
3 3.513555946556703 13 78.0
4 6.007081162121677 3 77.0
5 4.238999840458885 9 58.0
6 4.143722497891117 11 55.0
7 1.535256719639131 19 55.0
8 3.9596485938280708 12 54.0
9 3.1743874862549553 14 52.0
10 5.231070932011606 4 51.0
11 2.7935974862549893 15 48.0
12 4.475220932011194 7 47.0
13 0.0 20 45.0
14 1.690472756761996 18 41.0
15 8.6256811621229 1 38.0
16 4.166424659903101 10 38.0
17 2.7911329568228345 16 38.0
18 2.044226719643648 17 37.0
19 4.473526887211911 8 33.0
20 4.581846381737428 5 26.0
1 9.903336165742125 1 93.0
2 2.9743525411677445 14 80.0
3 6.156557973378286 2 78.0
4 3.6854490588009186 9 77.0
5 2.799131189666964 15 58.0
6 4.001200000157162 6 55.0
7 2.4643888389537754 16 55.0
8 3.3898350001275066 11 54.0
9 3.598390819385109 10 52.0
10 3.9351525407630628 7 51.0
11 2.9767691800967935 13 48.0
12 5.655683406066347 3 47.0
13 0.0 20 45.0
14 4.7913991802813225 5 41.0
15 5.191709278970468 4 38.0
16 1.5521579734684092 19 38.0
17 3.8879091803242667 8 38.0
18 3.3628028324087924 12 37.0
19 1.9927694990558897 18 33.0
20 2.386529719225126 17 26.0
1 8.244377499985953 1 93.0
2 0.0 20 80.0
3 5.403587499985952 11 78.0
4 4.27484000000024 13 77.0
5 6.820762499985136 4 58.0
6 6.358899999999123 8 55.0
7 5.934315000013289 9 55.0
8 6.549069999993314 5 54.0
9 3.0738775000438734 16 52.0
10 3.963462500004419 15 51.0
11 4.003599999999136 14 48.0
12 7.447300000003259 2 47.0
13 2.844970000021023 17 45.0
14 2.048762499999114 18 41.0
15 1.336000000000312 19 38.0
16 6.5212774998834675 6 38.0
17 4.7075775000614675 12 38.0
18 5.683677499968367 10 37.0
19 6.879347500026792 3 33.0
20 6.498286500026792 7 26.0
1 5.999677049577006 1 93.0
2 5.6030362082197875 2 80.0
3 2.2689770390816353 16 78.0
4 3.0152328628354845 10 77.0
5 3.791929409158775 7 58.0
6 5.3861605493931 3 55.0
7 3.7623341194772006 8 55.0
8 3.133072852492171 9 54.0
9 4.101372011909368 5 52.0
10 2.865501007160792 11 51.0
11 4.565593546404675 4 48.0
12 2.0873118934070036 17 47.0
13 0.0 20 45.0
14 2.529341950184055 14 41.0
15 2.787389516892731 13 38.0
16 3.8420401140954175 6 38.0
17 0.2691875816851601 18 38.0
18 2.4634063391702647 15 37.0
19 0.17169696461411021 19 33.0
20 2.796732026581551 12 26.0
1 9.547280000106408 1 93.0
2 5.769947000022431 7 80.0
3 5.030514000091408 11 78.0
4 2.3634000001286197 17 77.0
5 5.802628000520184 5 58.0
6 5.927260000193668 4 55.0
7 5.773428000141343 6 55.0
8 4.66905999968382 13 54.0
9 2.5187800000951115 16 52.0
10 1.9130000001370506 19 51.0
11 5.047600000242897 10 48.0
12 5.230462000270567 9 47.0
13 0.0 20 45.0
14 5.5999180001413436 8 41.0
15 6.526986000004608 2 38.0
16 2.8362000001286187 15 38.0
17 4.696427999939762 12 38.0
18 6.005892000073585 3 37.0
19 3.5833800001102354 14 33.0
20 2.1678200001094705 18 26.0
1 6.2433760306285135 1 93.0
2 5.207339384455361 2 80.0
3 2.711605568929559 13 78.0
4 4.622411138957546 4 77.0
5 3.650190922903437 9 58.0
6 3.645507661405139 10 55.0
7 2.193373507301227 17 55.0
8 4.41347776895162 5 54.0
9 3.5036543999016456 11 52.0
10 5.162984292173399 3 51.0
11 2.5702052611693276 15 48.0
12 4.407134292188207 6 47.0
13 0.0 20 45.0
14 2.5023393846300275 16 41.0
15 2.6257384767897785 14 38.0
16 3.911735261394791 8 38.0
17 1.927981030629787 18 38.0
18 2.9804935843337104 12 37.0
19 4.269805261459154 7 33.0
20 0.8345760306814332 19 26.0
1 2.978226169564429 11 93.0
2 0.6344316253481512 19 80.0
3 0.8767862112504841 17 78.0
4 3.8767708012004096 4 77.0
5 3.566347316296172 7 58.0
6 4.744342900048891 1 55.0
7 3.0563136123741828 10 55.0
8 4.529837016556233 2 54.0
9 0.6510723889906083 18 52.0
10 3.4742531754998884 8 51.0
11 3.146016611805169 9 48.0
12 1.325710075196415 15 47.0
13 0.0 20 45.0
14 1.201119908452193 16 41.0
15 4.025502835313925 3 38.0
16 3.6869024224099243 6 38.0
17 1.9793136123741828 13 38.0
18 1.3359570999511055 14 37.0
19 2.32716216122941 12 33.0
20 3.833262161229408 5 26.0
1 7.156026083796144 1 93.0
2 0.0 20 80.0
3 3.72000000000021 10 78.0
4 4.0974095890122015 9 77.0
5 5.257942736402101 5 58.0
6 5.346411047169909 3 55.0
7 2.5796917526084475 13 55.0
8 1.3082000000000003 17 54.0
9 5.245553605660007 6 52.0
10 0.9607999999999368 19 51.0
11 2.0536260837957068 14 48.0
12 5.033811598779998 7 47.0
13 1.943445261821573 15 45.0
14 1.9233739162029195 16 41.0
15 5.9003274254159175 2 38.0
16 4.724796969255546 8 38.0
17 2.911096969256504 11 38.0
18 2.841802566593408 12 37.0
19 5.280998171032619 4 33.0
20 1.1199500000001583 18 26.0
1 5.70906233845615 1 93.0
2 2.6623875962547134 13 80.0
3 3.9643763195607757 4 78.0
4 2.4425203702893588 15 77.0
5 4.344055031103459 2 58.0
6 3.8279590504667556 5 55.0
7 2.2631519550554504 17 55.0
8 3.2260632511798333 9 54.0
9 3.2998748460810248 8 52.0
10 3.437037239356487 7 51.0
11 2.3255748822606854 16 48.0
12 4.124293250375335 3 47.0
13 0.0 20 45.0
14 1.6997603699408197 18 41.0
15 3.5292304631233127 6 38.0
16 2.5521070730729956 14 38.0
17 2.667237832398227 12 38.0
18 2.6824790100780325 11 37.0
19 1.3064817507929627 19 33.0
20 2.8395832714711595 10 26.0
1 6.684862343999241 2 93.0
2 5.71521426700383 4 80.0
3 3.6272925578624178 12 78.0
4 5.472374267183776 5 77.0
5 5.3832034248384675 6 58.0
6 4.6623496071668695 7 55.0
7 3.6406098427116222 11 55.0
8 4.47965685229823 8 54.0
9 4.310003423747244 9 52.0
10 2.6901851213708703 13 51.0
11 3.9292134248080464 10 48.0
12 8.285514267036106 1 47.0
13 0.0 20 45.0
14 0.38915684928987426 19 41.0
15 5.77073342464258 3 38.0
16 2.419933345567528 16 38.0
17 1.6089696649020575 18 38.0
18 2.4924965736011986 15 37.0
19 2.5871605778192106 14 33.0
20 2.303105121366513 17 26.0
1 6.680382753170951 1 93.0
2 0.6072827131045571 16 80.0
3 3.0824885320968405 8 78.0
4 3.2672649399556266 6 77.0
5 4.025347479510842 4 58.0
6 5.2718012420888964 2 55.0
7 4.025491706647068 3 55.0
8 2.2278121262786974 13 54.0
9 0.5267607132740428 18 52.0
10 2.4340482807979837 12 51.0
11 3.098099476704546 7 48.0
12 2.568734828807333 10 47.0
13 0.5833681728299454 17 45.0
14 1.9485006549674653 14 41.0
15 2.5848265563604618 9 38.0
16 2.44202148943732 11 38.0
17 0.0 20 38.0
18 0.44019026475153034 19 37.0
19 1.271674087568812 15 33.0
20 3.4813400633845633 5 26.0
1 6.872718250942461 1 93.0
2 3.066124909137861 12 80.0
3 4.477483715788068 5 78.0
4 3.9570218590377086 7 77.0
5 3.878418250942482 8 58.0
6 3.427892849271059 11 55.0
7 3.8184720249715465 9 55.0
8 4.072318202723023 6 54.0
9 4.7469508472303374 3 52.0
10 2.730126544678525 15 51.0
11 2.7513905167194532 14 48.0
12 5.636424909137913 2 47.0
13 0.0 20 45.0
14 1.174341159596005 18 41.0
15 4.645945780168024 4 38.0
16 2.469318202723031 16 38.0
17 1.0196055259970365 19 38.0
18 1.9384457801680013 17 37.0
19 3.787987116253751 10 33.0
20 2.838190996844565 13 26.0
1 4.806076120833373 7 93.0
2 6.544296265277765 4 80.0
3 3.3164441208332973 13 78.0
4 7.351152959722251 2 77.0
5 2.8570287874999813 17 58.0
6 6.734218879166578 3 55.0
7 3.1939194541666467 14 55.0
8 5.294010201388966 5 54.0
9 2.8575261208333465 16 52.0
10 1.0209081208332984 19 51.0
11 4.945801666666627 6 48.0
12 4.166098333333294 10 47.0
13 0.0 20 45.0
14 2.983076120833169 15 41.0
15 3.8250367874999833 11 38.0
16 1.5165194541666827 18 38.0
17 4.689918879166672 8 38.0
18 3.5196561208333463 12 37.0
19 4.409492040277825 9 33.0
20 8.143249540277763 1 26.0
1 7.441334187499907 1 93.0
2 6.288518968743979 3 80.0
3 3.5030000000024972 8 78.0
4 2.343731281250771 17 77.0
5 2.9997835000006563 11 58.0
6 3.2013715312499245 10 55.0
7 2.8729434999995838 13 55.0
8 2.9685506562480843 12 54.0
9 3.7228315312530404 7 52.0
10 7.249318968751835 2 51.0
11 2.0724912812491088 18 48.0
12 2.6593183750005047 14 47.0
13 0.0 20 45.0
14 1.363216093750434 19 41.0
15 5.61630803124935 4 38.0
16 4.976680874999573 5 38.0
17 2.487802562501483 15 38.0
18 3.3819135000035763 9 37.0
19 2.4463683750002976 16 33.0
20 4.953689875004743 6 26.0
1 7.861686645957022 1 93.0
2 3.109472592095473 11 80.0
3 3.808032813117613 6 78.0
4 5.471210721258226 3 77.0
5 3.471266406551156 7 58.0
6 3.1102091419584283 10 55.0
7 2.914486645975478 12 55.0
8 4.968233593353062 4 54.0
9 1.2803339975789165 16 52.0
10 1.1639988746128616 18 51.0
11 1.4940531582089023 14 48.0
12 5.7417866459523275 2 47.0
13 0.0 20 45.0
14 1.5210500591817289 13 41.0
15 1.3714079361095568 15 38.0
16 1.2370866459531622 17 38.0
17 3.1240335934301355 9 38.0
18 3.2259535032043534 8 37.0
19 4.247809142095516 5 33.0
20 0.265720074622358 19 26.0
1 6.566808542849291 1 93.0
2 3.8024787657486954 7 80.0
3 4.1137267166859335 3 78.0
4 2.6938273417429297 14 77.0
5 4.111359663926693 4 58.0
6 5.038829651852071 2 55.0
7 0.834954722742761 19 55.0
8 2.955888590472773 12 54.0
9 3.6572158704657456 9 52.0
10 3.3243703234089637 11 51.0
11 2.2848888467056567 15 48.0
12 3.6622547227427673 8 47.0
13 0.0 20 45.0
14 1.3885296952069466 17 41.0
15 4.0794806246651945 5 38.0
16 3.379134058343778 10 38.0
17 2.0026264539061014 16 38.0
18 1.0590801518337458 18 37.0
19 2.842928161945203 13 33.0
20 4.039881566001264 6 26.0
1 10.154564567984394 2 93.0
2 7.647277450437603 6 80.0
3 5.541276536090077 16 78.0
4 7.179150056659124 8 77.0
5 7.419720631773031 7 58.0
6 5.7727388384633 14 55.0
7 8.53754723678172 3 55.0
8 7.071702662880643 9 54.0
9 5.91908058076835 13 52.0
10 6.6182806940374315 12 51.0
11 4.359825835398431 17 48.0
12 6.86441640212082 10 47.0
13 0.0 20 45.0
14 8.331564567984394 4 41.0
15 1.9455194192316485 19 38.0
16 8.260168915150617 5 38.0
17 6.740178927901788 11 38.0
18 2.0791000000000013 18 37.0
19 5.715634532500735 15 33.0
20 10.469978927901787 1 26.0
1 8.165633072354886 5 93.0
2 5.897580452555208 8 80.0
3 7.128808807748745 6 78.0
4 2.069316536156423 19 77.0
5 10.029500320755714 1 58.0
6 8.684200319262208 4 55.0
7 5.574838807988206 9 55.0
8 4.481761832307862 11 54.0
9 9.205660318739044 2 52.0
10 2.5516233426585098 18 51.0
11 4.293095649792891 14 48.0
12 4.4432644713933716 12 47.0
13 0.0 20 45.0
14 2.9570182078941776 17 41.0
15 4.3938330730081105 13 38.0
16 3.505823350032739 15 38.0
17 4.497838808037121 10 38.0
18 6.083808807958375 7 37.0
19 3.4577868968853167 16 33.0
20 8.854700320256415 3 26.0
1 5.352088179663491 2 93.0
2 3.70547604974435 6 80.0
3 3.4039352535858596 8 78.0
4 3.870665145059493 3 77.0
5 3.5505050651826324 7 58.0
6 2.97599809325144 10 55.0
7 6.153435261402699 1 55.0
8 2.9975571384538777 9 54.0
9 2.222895214668795 15 52.0
10 2.6912001014740388 11 51.0
11 1.4816098594420697 18 48.0
12 2.2783985514628373 13 47.0
13 0.0 20 45.0
14 2.405302469688403 12 41.0
15 3.7640847236812522 5 38.0
16 1.8420981027673364 17 38.0
17 1.934510884234225 16 38.0
18 0.03142307513215936 19 37.0
19 2.252667413483478 14 33.0
20 3.844694713404752 4 26.0
1 6.697801413122576 1 93.0
2 2.892188446615804 3 80.0
3 0.8918036401056383 13 78.0
4 0.923094750611268 12 77.0
5 2.751812988139455 4 58.0
6 1.4065129881362608 11 55.0
7 2.9384364190869134 2 55.0
8 2.654560168195813 6 54.0
9 1.9881947250468732 9 52.0
10 1.728624745498792 10 51.0
11 0.7959286950245482 14 48.0
12 0.6063647403868779 16 47.0
13 0.0 20 45.0
14 0.1803347505891435 19 41.0
15 2.106572529591226 8 38.0
16 2.432482988138955 7 38.0
17 2.67743434751588 5 38.0
18 0.6995915693886441 15 37.0
19 0.36851266999363164 17 33.0
20 0.2385136401056378 18 26.0
1 5.476935075184906 1 93.0
2 3.4478264237030127 5 80.0
3 2.0556803119608227 9 78.0
4 0.6457750751991029 15 77.0
5 0.6469197751032736 14 58.0
6 2.9669012058026403 7 55.0
7 0.3167700000295759 18 55.0
8 3.7693181279058403 4 54.0
9 2.7146318942891843 8 52.0
10 5.2281540139487666 2 51.0
11 0.3745350745662708 17 48.0
12 3.3130081055486515 6 47.0
13 0.0 20 45.0
14 1.617468127906085 11 41.0
15 4.306549921913984 3 38.0
16 1.7581863354470157 10 38.0
17 0.6441212587514389 16 38.0
18 1.5990499208510771 12 37.0
19 1.4496455488086712 13 33.0
20 0.28906072119911985 19 26.0
1 3.782712961698058 8 93.0
2 4.727322970257252 4 80.0
3 3.6781776880433927 9 78.0
4 3.1897741360336207 14 77.0
5 5.46031781399326 1 58.0
6 4.762111643778731 3 55.0
7 3.38600494782916 13 55.0
8 3.966424609127621 7 54.0
9 3.593479527635397 10 52.0
10 4.675994896460754 5 51.0
11 1.855582876565558 19 48.0
12 3.444618134705314 12 47.0
13 0.0 20 45.0
14 2.215256572905905 17 41.0
15 3.5360922813697515 11 38.0
16 4.808997909678515 2 38.0
17 2.982167714226883 15 38.0
18 2.001058928766353 18 37.0
19 2.75512576140607 16 33.0
20 4.047936286059624 6 26.0
1 6.80913122183949 2 93.0
2 5.83419219596909 5 80.0
3 3.5029999999984094 15 78.0
4 7.078772862544984 1 77.0
5 3.5827928369566835 13 58.0
6 5.272293094320261 6 55.0
7 4.36839698507351 9 55.0
8 5.8345487400186915 4 54.0
9 4.464418867901221 8 52.0
10 3.6088405830613683 12 51.0
11 2.986812477939532 18 48.0
12 3.5718881615400924 14 47.0
13 0.0 20 45.0
14 4.35745103143888 10 41.0
15 4.642210403829166 7 38.0
16 4.23154874001949 11 38.0
17 3.459431547160034 16 38.0
18 1.1286657735802037 19 37.0
19 3.1431030045841255 17 33.0
20 5.859897320740276 3 26.0
1 8.843433454858811 2 93.0
2 4.133119466112283 12 80.0
3 4.0646568946134565 13 78.0
4 5.295120161286904 5 77.0
5 2.840992416859783 14 58.0
6 4.582350297102279 9 55.0
7 8.28467743846008 3 55.0
8 4.475319737233066 11 54.0
9 4.484152680645492 10 52.0
10 5.280763308167067 7 51.0
11 4.802277438460398 8 48.0
12 11.111977438460134 1 47.0
13 2.141075624057416 15 45.0
14 0.0 20 41.0
15 5.282275624057205 6 38.0
16 0.8225053343673294 19 38.0
17 1.7347924168601403 17 38.0
18 1.954967845905931 16 37.0
19 0.8436666916287492 18 33.0
20 6.903777438460088 4 26.0
1 7.049203846158765 1 93.0
2 5.065029576925072 8 80.0
3 5.5248553846075765 3 78.0
4 5.6117153846049845 2 77.0
5 5.097710576911284 6 58.0
6 5.02289999999438 9 55.0
7 4.701442307701159 12 55.0
8 4.306428461564891 13 54.0
9 3.968955576914827 14 52.0
10 5.460430769237906 4 51.0
11 5.186988076926791 5 48.0
12 4.704580769209508 11 47.0
13 1.5217776923096897 18 45.0
14 3.545730769228179 15 41.0
15 0.0 20 38.0
16 2.70651615383675 16 38.0
17 2.331829576921531 17 38.0
18 4.979933076945944 10 37.0
19 1.0883915384459222 19 33.0
20 5.0733507692281785 7 26.0
