1 7.615314173500447 2 93.0
2 3.009672196800605 14 80.0
3 4.520611765211054 7 78.0
4 6.1243796072515915 5 77.0
5 3.9662821968071817 9 58.0
6 5.728414173498918 6 55.0
7 8.169112075960255 1 55.0
8 7.272311765213541 3 54.0
9 0.7050860984042586 19 52.0
10 6.771696037980162 4 51.0
11 0.0 20 48.0
12 2.9733726586089366 15 47.0
13 3.767511765213539 10 45.0
14 1.7673117652143384 17 41.0
15 3.614455688396499 11 38.0
16 3.212180902029502 12 38.0
17 4.4665060984042615 8 38.0
18 3.1340000000000794 13 37.0
19 1.2656176478190413 18 33.0
20 2.0585081139406425 16 26.0
1 4.92094864184259 2 93.0
2 3.1141999999999723 10 80.0
3 4.9407093702623985 1 78.0
4 4.6437235615014805 3 77.0
5 4.010137834078393 6 58.0
6 1.1532858046747492 17 55.0
7 4.304166297894375 4 55.0
8 3.3271775077603203 7 54.0
9 0.7999878430322949 18 52.0
10 3.307342361448559 8 51.0
11 1.8323285642101637 14 48.0
12 2.819469567239393 11 47.0
13 0.2140016562175311 19 45.0
14 2.5386323614485407 13 41.0
15 4.068093575000715 5 38.0
16 3.2184017875003614 9 38.0
17 1.6645672836851673 15 38.0
18 2.7636796614529957 12 37.0
19 1.4302621434367686 16 33.0
20 0.0 20 26.0
1 9.138100001896879 6 93.0
2 6.194998228772229 15 80.0
3 9.51046958025906 5 78.0
4 7.548241464797424 8 77.0
5 9.777144189608036 3 58.0
6 9.74629596689436 4 55.0
7 7.887961424496959 7 55.0
8 10.347216905097195 1 54.0
9 4.391999992645647 19 52.0
10 6.250069582334394 14 51.0
11 5.011301804026138 18 48.0
12 6.159454176380092 16 47.0
13 6.284512360310488 13 45.0
14 6.424600000042295 12 41.0
15 10.261929627601916 2 38.0
16 6.65651318588737 10 38.0
17 6.567530775741246 11 38.0
18 0.0 20 37.0
19 5.906880070889727 17 33.0
20 7.368195963920413 9 26.0
1 11.0728210591651 2 93.0
2 11.299591037491522 1 80.0
3 7.069939827317936 6 78.0
4 10.365936590552186 3 77.0
5 9.436375837536795 4 58.0
6 7.4156065905601425 5 55.0
7 0.0 20 55.0
8 4.856301675932398 13 54.0
9 1.3496016763273113 19 52.0
10 5.286417509598015 11 51.0
11 4.322501675983096 16 48.0
12 4.4485999996926004 15 47.0
13 2.1426150305061746 18 45.0
14 4.603650001424963 14 41.0
15 6.960462018130326 7 38.0
16 6.824436583145333 8 38.0
17 5.782921037506393 10 38.0
18 2.307468030875779 17 37.0
19 5.197452139693977 12 33.0
20 6.211701678075213 9 26.0
1 8.352018295805795 2 93.0
2 3.7069817041942077 11 80.0
3 5.415663163797899 5 78.0
4 7.056607631148497 3 77.0
5 4.579333174401046 8 58.0
6 6.537580613880145 4 55.0
7 10.150780613880146 1 55.0
8 3.8189274437086924 10 54.0
9 2.5677363112185994 18 52.0
10 3.6362727995214343 12 51.0
11 3.249824217592674 17 48.0
12 3.5328963112185994 13 47.0
13 1.742385022151896 19 45.0
14 3.450513905018868 15 41.0
15 4.6325734984788784 7 38.0
16 5.091036869902745 6 38.0
17 3.9624177292814124 9 38.0
18 0.0 20 37.0
19 3.4583305437477097 14 33.0
20 3.387282087895949 16 26.0
1 7.610015014977068 1 93.0
2 4.125300299565726 10 80.0
3 6.13904950725564 2 78.0
4 5.03927724163062 5 77.0
5 3.8896811621422653 12 58.0
6 5.097512817028672 4 55.0
7 4.566351425326144 6 55.0
8 5.332240123227862 3 54.0
9 2.6523124326878715 16 52.0
10 3.5844357742769715 14 51.0
11 4.2754790935340035 8 48.0
12 3.8780683677667573 13 47.0
13 0.906488284012327 19 45.0
14 2.97061281702884 15 41.0
15 4.390522758369382 7 38.0
16 3.948957994022981 11 38.0
17 2.5849882840123186 17 38.0
18 0.0 20 37.0
19 2.5335756630434663 18 33.0
20 4.268544240036219 9 26.0
1 7.939698505953867 1 93.0
2 5.094507316325669 7 80.0
3 6.013792279201008 2 78.0
4 5.540705384413101 5 77.0
5 4.483855583382564 13 58.0
6 4.693236678797228 12 55.0
7 4.767692693663396 10 55.0
8 5.679873936116872 3 54.0
9 4.73438149734678 11 52.0
10 4.41846155895319 14 51.0
11 5.0552552523029135 8 48.0
12 4.896892307403533 9 47.0
13 2.1139174659723277 19 45.0
14 2.9068660637821635 18 41.0
15 5.553921786368706 4 38.0
16 3.7109514785929294 16 38.0
17 5.163564900767685 6 38.0
18 3.108729812235692 17 37.0
19 4.139178151877067 15 33.0
20 0.0 20 26.0
1 7.303202363274499 2 93.0
2 3.789140445798606 5 80.0
3 4.983471086606418 3 78.0
4 8.464102363274502 1 77.0
5 2.874079878963811 9 58.0
6 2.6276174648552315 11 55.0
7 2.0664310880745766 15 55.0
8 3.44246495471815 6 54.0
9 2.557102363274501 12 52.0
10 2.7624004299643032 10 51.0
11 3.236302590077336 7 48.0
12 3.1001598296374153 8 47.0
13 0.14110470455668045 18 45.0
14 0.0012731578573510482 19 41.0
15 3.8007390827794065 4 38.0
16 2.3713044997461585 14 38.0
17 1.6143462397228046 16 38.0
18 0.0 20 37.0
19 1.0380146881145493 17 33.0
20 2.44557651954816 13 26.0
1 5.982917446008408 2 93.0
2 2.748869586852231 11 80.0
3 2.3596174460038064 14 78.0
4 5.906999999992184 3 77.0
5 3.231739474172702 8 58.0
6 1.4170174460038065 17 55.0
7 3.7108777652561473 6 55.0
8 2.736917446001938 12 54.0
9 0.0 20 52.0
10 3.5216999999944845 7 51.0
11 1.6016916995094033 16 48.0
12 3.0046916995282724 10 47.0
13 0.005550535206997331 19 45.0
14 6.150551699524801 1 41.0
15 4.589839474171557 4 38.0
16 4.3152083004608 5 38.0
17 2.2494431924823175 15 38.0
18 0.9970038309784521 18 37.0
19 2.7330999999944847 13 33.0
20 3.228551699523789 9 26.0
1 7.672701109608913 1 93.0
2 2.66231620376636 10 80.0
3 4.293781888942598 3 78.0
4 6.451781888942557 2 77.0
5 3.6834808025108257 6 58.0
6 4.104111888942393 4 55.0
7 0.788552682472311 16 55.0
8 3.0111453709962674 8 54.0
9 0.7955072824719611 15 52.0
10 3.120975125060495 7 51.0
11 0.6156817701593944 17 48.0
12 1.6973721004344788 13 47.0
13 0.0 20 45.0
14 1.3578305185903192 14 41.0
15 3.857263396104953 5 38.0
16 1.8112727168839515 12 38.0
17 0.5601633961050556 18 38.0
18 0.5376000000001628 19 37.0
19 2.024507282472312 11 33.0
20 2.8261914398841346 9 26.0
1 7.088496995981698 1 93.0
2 2.8563485191982103 10 80.0
3 4.452313659926808 4 78.0
4 5.719853281465477 3 77.0
5 3.4604880929112483 7 58.0
6 3.1560477688640787 9 55.0
7 4.413560327954248 5 55.0
8 6.377709623508885 2 54.0
9 0.0 20 52.0
10 2.7192969959816913 11 51.0
11 0.31318341882874234 19 48.0
12 2.627386886360731 12 47.0
13 0.5089914987385273 18 45.0
14 0.8727096235088883 16 41.0
15 3.8085135147635363 6 38.0
16 3.2312721825592785 8 38.0
17 1.1613330264632986 15 38.0
18 0.792998497990844 17 37.0
19 1.5315307756184635 14 33.0
20 2.2371538111941884 13 26.0
1 9.368415929579768 1 93.0
2 5.45948332256648 7 80.0
3 5.650776215309504 5 78.0
4 6.525770653454267 2 77.0
5 5.1711891289545 9 58.0
6 4.294562497707586 12 55.0
7 6.445260429823456 3 55.0
8 3.998441353468636 14 54.0
9 3.993376215309506 15 52.0
10 5.397560634434384 8 51.0
11 4.678797710713989 11 48.0
12 4.801275297765046 10 47.0
13 0.0 20 45.0
14 4.2113784676203245 13 41.0
15 5.602093452099771 6 38.0
16 5.701197710713987 4 38.0
17 3.3596472565372784 16 38.0
18 0.38395796478988675 19 37.0
19 0.9787413534686396 18 33.0
20 2.086468109186589 17 26.0
1 4.585825299240108 2 93.0
2 3.0040149195509027 7 80.0
3 4.939770886215527 1 78.0
4 4.045985667604207 3 77.0
5 1.6054056789397624 14 58.0
6 2.441728844612484 8 55.0
7 3.5273822886326127 6 55.0
8 3.740345667663572 5 54.0
9 0.0 20 52.0
10 2.0204272691314893 11 51.0
11 1.2642300790276129 15 48.0
12 2.2097320215642875 10 47.0
13 1.768268844621526 12 45.0
14 0.8183616585450106 19 41.0
15 3.9986806521970744 4 38.0
16 2.355006453894501 9 38.0
17 1.6958589095892567 13 38.0
18 1.0495320924184173 16 37.0
19 0.8720856676635773 18 33.0
20 0.9126608762423194 17 26.0
1 7.662209837431526 1 93.0
2 3.6022704380972703 10 80.0
3 3.8175435582519004 9 78.0
4 5.218412006227805 5 77.0
5 3.4503094356276023 13 58.0
6 2.96413586255769 16 55.0
7 4.503456599162449 7 55.0
8 4.310661960914816 8 54.0
9 0.0 20 52.0
10 5.4401209449156855 4 51.0
11 0.9409536667024305 18 48.0
12 3.5369964327284222 12 47.0
13 1.0172484660152268 17 45.0
14 3.352194399441623 14 41.0
15 4.571924447975927 6 38.0
16 5.9199484660152235 2 38.0
17 5.759280944915682 3 38.0
18 3.546217441855452 11 37.0
19 3.2749577139482215 15 33.0
20 0.09034236615480662 19 26.0
1 5.4153231370258315 1 93.0
2 2.991994201140927 10 80.0
3 4.867472617050183 2 78.0
4 3.514057415812151 7 77.0
5 3.690884502971934 6 58.0
6 3.4075588890903417 8 55.0
7 3.7692138156650508 4 55.0
8 3.0485942202460987 9 54.0
9 1.8633554298444193 13 52.0
10 2.541694117390574 12 51.0
11 0.4874759499707779 19 48.0
12 3.7022899561473928 5 47.0
13 0.6248038069442408 18 45.0
14 1.2806588890902453 17 41.0
15 4.263924088058879 3 38.0
16 2.8613653034664033 11 38.0
17 1.5200072952446184 14 38.0
18 1.4417579581018556 15 37.0
19 0.0 20 33.0
20 1.2878742834351178 16 26.0
1 6.3316642256512425 1 93.0
2 3.7199407054799707 4 80.0
3 2.8820499252769873 9 78.0
4 5.9670099999955095 2 77.0
5 2.979135565634748 8 58.0
6 2.8328923267001134 11 55.0
7 3.240027961290726 7 55.0
8 2.3467998505238827 13 54.0
9 2.1339768322485977 14 52.0
10 0.5341999999689007 19 51.0
11 2.8385395516263867 10 48.0
12 2.351376292971864 12 47.0
13 1.3020740167032057 17 45.0
14 1.0778045787675348 18 41.0
15 4.791745847902558 3 38.0
16 3.288786293036729 6 38.0
17 1.7659100748149932 15 38.0
18 3.5058762930349956 5 37.0
19 0.0 20 33.0
20 1.3998100000008737 16 26.0
1 7.0680790920346235 1 93.0
2 2.3723710876343245 10 80.0
3 4.379603230082436 4 78.0
4 4.979669551392163 3 77.0
5 2.279079088363981 11 58.0
6 5.261422675917569 2 55.0
7 3.1232346474794563 8 55.0
8 4.080686061772006 5 54.0
9 0.7726860258766122 18 52.0
10 3.5802530499918275 7 51.0
11 0.0 20 48.0
12 2.134420829062664 12 47.0
13 1.369960413540553 15 45.0
14 2.0430098059918196 13 41.0
15 3.6272323069750687 6 38.0
16 1.9878096121349107 14 38.0
17 2.4052254348562276 9 38.0
18 1.2769747145493437 16 37.0
19 0.9873810648114763 17 33.0
20 0.13616924656546736 19 26.0
1 5.29550075801534 1 93.0
2 2.720780272073431 6 80.0
3 2.714657552074263 7 78.0
4 4.5541630461811575 2 77.0
5 1.2829000775921497 16 58.0
6 1.5302364979802503 12 55.0
7 2.209660106472281 8 55.0
8 3.894375421017153 4 54.0
9 1.813653577681879 10 52.0
10 1.9225049968476147 9 51.0
11 1.2959073083877368 15 48.0
12 3.4297739595470955 5 47.0
13 0.0 20 45.0
14 0.9265118346217063 18 41.0
15 4.483990947513458 3 38.0
16 1.4032252381854118 13 38.0
17 1.1868909352752974 17 38.0
18 1.642208765448152 11 37.0
19 1.348907748921433 14 33.0
20 0.1267321402080337 19 26.0
1 7.977984767937608 1 93.0
2 2.970865841228762 13 80.0
3 6.801571431737392 2 78.0
4 6.278493831015831 3 77.0
5 4.864675585576709 8 58.0
6 3.040962680275165 12 55.0
7 5.4746217458770445 5 55.0
8 5.8392349951933955 4 54.0
9 0.0 20 52.0
10 3.5411714317374123 11 51.0
11 4.67195528316731 9 48.0
12 1.801400327755397 16 47.0
13 1.1917333234636067 18 45.0
14 1.441485222449149 17 41.0
15 5.167861735831963 7 38.0
16 3.9344534082973355 10 38.0
17 2.578343948322514 14 38.0
18 0.9263938310158473 19 37.0
19 2.0874226114831655 15 33.0
20 5.341069345732299 6 26.0
1 7.513296438113061 1 93.0
2 3.1141999998792445 15 80.0
3 5.116149828993405 5 78.0
4 6.884892423594534 2 77.0
5 2.653332345243565 17 58.0
6 2.3780999999835446 18 55.0
7 3.73177000074392 13 55.0
8 6.074816022303078 3 54.0
9 3.738724599893837 12 52.0
10 4.723452500846875 9 51.0
11 4.608932345301985 10 48.0
12 4.981058337538658 7 47.0
13 1.3964431422538972 19 45.0
14 4.747880186796421 8 41.0
15 5.521846022309367 4 38.0
16 5.008316022349285 6 38.0
17 3.091341547920786 16 38.0
18 3.1177581097014784 14 37.0
19 4.469426012224946 11 33.0
20 0.0 20 26.0
1 5.821554238513572 2 93.0
2 3.140731219448243 7 80.0
3 2.8277598522733167 8 78.0
4 4.452930504971588 3 77.0
5 3.5583153263519884 6 58.0
6 4.369415326350259 4 55.0
7 6.0258517109870855 1 55.0
8 4.147290504968464 5 54.0
9 0.6212197045376144 16 52.0
10 2.1034460408296622 10 51.0
11 1.4740517109917253 11 48.0
12 0.8827811899021252 14 47.0
13 1.2681686274520174 13 45.0
14 0.07445985227140417 18 41.0
15 2.126440147740198 9 38.0
16 0.0 20 38.0
17 0.5316542385203469 17 38.0
18 0.0430106688159233 19 37.0
19 0.7680663980698639 15 33.0
20 1.448070856840723 12 26.0
1 7.1586638593694225 1 93.0
2 1.6960059877162392 16 80.0
3 3.452685931897443 3 78.0
4 3.20032357926694 5 77.0
5 2.652615987716227 8 58.0
6 3.19536366294727 6 55.0
7 1.469466506117901 18 55.0
8 3.2790606361744663 4 54.0
9 1.8694528813851066 15 52.0
10 2.2755250341060242 11 51.0
11 1.6152551527731407 17 48.0
12 2.415396726279331 10 47.0
13 0.0 20 45.0
14 2.4888172450413824 9 41.0
15 3.1574436812268925 7 38.0
16 3.8301213950768647 2 38.0
17 1.9283592128073619 14 38.0
18 0.4628277753438583 19 37.0
19 2.11242139507684 12 33.0
20 1.9940962710941683 13 26.0
1 8.691713144597239 1 93.0
2 2.6587199999990134 14 80.0
3 6.867429999998496 3 78.0
4 7.032029999999014 2 77.0
5 3.634999999886814 9 58.0
6 3.6242799493568474 10 55.0
7 4.862659050908825 5 55.0
8 4.261450133069985 6 54.0
9 3.0822373486676953 13 52.0
10 1.015700000018576 19 51.0
11 1.0282708433882557 18 48.0
12 4.20036442591045 8 47.0
13 0.0 20 45.0
14 2.4465852504067707 15 41.0
15 4.219452261266784 7 38.0
16 3.490530000026565 11 38.0
17 3.212282961566591 12 38.0
18 1.588091737449675 17 37.0
19 1.863111442512886 16 33.0
20 6.369110000002493 4 26.0
1 6.9367445686112035 1 93.0
2 3.1825025473379744 6 80.0
3 4.251738782357405 4 78.0
4 4.265425484227347 3 77.0
5 1.4140321541903997 13 58.0
6 2.5915455346883043 8 55.0
7 3.104649642202139 7 55.0
8 3.8079688859451135 5 54.0
9 0.0 20 52.0
10 2.1654110939415734 10 51.0
11 2.553939544634681 9 48.0
12 1.6912923028068174 12 47.0
13 1.0141611650487994 17 45.0
14 1.1846969350789627 15 41.0
15 4.535160232153303 2 38.0
16 2.037623306866731 11 38.0
17 1.0920023493253168 16 38.0
18 0.4574602321533032 18 37.0
19 1.3125360865398532 14 33.0
20 0.45121984202169974 19 26.0
1 5.856939256270531 1 93.0
2 2.0492108331617036 11 80.0
3 3.4781559838655447 6 78.0
4 4.738239942580431 3 77.0
5 3.0340983710379423 7 58.0
6 2.4193250265628006 9 55.0
7 4.734776972442971 4 55.0
8 4.790916050224007 2 54.0
9 0.27305314001961056 19 52.0
10 0.899303939300206 17 51.0
11 1.7069080736230595 12 48.0
12 2.805163624336427 8 47.0
13 2.2536522903873797 10 45.0
14 0.5970381138371041 18 41.0
15 4.2379460493201275 5 38.0
16 1.2225423773442368 13 38.0
17 1.0574753111348312 14 38.0
18 0.0 20 37.0
19 0.9370562898058425 15 33.0
20 0.9041303065980038 16 26.0
1 6.205299999999872 1 93.0
2 4.780609344315231 6 80.0
3 4.699288682194511 8 78.0
4 6.1944093443149875 2 77.0
5 4.434613087959638 9 58.0
6 3.6463719503253995 12 55.0
7 5.045995714564997 4 55.0
8 3.2878546721574837 13 54.0
9 2.2597126523391196 17 52.0
10 4.409979763850556 10 51.0
11 2.5655342230231106 15 48.0
12 4.790593087961052 5 47.0
13 0.0 20 45.0
14 2.3627326755036915 16 41.0
15 5.245725304677163 3 38.0
16 2.2213546721575046 18 38.0
17 4.14404938227854 11 38.0
18 4.774735714560908 7 37.0
19 2.841992115693253 14 33.0
20 1.467340647319848 19 26.0
1 8.19859284453065 1 93.0
2 3.254537806376681 8 80.0
3 4.399282239213493 3 78.0
4 5.760365888080143 2 77.0
5 4.225026699879674 6 58.0
6 4.23494024573854 5 55.0
7 3.510045189834431 7 55.0
8 3.183608578878495 9 54.0
9 1.2415703857164608 16 52.0
10 2.382619695940425 11 51.0
11 4.320268554824944 4 48.0
12 0.7561253191081532 18 47.0
13 0.8789276469464233 17 45.0
14 0.0 20 41.0
15 3.1324928445305638 10 38.0
16 1.87727330012027 13 38.0
17 1.3450564835078955 15 38.0
18 1.5089634168534474 14 37.0
19 0.6714291188169921 19 33.0
20 2.3109512501165885 12 26.0
1 9.420649091702458 1 93.0
2 7.0727385081720655 4 80.0
3 5.7476698313727805 7 78.0
4 5.535636198066602 9 77.0
5 8.116498923509958 2 58.0
6 2.1766999999998267 19 55.0
7 6.551011779433383 5 55.0
8 6.402957847602361 6 54.0
9 3.685205402706399 15 52.0
10 4.66156660350163 11 51.0
11 2.633723082547529 18 48.0
12 4.630769831372646 12 47.0
13 2.7608165801972904 17 45.0
14 3.942538508171329 13 41.0
15 7.126970086027503 3 38.0
16 5.619722163138979 8 38.0
17 3.902440335803089 14 38.0
18 0.0 20 37.0
19 3.6579407193863025 16 33.0
20 5.095486067587434 10 26.0
1 7.5632443522613375 1 93.0
2 2.426266443329604 11 80.0
3 1.321999999999984 16 78.0
4 2.5126147097659395 10 77.0
5 4.026371940553558 6 58.0
6 3.6697273770251124 8 55.0
7 0.9818940333095625 17 55.0
8 4.7229847540500725 4 54.0
9 0.34392931049386855 19 52.0
10 1.3854889792044591 15 51.0
11 4.70152826419602 5 48.0
12 4.911798410229666 3 47.0
13 1.3948604403266396 14 45.0
14 1.448054875410189 13 41.0
15 6.538300000000001 2 38.0
16 3.830533918452434 7 38.0
17 3.2411999999998904 9 38.0
18 0.0 20 37.0
19 0.6556948754101617 18 33.0
20 1.5562354598794501 12 26.0
1 11.445339479505762 1 93.0
2 8.059134726252369 7 80.0
3 9.016345816072015 3 78.0
4 6.349561670139952 14 77.0
5 7.634938018798395 9 58.0
6 6.806934726243896 10 55.0
7 6.689281670137942 11 55.0
8 9.002366229351665 4 54.0
9 7.6717431817914195 8 52.0
10 5.462175273755444 15 51.0
11 0.0 20 48.0
12 9.50264409104343 2 47.0
13 4.328740547509933 18 45.0
14 4.811199999998577 17 41.0
15 8.609614462774688 5 38.0
16 8.131877505144287 6 38.0
17 6.476534373641943 13 38.0
18 6.541679844470609 12 37.0
19 4.959434726243898 16 33.0
20 1.8892000000002644 19 26.0
1 8.395211343879641 1 93.0
2 4.161988555330974 4 80.0
3 3.9896167194068575 5 78.0
4 4.702253617102301 2 77.0
5 2.889399999991952 12 58.0
6 3.7005000000000012 9 55.0
7 1.9270366421477996 15 55.0
8 3.845083021350434 8 54.0
9 3.5312302687755244 10 52.0
10 2.8932744098450063 11 51.0
11 1.4523455646224488 16 48.0
12 4.378509193668201 3 47.0
13 0.5430998703741348 19 45.0
14 1.0317885553292276 18 41.0
15 3.94697540674672 7 38.0
16 2.36967540674785 13 38.0
17 1.3459488195777154 17 38.0
18 1.9534888453299184 14 37.0
19 0.0 20 33.0
20 3.9878924189837335 6 26.0
1 6.078746189350237 2 93.0
2 2.414585387014416 9 80.0
3 2.648692384961002 7 78.0
4 3.474893781017068 4 77.0
5 1.2058367738518143 15 58.0
6 2.597130593276735 8 55.0
7 7.473273689345378 1 55.0
8 2.7958927934279445 6 54.0
9 0.014191041578663466 19 52.0
10 1.47155505872017 12 51.0
11 0.0 20 48.0
12 3.179968133482557 5 47.0
13 0.680510117440339 17 45.0
14 1.0490047359209758 16 41.0
15 3.5331768401300896 3 38.0
16 1.3810230946751187 13 38.0
17 0.04425343026328665 18 38.0
18 1.2947384200650442 14 37.0
19 2.0091736893453795 11 33.0
20 2.173565257221893 10 26.0
1 6.551095598484755 1 93.0
2 4.149537622924836 8 80.0
3 6.245488869086755 2 78.0
4 5.563337623451622 4 77.0
5 1.8135024188324382 16 58.0
6 4.664195598807837 6 55.0
7 2.9558000002556892 11 55.0
8 4.448991464695862 7 54.0
9 2.563950289474952 13 52.0
10 2.163044479693366 14 51.0
11 3.779486124923646 9 48.0
12 4.66736516699156 5 47.0
13 0.13100480664316994 19 45.0
14 2.773196542954694 12 41.0
15 6.003756959232993 3 38.0
16 0.0 20 38.0
17 1.3991087109605846 17 38.0
18 0.6686048041139872 18 37.0
19 1.8231397671324965 15 33.0
20 3.051688694872494 10 26.0
1 7.788677844646981 3 93.0
2 7.351342843990052 6 80.0
3 7.703582452288521 4 78.0
4 8.951734286007767 2 77.0
5 9.922472643224204 1 58.0
6 4.626734286009413 15 55.0
7 5.690827945110921 11 55.0
8 5.734537702401515 10 54.0
9 3.300393595703793 19 52.0
10 4.7930324891778575 14 51.0
11 4.38502855969916 17 48.0
12 4.840083282399335 13 47.0
13 0.0 20 45.0
14 5.092756633950977 12 41.0
15 7.364727843329824 5 38.0
16 5.74642274086831 9 38.0
17 4.454781809137409 16 38.0
18 6.93599359566375 7 37.0
19 3.8944115051071364 18 33.0
20 6.694788652490756 8 26.0
1 7.938936008781237 1 93.0
2 4.422611824520159 3 80.0
3 2.127671769948185 13 78.0
4 4.251369022452483 4 77.0
5 3.1075133599794578 8 58.0
6 3.4885999321868413 6 55.0
7 3.444076982103905 7 55.0
8 2.9374873275887525 10 54.0
9 1.2769694584698807 16 52.0
10 3.046645830644867 9 51.0
11 7.10018421393848 2 48.0
12 1.3528884652068418 15 47.0
13 1.4871842139384923 14 45.0
14 0.0 20 41.0
15 3.7206149329410203 5 38.0
16 2.6623391057381087 11 38.0
17 0.7189753403531598 18 38.0
18 2.4774645199343657 12 37.0
19 1.0777615509663927 17 33.0
20 0.6616068446377348 19 26.0
1 6.8644488371872745 1 93.0
2 3.9776177083191815 5 80.0
3 4.558150285204961 3 78.0
4 4.033059300760857 4 77.0
5 2.3061926725759974 11 58.0
6 3.008379966876076 8 55.0
7 4.637871743139327 2 55.0
8 3.2697818004338837 7 54.0
9 0.47656813680352705 19 52.0
10 1.9389010251825587 12 51.0
11 2.9911140786232533 9 48.0
12 0.7605741215696618 17 47.0
13 0.7519809282917642 18 45.0
14 1.6784717431393252 15 41.0
15 3.83022135233551 6 38.0
16 2.9347399085414794 10 38.0
17 1.6857036317226137 13 38.0
18 1.6801956670930618 14 37.0
19 0.0 20 33.0
20 1.076044342045934 16 26.0
1 6.993447777463006 2 93.0
2 5.960969383532502 4 80.0
3 5.1975140669435 7 78.0
4 6.707006108538339 3 77.0
5 4.742106392144511 11 58.0
6 4.915111674917355 9 55.0
7 4.093647141803067 12 55.0
8 5.655293628259905 5 54.0
9 2.3742055777959292 19 52.0
10 3.62055190813427 14 51.0
11 5.167161735933402 8 48.0
12 3.52681059901773 15 47.0
13 3.0559028948710116 17 45.0
14 0.0 20 41.0
15 7.501002881908499 1 38.0
16 5.396448660059209 6 38.0
17 4.766828516048555 10 38.0
18 3.368745071351035 16 37.0
19 2.5006477893130876 18 33.0
20 3.6622921426911748 13 26.0
1 6.938337214011458 1 93.0
2 1.135311393030186 18 80.0
3 5.237030149247829 6 78.0
4 6.61386014925804 3 77.0
5 2.5193686069392274 12 58.0
6 6.52240601984361 4 55.0
7 2.0148359701405187 15 55.0
8 2.926630149247829 10 54.0
9 3.519183084589471 9 52.0
10 2.569137213909043 11 51.0
11 1.617814079576903 17 48.0
12 5.950920995030898 5 47.0
13 6.7542801492461635 2 45.0
14 4.8795601492159175 7 41.0
15 4.350582786079389 8 38.0
16 1.8601301492486855 16 38.0
17 0.6834513930227986 19 38.0
18 2.2560909452697278 13 37.0
19 0.0 20 33.0
20 2.0466601492456125 14 26.0
1 10.214008479517311 1 93.0
2 4.396378914047349 15 80.0
3 9.052478914092728 4 78.0
4 7.121085543254107 6 77.0
5 9.524041995505815 3 58.0
6 5.129942135933643 12 55.0
7 9.94749557481029 2 55.0
8 5.5050000004004325 11 54.0
9 4.148124620340195 17 52.0
10 6.904741995699599 7 51.0
11 0.5535500000676219 19 48.0
12 5.536875510757536 10 47.0
13 4.2325953077603256 16 45.0
14 0.0 20 41.0
15 3.209405524932164 18 38.0
16 5.538241995510608 9 38.0
17 4.79681557481023 13 38.0
18 8.554441995538237 5 37.0
19 4.483395574088888 14 33.0
20 5.72477199569864 8 26.0
1 7.426331813471766 1 93.0
2 3.0238224216813685 10 80.0
3 3.6518286414296504 8 78.0
4 3.9692775783186187 6 77.0
5 3.98043242168137 5 58.0
6 2.6938895735672657 13 55.0
7 4.929114107498457 2 55.0
8 2.9332855946519203 11 54.0
9 1.9865350774038086 17 52.0
10 3.4764371350944945 9 51.0
11 4.663812897004045 3 48.0
12 2.8834618003418186 12 47.0
13 2.45772512357334 15 45.0
14 1.0642999999999994 19 41.0
15 3.70135900316176 7 38.0
16 2.605645408316764 14 38.0
17 1.1550827680197784 18 38.0
18 0.0 20 37.0
19 2.3058726483369063 16 33.0
20 4.041305359112629 4 26.0
1 13.228951490597915 1 93.0
2 2.230700000554169 16 80.0
3 5.746100015597687 4 78.0
4 5.134315483662336 5 77.0
5 3.9025289944540225 13 58.0
6 4.428004827739365 7 55.0
7 6.201658135805852 2 55.0
8 1.0664999999140812 18 54.0
9 2.1991298316239294 17 52.0
10 4.353442923417345 9 51.0
11 3.424482791748601 14 48.0
12 4.629199997192356 6 47.0
13 5.85568758457966 3 45.0
14 3.2422581612473618 15 41.0
15 4.406371455760828 8 38.0
16 0.0 20 38.0
17 4.307402800071206 10 38.0
18 4.090851495441364 12 37.0
19 4.199287578215588 11 33.0
20 0.7375290003413273 19 26.0
1 6.499925085303353 1 93.0
2 3.2266252441843295 6 80.0
3 4.210467971955615 2 78.0
4 3.724815041930805 4 77.0
5 2.9880133279960983 8 58.0
6 3.4753724045568912 5 55.0
7 3.865899948507373 3 55.0
8 2.6866135724768325 9 54.0
9 0.6506276341781829 18 52.0
10 2.2707116048082128 10 51.0
11 2.1833753552010453 11 48.0
12 1.4927378563178397 15 47.0
13 1.2560013327831947 16 45.0
14 1.5208290427611726 13 41.0
15 2.1336435724768323 12 38.0
16 3.005959448958694 7 38.0
17 1.495858293210265 14 38.0
18 0.0 20 37.0
19 0.2935509846631872 19 33.0
20 0.9588371257673491 17 26.0
1 7.827407261954704 1 93.0
2 3.3294849469497585 12 80.0
3 5.861799849598857 3 78.0
4 7.265890505681233 2 77.0
5 3.6639081712562875 10 58.0
6 4.5955898479795625 6 55.0
7 3.8059462790835563 8 55.0
8 3.4246324729487387 11 54.0
9 1.829385493737042 17 52.0
10 2.5308625609496325 15 51.0
11 4.455232486032774 7 48.0
12 5.128181851870219 4 47.0
13 1.2263962211828519 19 45.0
14 2.904649727042989 14 41.0
15 4.858053047068342 5 38.0
16 3.6807468273228277 9 38.0
17 2.376308719336139 16 38.0
18 3.156317431683396 13 37.0
19 0.0 20 33.0
20 1.3461242772874127 18 26.0
1 4.714829079940045 2 93.0
2 3.1928548924495703 3 80.0
3 1.2709085983055535 13 78.0
4 3.0695776012345046 5 77.0
5 2.9285295504311946 7 58.0
6 1.7527604350957424 11 55.0
7 1.7654489388642736 10 55.0
8 2.328694635599473 9 54.0
9 1.221013056002858 14 52.0
10 1.4384032421289783 12 51.0
11 5.612999999999957 1 48.0
12 3.0212631117767934 6 47.0
13 0.0 20 45.0
14 0.6062213311039899 16 41.0
15 2.816248938864254 8 38.0
16 3.1914651494046304 4 38.0
17 0.35694956157453905 17 38.0
18 0.3115442641867292 18 37.0
19 0.6405654063597033 15 33.0
20 0.07530130861697337 19 26.0
1 8.893900815945319 2 93.0
2 4.75315462380595 9 80.0
3 7.216779022910853 4 78.0
4 5.151530922985172 7 77.0
5 9.428527254393483 1 58.0
6 5.571551294811398 6 55.0
7 4.132647686381563 13 55.0
8 4.476073830394294 11 54.0
9 3.4337929057665697 17 52.0
10 4.524700815945171 10 51.0
11 5.093652369277317 8 48.0
12 3.940811465468853 14 47.0
13 0.0 20 45.0
14 3.8553056765440887 15 41.0
15 3.7912743774967 16 38.0
16 6.171319176524036 5 38.0
17 2.330541568837275 18 38.0
18 8.458927254393565 3 37.0
19 1.8827357052093094 19 33.0
20 4.405227254393094 12 26.0
1 7.5005245116859935 2 93.0
2 5.180720938012427 4 80.0
3 9.836820938012426 1 78.0
4 4.697135435605013 7 77.0
5 3.418128185310702 11 58.0
6 5.168734491330086 5 55.0
7 2.2570561826751194 15 55.0
8 3.747021047759027 8 54.0
9 2.083659525169904 16 52.0
10 0.7988281853107035 18 51.0
11 3.572285023085657 9 48.0
12 3.491383098418682 10 47.0
13 1.3222583774334296 17 45.0
14 0.0 20 41.0
15 3.391840988205699 12 38.0
16 4.936679403034462 6 38.0
17 0.6778788173248746 19 38.0
18 6.2216502306174934 3 37.0
19 2.8822049833761234 14 33.0
20 3.2590825703481494 13 26.0
1 4.119129496456058 5 93.0
2 2.01173575206342 14 80.0
3 2.304916157215071 13 78.0
4 3.7844292418690375 7 77.0
5 7.508900441960088 1 58.0
6 3.7921968424547714 6 55.0
7 5.026284101697873 3 55.0
8 4.680783346453348 4 54.0
9 0.0 20 52.0
10 3.035997224983942 8 51.0
11 0.6673589929221353 18 48.0
12 2.4614504419375556 12 47.0
13 1.609494343432432 15 45.0
14 2.616500441963519 11 41.0
15 0.9908709998861829 16 38.0
16 2.8435457520587812 10 38.0
17 0.4938151973607843 19 38.0
18 3.0109354257781047 9 37.0
19 0.8608210621542036 17 33.0
20 6.036183346453575 2 26.0
1 7.016125482840587 2 93.0
2 6.599499999998919 3 80.0
3 3.5295463249719807 8 78.0
4 9.398628510894753 1 77.0
5 5.338462272197447 4 58.0
6 3.46673382558434 10 55.0
7 2.776757314389682 13 55.0
8 3.476028510891892 9 54.0
9 1.546479319814141 18 52.0
10 2.464533156789869 15 51.0
11 3.4500937291031204 11 48.0
12 2.637514174711889 14 47.0
13 0.0 20 45.0
14 2.8116744943783742 12 41.0
15 3.7604434322763773 7 38.0
16 4.166762272197445 6 38.0
17 1.8035573143899533 17 38.0
18 1.1278513600018534 19 37.0
19 2.4490622721985114 16 33.0
20 4.831428510895347 5 26.0
1 7.493590000001312 1 93.0
2 3.85109999999212 7 80.0
3 2.2522 13 78.0
4 5.210000000003813 5 77.0
5 1.0982250000017306 16 58.0
6 5.547700000001629 3 55.0
7 6.325300000000915 2 55.0
8 2.6869000000082406 10 54.0
9 0.31341499999924993 19 52.0
10 2.303990000001333 12 51.0
11 5.525870000001247 4 48.0
12 2.41179000000018 11 47.0
13 1.2882900000013051 15 45.0
14 3.420800000000507 8 41.0
15 5.007899999999999 6 38.0
16 0.0 20 38.0
17 1.3787449999998713 14 38.0
18 0.9302000000078787 17 37.0
19 0.8063000000037106 18 33.0
20 3.169600000001226 9 26.0
1 6.013021783198738 2 93.0
2 3.558836802651573 6 80.0
3 3.983277725671169 4 78.0
4 6.141277718897393 1 77.0
5 3.1750669762912413 9 58.0
6 1.491169090656226 17 55.0
7 3.8498099007030664 5 55.0
8 3.285089984611448 7 54.0
9 1.207274644513257 18 52.0
10 2.9840394771691945 10 51.0
11 2.2188652139486336 14 48.0
12 3.248760367792352 8 47.0
13 0.0 20 45.0
14 2.1018877914768166 15 41.0
15 4.0559396151882225 3 38.0
16 2.435987847481571 12 38.0
17 1.9659572846461093 16 38.0
18 2.816026210002338 11 37.0
19 0.7970435838977616 19 33.0
20 2.415516943027105 13 26.0
1 10.638833527112615 1 93.0
2 5.3797460577173055 11 80.0
3 6.873846310910283 4 78.0
4 7.595963381031743 3 77.0
5 3.602124107241386 17 58.0
6 4.41322410723968 15 55.0
7 6.621832321729237 5 55.0
8 8.987076321101126 2 54.0
9 4.966185851434452 13 52.0
10 6.281405184646598 7 51.0
11 5.765516762066674 9 48.0
12 5.931345851438326 8 47.0
13 0.0 20 45.0
14 5.488834105212705 10 41.0
15 3.225378214481312 18 38.0
16 4.902700000009711 14 38.0
17 6.284186911122772 6 38.0
18 4.297416611020492 16 37.0
19 5.210780143092607 12 33.0
20 0.9544782144796731 19 26.0
1 6.690397490284235 1 93.0
2 4.231227874723765 4 80.0
3 4.182713814295511 5 78.0
4 4.29498795740303 3 77.0
5 2.3768814779394996 13 58.0
6 1.6242799005562685 17 55.0
7 3.240513868398997 8 55.0
8 3.067027874723764 10 54.0
9 0.0 20 52.0
10 2.7451484782443125 12 51.0
11 2.7979381764840308 11 48.0
12 1.3384566520612606 18 47.0
13 1.6993507277299174 16 45.0
14 3.2538153905356966 7 41.0
15 5.364284717671261 2 38.0
16 3.7783992372170965 6 38.0
17 3.20431829612131 9 38.0
18 0.7933173550255255 19 37.0
19 2.060699237217107 14 33.0
20 1.9712869343899966 15 26.0
1 6.868710261726747 1 93.0
2 3.133781624745076 9 80.0
3 4.156331624745025 5 78.0
4 5.108310261726719 2 77.0
5 2.2091693983684637 12 58.0
6 4.98181026172672 3 55.0
7 3.7513516247450815 7 55.0
8 3.337719187627504 8 54.0
9 2.1226102617266487 13 52.0
10 2.091844061862842 14 51.0
11 1.1629632494901123 16 48.0
12 2.358273280081589 11 47.0
13 0.10698572739629686 19 45.0
14 1.4978194459550833 15 41.0
15 4.3403009959211865 4 38.0
16 0.7794316247450876 17 38.0
17 2.3639024371176265 10 38.0
18 0.5309008123725447 18 37.0
19 0.0 20 33.0
20 4.057502437117615 6 26.0
1 8.726142797556431 1 93.0
2 7.8396052783059496 2 80.0
3 4.379669138527696 10 78.0
4 7.751110568559298 3 77.0
5 4.278600911276852 11 58.0
6 5.089700911277638 9 55.0
7 1.8440734794162283 17 55.0
8 5.091762135036588 8 54.0
9 2.806229644579914 16 52.0
10 3.6444743187887356 15 51.0
11 3.979527159648636 13 48.0
12 5.279646047554527 5 47.0
13 1.6042739370041792 19 45.0
14 1.6058433809407204 18 41.0
15 6.020991887027687 4 38.0
16 5.147158343144055 6 38.0
17 3.653157202442087 14 38.0
18 0.0 20 37.0
19 3.9840591385280284 12 33.0
20 5.114392468799574 7 26.0
1 9.227120003924256 1 93.0
2 4.066412447543323 12 80.0
3 4.768400000006559 6 78.0
4 5.208780000001859 4 77.0
5 4.339110172749092 9 58.0
6 2.885019999872202 15 55.0
7 6.104399057942974 3 55.0
8 4.2049200000402625 11 54.0
9 0.0 20 52.0
10 3.756162447498262 13 51.0
11 3.492928573112793 14 48.0
12 2.1662740353622922 17 47.0
13 0.04574428658820873 19 45.0
14 2.0151000000081254 18 41.0
15 6.372997146230269 2 38.0
16 4.841858575081729 5 38.0
17 4.227657169765992 10 38.0
18 4.461112859673708 7 37.0
19 4.372790000006853 8 33.0
20 2.75538807065492 16 26.0
1 8.743602890162087 1 93.0
2 4.250799999998186 7 80.0
3 5.672818192480557 3 78.0
4 4.324999999997759 6 77.0
5 2.945784605780422 11 58.0
6 0.0 20 55.0
7 6.130602890175085 2 55.0
8 1.3198999999994703 16 54.0
9 3.48393604509022 10 52.0
10 4.009385763021546 8 51.0
11 2.7624857630021875 12 48.0
12 2.0280276283150607 15 47.0
13 2.1852577433630977 14 45.0
14 1.0642588716715093 18 41.0
15 5.398111468188629 4 38.0
16 5.039874605779922 5 38.0
17 2.541774605779759 13 38.0
18 0.9673663213962316 19 37.0
19 1.1511000000066867 17 33.0
20 3.5775306219675924 9 26.0
1 5.344051890610954 1 93.0
2 3.861377642830754 4 80.0
3 3.1736455698200974 8 78.0
4 4.325490518950322 3 77.0
5 3.4598031870929145 7 58.0
6 3.6274393784108687 6 55.0
7 2.3846775388027086 11 55.0
8 3.76800190802627 5 54.0
9 1.1511705956948999 19 52.0
10 1.7635096352867066 14 51.0
11 0.0 20 48.0
12 1.7512556215755777 15 47.0
13 2.463541113750381 10 45.0
14 1.6808647667164167 16 41.0
15 4.8179031870167615 2 38.0
16 2.0496618529743307 13 38.0
17 1.2098135956957785 17 38.0
18 2.8433196028525014 9 37.0
19 1.1904500771292117 18 33.0
20 2.179880397128391 12 26.0
1 4.698260625387108 4 93.0
2 2.9336704765223174 9 80.0
3 5.725143979102156 2 78.0
4 6.9173393547471385 1 77.0
5 4.031485312693475 5 58.0
6 1.2360198544891206 12 55.0
7 3.0024670902992034 8 55.0
8 3.8612973544891593 7 54.0
9 0.8036782123323165 16 52.0
10 1.019703535087765 15 51.0
11 3.9596486034571043 6 48.0
12 1.1466940417956646 13 47.0
13 0.4822973544890887 19 45.0
14 1.1178770802372966 14 41.0
15 5.3895853126934785 3 38.0
16 2.4980999999998907 11 38.0
17 0.0 20 38.0
18 2.574915481682171 10 37.0
19 0.7349715835913373 17 33.0
20 0.6259482123321263 18 26.0
1 7.2774485714790895 1 93.0
2 3.999880446040609 6 80.0
3 3.544799347964268 7 78.0
4 4.19646994283155 5 77.0
5 2.8707645225835887 11 58.0
6 2.2913191143485543 12 55.0
7 4.2927448216129305 4 55.0
8 4.612301358529873 3 54.0
9 2.2852345723542715 13 52.0
10 2.9541043690985433 10 51.0
11 3.2142599428315504 8 48.0
12 2.113103185094811 14 47.0
13 0.0 20 45.0
14 1.0308248748131137 17 41.0
15 5.236900475885008 2 38.0
16 3.0505131850948084 9 38.0
17 1.8769858877198442 15 38.0
18 0.7762221501937376 18 37.0
19 1.266015064050176 16 33.0
20 0.667003718457793 19 26.0
1 5.183532254020259 2 93.0
2 4.378717830947561 5 80.0
3 4.382749095052853 4 78.0
4 4.200708443954246 7 77.0
5 3.057780240891753 11 58.0
6 5.221002637502051 1 55.0
7 2.5539589874670754 14 55.0
8 2.896846761178483 12 54.0
9 2.8725026375017486 13 52.0
10 3.3866367611784822 10 51.0
11 3.7717506013206896 8 48.0
12 3.6980982841290624 9 47.0
13 0.0 20 45.0
14 2.088598329794729 15 41.0
15 4.43869566018951 3 38.0
16 0.8444322540206097 19 38.0
17 1.5640982841303526 16 38.0
18 1.322635248012826 17 37.0
19 0.968146761179157 18 33.0
20 4.2522467611783235 6 26.0
1 11.358979915443985 1 93.0
2 5.9241956862095595 11 80.0
3 8.847918330672677 2 78.0
4 5.998395687301197 10 77.0
5 6.238296508675179 7 58.0
6 6.125739886563122 9 55.0
7 6.506564648357255 6 55.0
8 8.422844685799884 3 54.0
9 5.719587802286157 12 52.0
10 6.140642688004739 8 51.0
11 5.612999999776582 13 48.0
12 4.503514944014526 16 47.0
13 0.0 20 45.0
14 4.522795457931053 15 41.0
15 7.59639650884871 4 38.0
16 4.902699998372321 14 38.0
17 6.675613794279849 5 38.0
18 3.9633092669560246 17 37.0
19 2.824495687476433 19 33.0
20 3.0732965087001958 18 26.0
1 9.005213497300522 1 93.0
2 5.423067195560855 9 80.0
3 7.5502024805038985 2 78.0
4 7.113795404918992 3 77.0
5 4.353683227354503 15 58.0
6 6.837342582483467 5 55.0
7 6.392213497300514 6 55.0
8 4.295075161967513 16 54.0
9 4.887867195560845 13 52.0
10 4.566720245950766 14 51.0
11 5.12857104979003 11 48.0
12 5.909568993701239 7 47.0
13 0.7898319106178944 19 45.0
14 6.902967195560867 4 41.0
15 4.008406748650242 17 38.0
16 4.909233993701239 12 38.0
17 3.8661180893821134 18 38.0
18 0.0 20 37.0
19 5.353645284942981 10 33.0
20 5.639954760048004 8 26.0
1 6.958639153997597 1 93.0
2 4.730496398857171 6 80.0
3 5.096973118466356 3 78.0
4 4.380400868313964 8 77.0
5 3.470079565843019 10 58.0
6 2.880263094203284 14 55.0
7 4.777396598300478 5 55.0
8 4.916477920245265 4 54.0
9 3.45006742016118 11 52.0
10 4.482427953512637 7 51.0
11 1.9758704341569822 17 48.0
12 3.4005588410346026 12 47.0
13 2.8105469994559282 15 45.0
14 0.0 20 41.0
15 5.7428160151711936 2 38.0
16 2.289093094203283 16 38.0
17 3.1249563067358364 13 38.0
18 1.7331844939285466 18 37.0
19 1.7273226977775589 19 33.0
20 3.709542209808553 9 26.0
1 8.08625703626874 1 93.0
2 5.9447496814746135 3 80.0
3 5.200479259068974 5 78.0
4 5.018544404466809 7 77.0
5 4.278679033839413 8 58.0
6 2.946836118886764 14 55.0
7 5.065584847299725 6 55.0
8 5.621807002493165 4 54.0
9 4.16279841515139 9 52.0
10 3.4530323558128266 11 51.0
11 6.156127796444871 2 48.0
12 1.0252323558271619 18 47.0
13 3.3318505697011194 13 45.0
14 2.922000000003518 15 41.0
15 3.691232355827397 10 38.0
16 3.3697987756779497 12 38.0
17 0.39413235582545525 19 38.0
18 2.7933949373411444 17 37.0
19 2.845049681479721 16 33.0
20 0.0 20 26.0
1 8.223486584914422 2 93.0
2 4.929436965833583 7 80.0
3 5.81349676704945 4 78.0
4 6.047792089759994 3 77.0
5 3.058200696362791 14 58.0
6 4.560851297062481 8 55.0
7 8.258908097923783 1 55.0
8 5.644375855384956 5 54.0
9 0.0 20 52.0
10 3.674675855384956 11 51.0
11 3.2666970502435575 12 48.0
12 4.999792089759992 6 47.0
13 2.4754253102546393 17 45.0
14 1.5541215143773375 19 41.0
15 4.500293812798215 9 38.0
16 3.9340596966988004 10 38.0
17 3.0619044566310376 13 38.0
18 2.0206496069384166 18 37.0
19 2.709364943417363 16 33.0
20 2.9653996536551848 15 26.0
1 14.504006729069811 1 93.0
2 3.130200000000052 18 80.0
3 9.850620136046274 12 78.0
4 12.498114729069705 2 77.0
5 10.673222729069813 6 58.0
6 9.660950136048026 13 55.0
7 10.87283472906878 5 55.0
8 11.223100675579243 4 54.0
9 9.096119732558039 14 52.0
10 10.112814729070058 9 51.0
11 7.613199999999242 15 48.0
12 10.06127973255821 10 47.0
13 2.0002000000002376 19 45.0
14 0.0 20 41.0
15 11.296882702326368 3 38.0
16 10.283260729069788 7 38.0
17 9.899634729069998 11 38.0
18 6.3724006755818445 17 37.0
19 7.172945134884974 16 33.0
20 10.224298729069789 8 26.0
1 8.4378741504261 1 93.0
2 5.643739331485392 3 80.0
3 5.52267286908808 4 78.0
4 2.5709959331497863 16 77.0
5 4.939686713078327 6 58.0
6 6.1972403899824045 2 55.0
7 3.5181867131060804 12 55.0
8 4.479539331490462 9 54.0
9 2.8313040668643774 15 52.0
10 3.2586128412352986 14 51.0
11 2.0117128412371965 17 48.0
12 4.759506629536947 7 47.0
13 0.0 20 45.0
14 1.5222293871865928 18 41.0
15 5.269595933201071 5 38.0
16 3.552667632307344 11 38.0
17 3.5017079108811773 13 38.0
18 4.482867632324671 8 37.0
19 0.5527462952735629 19 33.0
20 3.8368462952807 10 26.0
1 5.954107667773831 1 93.0
2 3.699303847764048 5 80.0
3 4.171027299479482 3 78.0
4 5.6238182192051 2 77.0
5 3.2318294514312496 9 58.0
6 3.633673112281952 6 55.0
7 3.487083357929981 8 55.0
8 3.9265551142682336 4 54.0
9 1.356207375786254 18 52.0
10 2.8146619062826184 10 51.0
11 2.2394940532825185 12 48.0
12 2.6164550388661425 11 47.0
13 0.0 20 45.0
14 1.0449769770302204 19 41.0
15 3.5417073798574794 7 38.0
16 1.6570851678024245 14 38.0
17 1.4421881244134334 16 38.0
18 1.4221769175913348 17 37.0
19 1.5486494136500337 15 33.0
20 1.779921545604854 13 26.0
1 7.754224754291939 1 93.0
2 4.435755464439528 9 80.0
3 6.54898987623287 3 78.0
4 7.008344385827355 2 77.0
5 5.004246609845865 7 58.0
6 2.1767000000000047 17 55.0
7 4.88161349023128 8 55.0
8 6.315562281428226 4 54.0
9 4.33398647772799 10 52.0
10 2.823357066521982 14 51.0
11 1.549656659501811 18 48.0
12 3.5404860812539507 11 47.0
13 2.203310674027768 15 45.0
14 0.20311067402776084 19 41.0
15 5.7374302848197125 5 38.0
16 3.4151247542919334 12 38.0
17 5.046128872933876 6 38.0
18 0.0 20 37.0
19 2.1973098013762082 16 33.0
20 2.9477887716547118 13 26.0
1 6.009256150235322 2 93.0
2 6.5995000000019015 1 80.0
3 3.0651766666693465 7 78.0
4 1.8624689201895288 15 77.0
5 3.691336009389354 5 58.0
6 2.5049355868564875 10 55.0
7 3.260402253522469 6 55.0
8 2.9111123004687696 8 54.0
9 2.4937189201891363 11 52.0
10 0.03441058685602716 19 51.0
11 4.186135586855802 4 48.0
12 1.8821177464770924 14 47.0
13 0.0 20 45.0
14 0.378035586853823 17 41.0
15 4.311202253524513 3 38.0
16 2.7370020187828366 9 38.0
17 0.3535705868565806 18 38.0
18 2.351817793427734 12 37.0
19 1.8843912464810155 13 33.0
20 1.3362000000102119 16 26.0
1 8.982126403881935 2 93.0
2 10.505724226269583 1 80.0
3 3.9228989457590253 8 78.0
4 6.6230474926881655 4 77.0
5 0.7848099999999913 17 58.0
6 5.2728053150757574 6 55.0
7 5.571352645572923 5 55.0
8 3.2446680244615838 12 54.0
9 0.0 20 52.0
10 7.30972640388193 3 51.0
11 1.0195526455729826 16 48.0
12 4.8819264038819075 7 47.0
13 3.9062242262696274 9 45.0
14 2.0024162177612315 14 41.0
15 3.603211831959593 11 38.0
16 0.5459989457591115 19 38.0
17 1.368414789949465 15 38.0
18 3.8976319755383817 10 37.0
19 0.7748247181600307 18 33.0
20 2.7326484339271753 13 26.0
1 6.1524006867160335 1 93.0
2 2.9299422113351934 8 80.0
3 3.478451030074053 6 78.0
4 4.225739224501455 3 77.0
5 2.6463392245013706 9 58.0
6 1.3675550807573844 15 55.0
7 3.3935134339233715 7 55.0
8 4.16714878387593 4 54.0
9 0.0 20 52.0
10 1.9585123205260522 11 51.0
11 2.1222205431827006 10 48.0
12 4.995643200511642 2 47.0
13 1.5196628356467228 14 45.0
14 0.5969418430907667 18 41.0
15 3.979333880947585 5 38.0
16 1.9582390993453118 12 38.0
17 1.7028977486004724 13 38.0
18 0.7974527993688694 16 37.0
19 0.23455123753980134 19 33.0
20 0.7767921060990639 17 26.0
1 7.922470491818562 1 93.0
2 4.240750001025145 9 80.0
3 7.446396065143801 3 78.0
4 7.536397377868633 2 77.0
5 5.7690311489619175 6 58.0
6 7.256726065946275 4 55.0
7 0.5265000001984208 19 55.0
8 4.6764704920486215 8 54.0
9 1.1697704920038055 17 52.0
10 3.930499995160508 10 51.0
11 1.8202500001964212 14 48.0
12 6.172726065748603 5 47.0
13 3.3131260657864114 13 45.0
14 1.2667000002091324 16 41.0
15 1.5773000002617334 15 38.0
16 0.0 20 38.0
17 3.776460985106849 11 38.0
18 0.9302000012235587 18 37.0
19 3.4296704929591475 12 33.0
20 4.878626065754508 7 26.0
1 5.469858553766227 10 93.0
2 5.696628553768058 8 80.0
3 2.7313000000005467 16 78.0
4 8.174953352506087 1 77.0
5 5.845466982782824 7 58.0
6 6.386480488296845 6 55.0
7 7.037175504882962 3 55.0
8 6.573809029075867 5 54.0
9 4.452765697208687 15 52.0
10 4.914877569852687 13 51.0
11 0.0 20 48.0
12 5.504917196392412 9 47.0
13 0.7969656971916059 19 45.0
14 4.7072802441514865 14 41.0
15 6.723567107527703 4 38.0
16 7.455889177550035 2 38.0
17 5.234037569868717 12 38.0
18 1.334565697194455 18 37.0
19 5.4619407852397615 11 33.0
20 2.2329799999968234 17 26.0
1 12.018334412989056 1 93.0
2 5.91488319633008 12 80.0
3 8.126209166325756 5 78.0
4 8.198094954184242 4 77.0
5 7.014066114754298 9 58.0
6 7.880852640537228 6 55.0
7 5.39074558701613 14 55.0
8 8.559195692104424 3 54.0
9 0.36426000000038883 18 52.0
10 6.529508825956413 10 51.0
11 7.859022640538505 7 48.0
12 7.3143595889592525 8 47.0
13 5.052444738758788 15 45.0
14 3.1085300000000036 17 41.0
15 10.229954216244689 2 38.0
16 0.0 20 38.0
17 5.537171174023977 13 38.0
18 3.9998599999983133 16 37.0
19 6.261922955839593 11 33.0
20 0.18652999999984132 19 26.0
1 6.779579391990384 1 93.0
2 3.7862629895800035 5 80.0
3 3.5672881876364873 7 78.0
4 3.814068044718419 4 77.0
5 2.7300743978295365 8 58.0
6 2.3636284061800326 9 55.0
7 4.403832999180461 2 55.0
8 4.072536706772182 3 54.0
9 0.7337369256292656 16 52.0
10 2.1759179968601154 10 51.0
11 1.6195656186399134 11 48.0
12 1.4177288754626238 12 47.0
13 0.7260272599885673 17 45.0
14 0.0748138179171356 18 41.0
15 3.674662777320333 6 38.0
16 0.001929092254899345 19 38.0
17 0.8257813480753844 15 38.0
18 0.8709215922816931 14 37.0
19 1.353067384486111 13 33.0
20 0.0 20 26.0
1 13.108551890728826 1 93.0
2 6.102667162994738 13 80.0
3 8.274215521534737 5 78.0
4 8.666280674230627 3 77.0
5 7.07215396891276 9 58.0
6 7.135233772258387 8 55.0
7 5.464099999999979 17 55.0
8 8.00658974290921 6 54.0
9 4.933929103164607 18 52.0
10 6.036889742909264 14 51.0
11 7.020409855258418 10 48.0
12 7.419983094096041 7 47.0
13 4.42074935818552 19 45.0
14 5.650395050616037 16 41.0
15 8.8422538893747 2 38.0
16 8.281461874321607 4 38.0
17 5.65080716299481 15 38.0
18 6.921981943960804 11 37.0
19 0.0 20 33.0
20 6.6053297581926715 12 26.0
1 7.1214450973360375 1 93.0
2 2.272287072050995 13 80.0
3 4.878143355338545 5 78.0
4 5.9069999999999965 2 77.0
5 3.355704289622776 7 58.0
6 2.348499999999995 11 55.0
7 5.194070742595846 4 55.0
8 5.208892937804453 3 54.0
9 0.0 20 52.0
10 2.4325042750933714 10 51.0
11 0.8560392899830922 17 48.0
12 3.2660524560082025 9 47.0
13 0.6569505791176264 18 45.0
14 2.212932391775374 14 41.0
15 4.250357802896701 6 38.0
16 1.183713745513165 15 38.0
17 2.2756732363194754 12 38.0
18 0.19353041897533663 19 37.0
19 3.3133507497170647 8 33.0
20 0.9516631810170428 16 26.0
1 11.638056668613572 1 93.0
2 7.170149999736165 7 80.0
3 8.7830899907813 4 78.0
4 8.833359999992819 3 77.0
5 6.136990009940653 13 58.0
6 6.948089997154562 8 55.0
7 10.863379999996358 2 55.0
8 6.239379997886065 12 54.0
9 2.92636000001006 19 52.0
10 6.85990000011582 10 51.0
11 5.612999999960372 14 48.0
12 3.891519999992456 17 47.0
13 0.0 20 45.0
14 4.039950000849639 16 41.0
15 6.915023335280241 9 38.0
16 7.518859999960511 5 38.0
17 6.252920000594081 11 38.0
18 7.461090001946974 6 37.0
19 3.2475899970908655 18 33.0
20 4.1153799999972005 15 26.0
1 6.424028920727386 1 93.0
2 4.345323056447774 4 80.0
3 2.885164559290113 9 78.0
4 6.372538923107509 2 77.0
5 2.570654502894281 10 58.0
6 3.3817545028942573 8 55.0
7 4.72034961283544 3 55.0
8 4.204526229779725 5 54.0
9 0.46553892310750555 17 52.0
10 3.905862057864865 7 51.0
11 0.6645216188154273 16 48.0
12 2.3238289207273986 11 47.0
13 0.9389976976176484 14 45.0
14 1.9600722496516707 12 41.0
15 3.9346787155857927 6 38.0
16 1.0721613740486573 13 38.0
17 0.3821689945022766 18 38.0
18 0.11238843666929199 19 37.0
19 0.0 20 33.0
20 0.7257964462075985 15 26.0
1 3.336537462588461 13 93.0
2 3.5633074625883 11 80.0
3 5.034275308336296 5 78.0
4 1.5761374625884272 18 77.0
5 5.860051420818077 3 58.0
6 6.665990756454775 2 55.0
7 4.377485576386009 7 55.0
8 5.348667406676702 4 54.0
9 3.5603274757445855 12 52.0
10 3.0003000000002964 16 51.0
11 2.7111141325439068 17 48.0
12 4.5378267324456685 6 47.0
13 1.1269830027954182 19 45.0
14 3.7969741325440274 9 41.0
15 4.181923392534492 8 38.0
16 7.113824116099236 1 38.0
17 3.1703215326428316 14 38.0
18 0.0 20 37.0
19 3.0046141325440607 15 33.0
20 3.615503364578688 10 26.0
1 10.161063855165636 1 93.0
2 5.44969890192547 7 80.0
3 5.899100349834041 5 78.0
4 5.906999999999419 4 77.0
5 4.774205399699628 11 58.0
6 4.849501325574499 10 55.0
7 6.853535176858337 2 55.0
8 4.285498901925536 13 54.0
9 0.0 20 52.0
10 4.330574450962822 12 51.0
11 2.2785174742907945 19 48.0
12 3.6815174742905894 15 47.0
13 5.001591927583054 8 45.0
14 3.1917108762681794 17 41.0
15 5.99173080595643 3 38.0
16 4.258331325574518 14 38.0
17 4.934501378545777 9 38.0
18 2.9591174157985662 18 37.0
19 3.317473377044642 16 33.0
20 5.6408989019255245 6 26.0
1 5.891813158296335 1 93.0
2 2.5806006711113167 6 80.0
3 2.3552870790229257 7 78.0
4 5.174367145555884 2 77.0
5 2.1069966901280734 10 58.0
6 2.9085317390259893 5 55.0
7 0.6393805405960227 16 55.0
8 3.9895290494246702 3 54.0
9 1.5665518663262157 11 52.0
10 1.3218861184157462 13 51.0
11 2.1700077098729653 8 48.0
12 3.2288945509159337 4 47.0
13 0.0 20 45.0
14 0.7314222389778213 15 41.0
15 1.2556990464171478 14 38.0
16 2.135512541540439 9 38.0
17 0.21636519700433898 18 38.0
18 0.2138758045188025 19 37.0
19 0.23702800908074662 17 33.0
20 1.3888218311792284 12 26.0
1 7.2384608165503295 1 93.0
2 2.0832525013439005 16 80.0
3 6.739352501344992 2 78.0
4 5.184509083241243 6 77.0
5 4.730947816483963 8 58.0
6 5.210827656104914 5 55.0
7 6.613327296683168 3 55.0
8 4.878869083242424 7 54.0
9 2.5940692225871036 14 52.0
10 2.3845584498626584 15 51.0
11 4.311952410510292 10 48.0
12 4.233793355539814 11 47.0
13 0.0 20 45.0
14 3.6539272966837415 13 41.0
15 3.8680886609897467 12 38.0
16 4.532135916346385 9 38.0
17 1.6784999999988983 18 38.0
18 6.431652455928775 4 37.0
19 1.8503584498624384 17 33.0
20 1.6336183175959964 19 26.0
1 6.163694888509395 2 93.0
2 5.035587059306874 5 80.0
3 2.4373995049219337 12 78.0
4 6.951240173070136 1 77.0
5 5.212743813111658 4 58.0
6 4.6484226120231895 6 55.0
7 2.6253247339752503 11 55.0
8 4.30637289224944 7 54.0
9 0.7799995049218809 18 52.0
10 2.743021311312778 10 51.0
11 3.2449533181774557 9 48.0
12 5.568723813111357 3 47.0
13 0.3555940169616294 19 45.0
14 0.0 20 41.0
15 3.6891142745615992 8 38.0
16 1.863388672999917 14 38.0
17 0.8386425049222326 17 38.0
18 2.344685457630976 13 37.0
19 1.388330009842202 16 33.0
20 1.6384948885095778 15 26.0
1 6.503260303480722 2 93.0
2 4.110521430727772 5 80.0
3 3.779493116770793 9 78.0
4 6.581203028185293 1 77.0
5 2.755112660638435 13 58.0
6 3.903773980850566 8 55.0
7 2.964461640719251 12 55.0
8 4.483161741551784 4 54.0
9 1.3513271163630631 17 52.0
10 2.4234946398573083 16 51.0
11 3.938775187709018 7 48.0
12 3.4859825605720554 10 47.0
13 0.744317290426455 19 45.0
14 3.385225175932981 11 41.0
15 4.036362866674632 6 38.0
16 4.863887874566151 3 38.0
17 2.6848175617788512 14 38.0
18 2.4755479630033266 15 37.0
19 1.2880866771050328 18 33.0
20 0.0 20 26.0
1 4.492799999992124 6 93.0
2 0.4596812104559431 18 80.0
3 4.4766818715803725 7 78.0
4 7.274726589766548 2 77.0
5 2.4828513412512674 12 58.0
6 4.080907665878251 8 55.0
7 6.594161970261472 3 55.0
8 7.590381970267698 1 54.0
9 0.9110850166412776 16 52.0
10 2.886131159325575 11 51.0
11 1.1150825493388092 14 48.0
12 0.45833115932757096 19 47.0
13 0.5393174506526388 17 45.0
14 3.462095695598802 10 41.0
15 4.984417450646312 5 38.0
16 6.523881970266505 4 38.0
17 0.9697280166398565 15 38.0
18 3.925922020212665 9 37.0
19 0.0 20 33.0
20 1.8755174506185623 13 26.0
1 9.186247630460702 1 93.0
2 6.442229997539551 4 80.0
3 4.8187649178134775 11 78.0
4 5.400247624860514 10 77.0
5 6.85713509583343 2 58.0
6 2.348499996944337 17 55.0
7 4.795463557645849 12 55.0
8 6.230485415063007 5 54.0
9 0.0 20 52.0
10 6.131979997616922 6 51.0
11 4.372255082069195 13 48.0
12 5.775255083040541 8 47.0
13 3.4734116949414333 15 45.0
14 2.0150999874961615 18 41.0
15 5.69839999939351 9 38.0
16 6.712665078877736 3 38.0
17 5.990369997598819 7 38.0
18 0.048147623169159104 19 37.0
19 3.342529997730076 16 33.0
20 4.370809816231009 14 26.0
1 5.78842983790976 3 93.0
2 1.1975837990932636 16 80.0
3 4.03873679528938 4 78.0
4 3.4986287341278626 8 77.0
5 0.9994298379318214 17 58.0
6 0.7860466668219939 18 55.0
7 8.011229837928324 1 55.0
8 3.723850834514534 6 54.0
9 0.049964599528981246 19 52.0
10 1.937677808680828 13 51.0
11 2.1930837991013146 12 48.0
12 3.5960837990915735 7 47.0
13 0.0 20 45.0
14 1.4042508038839239 14 41.0
15 3.8478825322272074 5 38.0
16 2.332406818512932 11 38.0
17 7.03802983792904 2 38.0
18 2.7167367952884014 9 37.0
19 2.511062801017645 10 33.0
20 1.2632298379324307 15 26.0
1 4.6224482624753644 1 93.0
2 2.7160789460018675 6 80.0
3 0.9895299367240417 14 78.0
4 2.1069445946952152 9 77.0
5 0.5275445946952164 17 58.0
6 0.7998599367240371 16 55.0
7 2.892433686071069 5 55.0
8 2.71446392993238 7 54.0
9 0.8486094145512892 15 52.0
10 1.7870429781368886 10 51.0
11 0.0 20 48.0
12 2.273417276139811 8 47.0
13 0.30972588023975756 18 45.0
14 1.0259628388796638 13 41.0
15 3.7646255904718315 2 38.0
16 3.1479106000579815 4 38.0
17 1.2241133990679245 11 38.0
18 0.20918602371022965 19 37.0
19 1.0302322541141065 12 33.0
20 3.361258454034644 3 26.0
1 10.55109986822513 1 93.0
2 6.5995000000001935 11 80.0
3 6.519568760220861 12 78.0
4 8.01329999999903 7 77.0
5 8.497069954021779 5 58.0
6 6.7880593916045635 10 55.0
7 4.441087020833201 18 55.0
8 8.566120022992868 3 54.0
9 4.719044988505779 16 52.0
10 7.701530976225244 8 51.0
11 6.172629977011714 13 48.0
12 7.363973116155983 9 47.0
13 0.0 20 45.0
14 4.661159391605359 17 41.0
15 8.50378482758285 4 38.0
16 8.330937046193156 6 38.0
17 5.798535709951239 14 38.0
18 3.717749186119995 19 37.0
19 5.607669954014257 15 33.0
20 8.891769954021779 2 26.0
1 6.881415494193987 1 93.0
2 3.0280078058619413 7 80.0
3 3.722799428287945 4 78.0
4 5.186515235088937 2 77.0
5 2.575859814878455 11 58.0
6 2.91001325830125 9 55.0
7 3.071420789457349 6 55.0
8 4.660892179323847 3 54.0
9 0.244793159718514 18 52.0
10 2.691192180450321 10 51.0
11 0.7519036496454052 17 48.0
12 1.4457283517781592 13 47.0
13 0.0 20 45.0
14 0.09079034370131245 19 41.0
15 3.5252410366522353 5 38.0
16 2.4053034760189926 12 38.0
17 1.2851427504855533 14 38.0
18 0.9886869310586546 15 37.0
19 0.7684589952032999 16 33.0
20 3.0166260420004094 8 26.0
1 8.403656000001565 3 93.0
2 7.513174380952894 4 80.0
3 12.169274380953642 1 78.0
4 8.926974380953641 2 77.0
5 2.833203428572127 12 58.0
6 2.1774560000050736 16 55.0
7 5.79065599999917 5 55.0
8 2.7357667619044865 14 54.0
9 2.807167238093463 13 52.0
10 2.5708939999986575 15 51.0
11 4.49723152381083 7 48.0
12 3.4807553333358405 9 47.0
13 1.5801980000003182 17 45.0
14 4.3829743809548 8 41.0
15 4.654155333334162 6 38.0
16 2.834856000001718 11 38.0
17 0.3367560000009977 18 38.0
18 0.0007560000002539979 19 37.0
19 0.0 20 33.0
20 3.3603020000060124 10 26.0
1 2.8389584076442698 10 93.0
2 3.4654539762242647 9 80.0
3 3.6133942777401327 7 78.0
4 1.0785584075941554 17 77.0
5 3.5181230057480404 8 58.0
6 1.0504008235247304 18 55.0
7 2.726358405508193 12 55.0
8 8.189867911129756 1 54.0
9 2.73331302118711 11 52.0
10 1.8969816120419214 16 51.0
11 4.057713005747828 3 48.0
12 3.622371242700913 6 47.0
13 0.0 20 45.0
14 3.7774212450140827 4 41.0
15 3.7771584081254166 5 38.0
16 2.1998584075148613 15 38.0
17 2.235228022126633 14 38.0
18 2.5352885218584342 13 37.0
19 4.077614577796495 2 33.0
20 0.8554212444652052 19 26.0
1 6.7568877797238445 1 93.0
2 2.942420697370598 6 80.0
3 3.2406832140237114 4 78.0
4 1.7342999999997866 10 77.0
5 2.0920302196049483 8 58.0
6 4.079088429729972 2 55.0
7 1.2749245078217255 13 55.0
8 1.7524961121065705 9 54.0
9 0.22965570536330127 17 52.0
10 1.5147220424962822 11 51.0
11 3.266359079736371 3 48.0
12 2.448010219605134 7 47.0
13 0.18684805605309407 19 45.0
14 0.0 20 41.0
15 3.023409079736111 5 38.0
16 0.23140491464406976 16 38.0
17 1.3269408295273633 12 38.0
18 0.19081920407840292 18 37.0
19 0.5274636957675869 15 33.0
20 0.7855566152651736 14 26.0
1 8.345264666659116 2 93.0
2 2.9209000000678547 17 80.0
3 6.445491705706232 5 78.0
4 6.584864666680043 3 77.0
5 3.572659764686185 15 58.0
6 4.82984170589218 11 55.0
7 8.443041705894679 1 55.0
8 4.896131333331632 10 54.0
9 4.399197999780316 13 52.0
10 6.040798000051323 6 51.0
11 5.723598000082539 7 48.0
12 5.328591705934682 9 47.0
13 2.032589235347872 18 45.0
14 5.483641705883045 8 41.0
15 6.584698000051323 4 38.0
16 3.8019165882539108 14 38.0
17 3.1686497648837935 16 38.0
18 0.0 20 37.0
19 0.9527082941137532 19 33.0
20 4.657980470628991 12 26.0
1 5.914784675001318 1 93.0
2 3.084953882687441 5 80.0
3 4.391881072878711 3 78.0
4 5.75177033076702 2 77.0
5 2.2365803046821275 10 58.0
6 2.7612554208285616 6 55.0
7 3.2613897443486963 4 55.0
8 1.686150609364256 12 54.0
9 1.16868467500132 16 52.0
10 2.0457130711241405 11 51.0
11 1.5696771851595963 13 48.0
12 1.2312554866757306 15 47.0
13 0.9707444487071695 18 45.0
14 0.8256913717849101 19 41.0
15 2.2706693500026423 9 38.0
16 2.517234478878026 7 38.0
17 1.0381760367349109 17 38.0
18 1.3317087062754718 14 37.0
19 0.0 20 33.0
20 2.51493502031655 8 26.0
1 7.239171361078769 2 93.0
2 2.506594694413199 15 80.0
3 3.5870573847031793 10 78.0
4 7.910398453319052 1 77.0
5 3.463204694413499 11 58.0
6 4.8526629640019365 6 55.0
7 6.982853942631698 3 55.0
8 5.155330078740267 4 54.0
9 0.0 20 52.0
10 1.8569380277468321 17 51.0
11 0.6100380277465347 19 48.0
12 2.7484599212597924 13 47.0
13 4.179202964005006 7 45.0
14 3.8346201574816123 8 41.0
15 2.864122564680767 12 38.0
16 3.685869921260449 9 38.0
17 5.083573453319053 5 38.0
18 1.2739333689528984 18 37.0
19 2.1356300787398625 16 33.0
20 2.624585821146578 14 26.0
1 5.294804212677076 1 93.0
2 2.939743628147526 5 80.0
3 1.368354595575565 15 78.0
4 3.551885712347545 3 77.0
5 1.289799432610443 16 58.0
6 2.287327458560415 9 55.0
7 2.3182874674503964 8 55.0
8 2.701416928317766 7 54.0
9 0.5049894326104956 18 52.0
10 1.5062082129590093 12 51.0
11 3.2453994326104514 4 48.0
12 2.8962678619335747 6 47.0
13 0.9850172213661448 17 45.0
14 2.102968502500994 10 41.0
15 3.8191077135346547 2 38.0
16 1.4956769665118599 13 38.0
17 1.9771750650991664 11 38.0
18 0.0 20 37.0
19 0.17870975854069404 19 33.0
20 1.43514507155868 14 26.0
1 6.532830170268447 1 93.0
2 4.627189014605456 5 80.0
3 4.6300943104659655 4 78.0
4 5.727021170938863 3 77.0
5 3.977608842454376 8 58.0
6 4.032201677064357 7 55.0
7 2.6429987769097094 15 55.0
8 3.441476058393216 9 54.0
9 1.289485088930416 18 52.0
10 3.3417211709388583 11 51.0
11 3.3826371385926057 10 48.0
12 5.946831023141154 2 47.0
13 0.0 20 45.0
14 1.7622709216213714 17 41.0
15 4.457815006696611 6 38.0
16 2.6786052420433237 14 38.0
17 2.7503991624568376 13 38.0
18 1.1727371023331727 19 37.0
19 1.7625940024556017 16 33.0
20 3.3091138714808377 12 26.0
