1 2.161824020231972 9 84.0
2 3.680665596058244 3 63.0
3 3.10263098718061 5 55.0
4 5.90004745094617 1 54.0
5 3.4273255960582554 4 54.0
6 2.341934151042122 8 53.0
7 0.9272727862562204 16 51.0
8 2.6793339905816733 7 49.0
9 1.7000741510421182 11 47.0
10 0.5649479244789382 17 43.0
11 0.0 18 42.0
12 1.4258676480334636 12 41.0
13 1.2468537411703724 14 39.0
14 1.2563140498822571 13 36.0
15 1.9047920755210621 10 36.0
16 4.362930987180606 2 33.0
17 2.83970641667395 6 31.0
18 1.0668839609313518 15 22.0
1 6.103809615734105 2 84.0
2 2.4746806389077283 13 63.0
3 3.9946525494483436 7 55.0
4 6.956179197788072 1 54.0
5 4.085251170915549 6 54.0
6 5.313514975636286 3 53.0
7 1.6182096157341082 15 51.0
8 2.935556944773851 11 49.0
9 4.119263361334021 5 47.0
10 2.7047999999999983 12 43.0
11 3.4636079164814375 8 42.0
12 2.146872034791138 14 41.0
13 0.9932563252225219 17 39.0
14 3.069378857459931 9 36.0
15 0.0 18 36.0
16 3.0525220347911386 10 33.0
17 4.306965520094385 4 31.0
18 1.58800328025398 16 22.0
1 5.0553730852738905 2 84.0
2 2.636475428111794 11 63.0
3 2.2212288133113893 16 55.0
4 4.550021383916885 4 54.0
5 2.3446241738187026 14 54.0
6 7.278136217826555 1 53.0
7 4.028936217826551 5 51.0
8 3.037090000000004 7 49.0
9 2.8326729195256117 9 47.0
10 5.0509362178265516 3 43.0
11 2.5325000000000033 12 42.0
12 2.6397626441158133 10 41.0
13 0.0 18 39.0
14 0.9237822951796648 17 36.0
15 2.938374625446951 8 36.0
16 2.4192047923176045 13 33.0
17 3.2742150143984916 6 31.0
18 2.3170650804743946 15 22.0
1 5.935483775801735 2 84.0
2 2.391781309904422 12 63.0
3 4.139151712361299 5 55.0
4 6.261788943174353 1 54.0
5 2.6836886657752697 9 54.0
6 3.417644110545818 7 53.0
7 2.1114356314840057 13 51.0
8 3.9981095506068756 6 49.0
9 2.7757841105470114 8 47.0
10 1.4391708152356797 15 43.0
11 1.0715341368419022 16 42.0
12 4.6941917123615315 4 41.0
13 0.0 18 39.0
14 2.0613947712427687 14 36.0
15 2.561068273683581 11 36.0
16 5.5998417123614885 3 33.0
17 2.6267917123614857 10 31.0
18 0.3529950479236672 17 22.0
1 4.4513204164407645 5 84.0
2 3.938711242104309 8 63.0
3 3.9690625993332653 7 55.0
4 4.010899999999999 6 54.0
5 4.468177635175959 4 54.0
6 6.606233181552366 2 53.0
7 1.2134736931858683 15 51.0
8 3.7102812469849833 9 49.0
9 3.516562367158666 10 47.0
10 1.0988127154197187 17 43.0
11 2.1287745691601723 12 42.0
12 2.1067951210006832 13 41.0
13 1.1445124832471403 16 39.0
14 1.3971872845802746 14 36.0
15 3.4627712421061205 11 36.0
16 6.15326790563222 3 33.0
17 8.098767905632535 1 31.0
18 0.0 18 22.0
1 4.962481977240391 1 84.0
2 1.1005883581642757 11 63.0
3 2.2733313715654955 8 55.0
4 4.356281472386604 3 54.0
5 2.6675013715653786 6 54.0
6 4.8953686449053135 2 53.0
7 0.7817264235981172 13 51.0
8 2.832976777470038 4 49.0
9 2.6820441790821348 5 47.0
10 0.6547814723865062 14 43.0
11 0.5447324820942834 15 42.0
12 2.6342686449052968 7 41.0
13 0.0 18 39.0
14 0.05492389758181915 17 36.0
15 0.928592537246338 12 36.0
16 1.4657825372464026 10 33.0
17 1.6412900586458914 9 31.0
18 0.21202333882361835 16 22.0
1 6.799016538461542 1 84.0
2 1.325082948717926 15 63.0
3 3.961892948717929 8 55.0
4 6.263739743589847 3 54.0
5 6.709785769230713 2 54.0
6 3.110019871794834 10 53.0
7 0.0 18 51.0
8 0.9759099999999332 16 49.0
9 5.405295769230716 5 47.0
10 2.5735238461538543 11 43.0
11 2.0731929487176983 13 42.0
12 0.40779294871792704 17 41.0
13 2.0266461538460963 14 39.0
14 4.001844999999937 7 36.0
15 4.67734615384612 6 36.0
16 3.539805384615336 9 33.0
17 5.485305384615343 4 31.0
18 2.229499999999719 12 22.0
1 5.490318945881625 1 84.0
2 0.6413765050849108 13 63.0
3 1.6414565694126653 8 55.0
4 1.6574211932930212 7 54.0
5 1.983882579569325 5 54.0
6 2.623339199765346 3 53.0
7 1.6894723865860644 6 51.0
8 1.012001739340755 11 49.0
9 1.0949044729407993 10 47.0
10 0.0854534786815202 16 43.0
11 0.6722265361744516 12 42.0
12 0.13464871471693107 15 41.0
13 0.053009461380261635 17 39.0
14 5.191278483552244 2 36.0
15 0.0 18 36.0
16 1.6332036499871299 9 33.0
17 0.433156505084908 14 31.0
18 2.1142784835522463 4 22.0
1 3.324276388576516 6 84.0
2 2.714598186499394 8 63.0
3 3.5533194370401313 4 55.0
4 6.518203610558162 1 54.0
5 0.9117914448281306 14 54.0
6 3.625981206836702 3 53.0
7 0.0823330134143121 15 51.0
8 1.2084981864990343 12 49.0
9 1.186064707486002 13 47.0
10 0.0 18 43.0
11 1.7547998156644353 11 42.0
12 0.027693999999980345 17 41.0
13 0.030197747295819255 16 39.0
14 3.957712585028115 2 36.0
15 3.260831877542219 7 36.0
16 1.8555069965388558 10 33.0
17 3.497082585028122 5 31.0
18 2.401153292514064 9 22.0
1 6.44933333333333 10 84.0
2 3.8653059166665735 13 63.0
3 6.238415916666682 11 55.0
4 10.263085916666675 1 54.0
5 6.632585916666653 9 54.0
6 9.897286291666553 2 53.0
7 6.664405916666943 8 51.0
8 8.051185916666684 6 49.0
9 8.973044791666473 4 47.0
10 9.800294791666719 3 43.0
11 8.232866666666771 5 42.0
12 0.0 18 41.0
13 1.5907333333333202 15 39.0
14 3.0172859166667108 14 36.0
15 3.9142666666667036 12 36.0
16 0.4240333333333446 17 33.0
17 7.750566666666628 7 31.0
18 1.0678333333333363 16 22.0
1 10.161949024074772 1 84.0
2 5.887098779021462 4 63.0
3 5.397881732588202 8 55.0
4 7.139227558030138 2 54.0
5 5.576693662940927 6 54.0
6 5.381800000002894 9 53.0
7 4.969316685300797 11 51.0
8 2.589322312984023 16 49.0
9 5.659792355980037 5 47.0
10 3.451728529665145 13 43.0
11 5.006844746345471 10 42.0
12 3.162627558041425 14 41.0
13 4.665523327600259 12 39.0
14 3.0357498796220694 15 36.0
15 0.0 18 36.0
16 5.560441109198753 7 33.0
17 6.644809969908469 3 31.0
18 1.0331060963030443 17 22.0
1 3.813947006938532 1 84.0
2 1.7508936225588356 7 63.0
3 1.871441225157578 6 55.0
4 3.063172850478834 4 54.0
5 1.2268072998470874 9 54.0
6 3.445356243622133 3 53.0
7 0.4826753906123933 14 51.0
8 1.686922628373439 8 49.0
9 3.8072374981807426 2 47.0
10 0.6964905235558819 13 43.0
11 0.3268693647015255 15 42.0
12 0.7241845235555794 12 41.0
13 0.7594953906111283 11 39.0
14 0.21029401387576763 16 36.0
15 0.13557633625462406 17 36.0
16 1.1104971665427819 10 33.0
17 2.5111070332337837 5 31.0
18 0.0 18 22.0
1 4.656948414503479 3 84.0
2 3.1128712836926886 10 63.0
3 3.7430883528345325 4 55.0
4 5.352631286218999 2 54.0
5 3.6153000000000013 5 54.0
6 6.157741285418922 1 53.0
7 1.4417502484758364 15 51.0
8 3.351341028330646 8 49.0
9 3.3556623382417934 7 47.0
10 2.4830963014749785 13 43.0
11 2.7025620346735915 12 42.0
12 2.8910392019472577 11 41.0
13 0.937028236753211 17 39.0
14 0.0 18 36.0
15 3.299043899689427 9 36.0
16 1.5830206195625653 14 33.0
17 3.415860920638658 6 31.0
18 1.4244605873035614 16 22.0
1 6.14080053366704 1 84.0
2 5.480081315483702 3 63.0
3 3.196673567256682 8 55.0
4 6.057428370380179 2 54.0
5 0.5099079875418173 17 54.0
6 4.261550228400134 5 53.0
7 0.6296579875418034 16 51.0
8 1.7475838220926623 12 49.0
9 2.1742113517341504 11 47.0
10 1.7276292606044181 13 43.0
11 2.572975114200072 9 42.0
12 3.751713567256694 7 41.0
13 0.0 18 39.0
14 4.403694260587227 4 36.0
15 1.1465891362116 14 36.0
16 2.286237050461857 10 33.0
17 3.9241519274956937 6 31.0
18 1.1172395387823018 15 22.0
1 6.39015930851127 3 84.0
2 7.350097074468506 2 63.0
3 4.208065026596736 10 55.0
4 5.203457579786086 7 54.0
5 5.783238962766146 5 54.0
6 9.092364228724001 1 53.0
7 0.0 18 51.0
8 4.499579920213377 9 49.0
9 3.731479654256091 11 47.0
10 0.4470747500003829 17 43.0
11 5.413581382979274 6 42.0
12 0.47476875000105156 16 41.0
13 2.0851593085104962 14 39.0
14 2.5601975797876415 13 36.0
15 3.3837575797881954 12 36.0
16 6.067872473404581 4 33.0
17 4.931281382979107 8 31.0
18 1.3451389627680257 15 22.0
1 4.993972550133263 6 84.0
2 2.597747222592359 11 63.0
3 1.888699999999004 14 55.0
4 10.058647854277156 1 54.0
5 4.363172977940749 8 54.0
6 6.029646711228914 4 53.0
7 3.3445999999998084 10 51.0
8 4.566469866310195 7 49.0
9 5.089434832885831 5 47.0
10 4.211572650399843 9 43.0
11 0.0 18 42.0
12 2.561604899733096 12 41.0
13 2.5308478542817516 13 39.0
14 1.3622485093584698 16 36.0
15 1.3844974465244886 15 36.0
16 6.177799999999758 3 33.0
17 8.12329999999982 2 31.0
18 1.2080965909095114 17 22.0
1 2.6719199998411245 14 84.0
2 2.427300000000508 15 63.0
3 4.750363332925522 6 55.0
4 6.531919999806535 3 54.0
5 3.110920000035044 13 54.0
6 6.597066666598834 2 53.0
7 3.448546665404307 12 51.0
8 4.320020000997969 7 49.0
9 5.181390000341979 5 47.0
10 0.0 18 43.0
11 4.309626666940847 8 42.0
12 3.9341100003419807 9 41.0
13 2.119266666682429 16 39.0
14 3.724466667048021 10 36.0
15 7.260126666618499 1 36.0
16 3.539499999994427 11 33.0
17 6.248719999841121 4 31.0
18 0.6474666665799518 17 22.0
1 4.904299999999919 11 84.0
2 4.626914363161339 12 63.0
3 5.957002116263762 2 55.0
4 8.275194206401064 1 54.0
5 5.094879503592515 10 54.0
6 5.708386296538091 5 53.0
7 3.8727132593075124 14 51.0
8 5.95522263879816 3 49.0
9 5.121172116263882 9 47.0
10 5.865522638798153 4 43.0
11 0.0 18 42.0
12 5.483242116263858 6 41.0
13 4.184772638798153 13 39.0
14 3.5120804964076697 16 36.0
15 2.70640211626388 17 36.0
16 5.423913259307642 7 33.0
17 3.7350724297844096 15 31.0
18 5.396849777922951 8 22.0
1 6.512804833344417 1 84.0
2 2.056213666813161 13 63.0
3 4.671996000048846 3 55.0
4 4.3360448332783195 4 54.0
5 4.168908333310961 6 54.0
6 3.060499999937466 11 53.0
7 2.027204833230093 14 51.0
8 3.888516333351466 7 49.0
9 3.836165999980537 8 47.0
10 3.0492048333446125 12 43.0
11 5.165550666661364 2 42.0
12 3.071404833320323 10 41.0
13 0.0 18 39.0
14 3.4407948333193836 9 36.0
15 1.8710949999510285 15 36.0
16 1.5987948333246675 17 33.0
17 1.8479936666296526 16 31.0
18 4.303913999983669 5 22.0
1 5.381500000003068 2 84.0
2 3.027350449035563 10 63.0
3 4.24997284512851 5 55.0
4 5.692223366086699 1 54.0
5 4.483048957075989 3 54.0
6 4.455337676824334 4 53.0
7 2.3318131056154847 11 51.0
8 3.4803233661036828 8 49.0
9 3.6236583894371597 7 47.0
10 1.4720240837460055 13 43.0
11 3.4453931037808605 9 42.0
12 0.35444331694938613 17 41.0
13 1.6741984419371105 12 39.0
14 1.3603575032971813 14 36.0
15 0.6742488559308004 16 36.0
16 1.2600933169496011 15 33.0
17 4.234098441940179 6 31.0
18 0.0 18 22.0
1 6.669571594688717 1 84.0
2 0.8401425249197148 13 63.0
3 4.827477126263125 3 55.0
4 5.1679643853445505 2 54.0
5 2.2987639867142065 6 54.0
6 1.5410122259237684 10 53.0
7 0.0 18 51.0
8 0.47001398671594163 15 49.0
9 2.725542524922857 5 47.0
10 0.25806398671380637 16 43.0
11 1.588435747513738 9 42.0
12 0.23563830565887933 17 41.0
13 2.1535383056498127 7 39.0
14 0.9213428737605895 12 36.0
15 3.4519715946802187 4 36.0
16 0.5580500664584933 14 33.0
17 1.1061357474970959 11 31.0
18 1.7900660631435001 8 22.0
1 6.6495307451415275 1 84.0
2 3.7038677272993983 10 63.0
3 3.405832179931539 13 55.0
4 6.323778185325522 2 54.0
5 4.438099999999997 5 54.0
6 5.507253274667273 4 53.0
7 4.356622618719074 6 51.0
8 3.905775625509528 8 49.0
9 3.7876878936748786 9 47.0
10 3.5671874680858235 12 43.0
11 2.8021920099043864 15 42.0
12 2.5553366325636757 16 41.0
13 2.41490697261798 17 39.0
14 3.983554612912292 7 36.0
15 2.8174762129387974 14 36.0
16 5.706595237438144 3 33.0
17 3.567196817204416 11 31.0
18 0.0 18 22.0
1 7.27611517164228 2 84.0
2 5.634366462468796 4 63.0
3 3.363312580761353 10 55.0
4 6.538323496038868 3 54.0
5 3.3693946479848074 9 54.0
6 7.293201928858365 1 53.0
7 0.0 18 51.0
8 2.438274076686965 13 49.0
9 1.5461547838896461 16 47.0
10 1.58076579993075 15 43.0
11 2.767363880815764 12 42.0
12 5.1717907197252355 5 41.0
13 1.0950082888557118 17 39.0
14 1.9905537678485452 14 36.0
15 4.058515171642281 7 36.0
16 2.858107286593321 11 33.0
17 4.219934200069254 6 31.0
18 3.704380866780612 8 22.0
1 5.514539946957001 2 84.0
2 2.357277621961237 9 63.0
3 3.5897169496081585 3 55.0
4 5.5885910154051155 1 54.0
5 3.097633236741504 6 54.0
6 3.561486004681928 4 53.0
7 0.0 18 51.0
8 2.185247344171665 10 49.0
9 2.9086079543045136 7 47.0
10 0.6279111923473515 17 43.0
11 2.170425460142933 11 42.0
12 2.0670934988634766 13 41.0
13 0.6294634993120378 16 39.0
14 0.9185035303142997 15 36.0
15 1.1231300083892835 14 36.0
16 2.1136055438369485 12 33.0
17 3.398178513574467 5 31.0
18 2.4366579353277253 8 22.0
1 5.990046454545383 2 84.0
2 3.921537227272729 6 63.0
3 1.2030610000000255 16 55.0
4 4.270517227272705 5 54.0
5 6.824506454545446 1 54.0
6 4.484796363636351 4 53.0
7 0.0 18 51.0
8 3.4885035454545257 8 49.0
9 4.609280499999987 3 47.0
10 3.2765535454545334 9 43.0
11 3.7573135454545263 7 42.0
12 2.4286816363635984 13 41.0
13 0.12470399999997239 17 39.0
14 2.8768372272727225 11 36.0
15 2.6232879999999694 12 36.0
16 2.0072804999999496 14 33.0
17 3.037414999999992 10 31.0
18 1.9255354999999608 15 22.0
1 3.5668335151479873 2 84.0
2 0.47478951334584574 14 63.0
3 2.1764871890258113 7 55.0
4 5.91143823106456 1 54.0
5 2.6649835060738 5 54.0
6 2.5443843038672793 6 53.0
7 0.114484668418815 17 51.0
8 3.1286384086570846 4 49.0
9 1.7669007907696834 9 47.0
10 0.16765987882729427 16 43.0
11 2.0672382310645614 8 42.0
12 0.0 18 41.0
13 0.4259165833018266 15 39.0
14 0.6541841227450245 12 36.0
15 1.4020384086570852 11 36.0
16 0.6346078902693344 13 33.0
17 3.2632615210324403 3 31.0
18 1.5305029395287293 10 22.0
1 4.621866106421141 3 84.0
2 2.429532212797993 8 63.0
3 1.6881416809480378 9 55.0
4 3.541642233929509 6 54.0
5 0.12064223412913222 16 54.0
6 1.6481000000638735 10 53.0
7 3.7359722342104478 5 51.0
8 4.711882234077225 2 49.0
9 0.39315280860123014 13 47.0
10 0.002232212951180923 17 43.0
11 0.0 18 42.0
12 0.39257451065903637 14 41.0
13 0.20668223409965103 15 39.0
14 4.011892234077225 4 36.0
15 2.857382234072844 7 36.0
16 0.5492222340904889 12 33.0
17 8.514672234077224 1 31.0
18 0.6312000000516425 11 22.0
1 5.042990281366913 2 84.0
2 1.834366350454836 11 63.0
3 2.0268086837881683 10 55.0
4 4.854740643021513 3 54.0
5 1.5117466888907427 14 54.0
6 3.9206316561954306 4 53.0
7 0.0 18 51.0
8 2.339491298403273 8 49.0
9 2.9613810066689847 5 47.0
10 0.3221240171215016 17 43.0
11 2.855505155409288 6 42.0
12 0.4337590578881627 16 41.0
13 0.4615203736459945 15 39.0
14 2.3746868485269172 7 36.0
15 5.806005155409288 1 36.0
16 1.5511999999999992 13 33.0
17 1.8230636219278251 12 31.0
18 2.263510472754814 9 22.0
1 6.130360396916391 2 84.0
2 3.554817050203805 7 63.0
3 3.092811265290338 12 55.0
4 3.5989431077981657 6 54.0
5 3.4869812652905163 8 54.0
6 5.017124371177287 3 53.0
7 2.704504950305792 16 51.0
8 2.737390632645305 14 49.0
9 3.438683792049211 9 47.0
10 2.7047999999998114 15 43.0
11 3.821426768603454 5 42.0
12 3.3331825369520005 10 41.0
13 1.0891906326452205 17 39.0
14 2.828237371941865 13 36.0
15 0.0 18 36.0
16 4.471508525101955 4 33.0
17 6.4170085251019024 1 31.0
18 3.239027528669671 11 22.0
1 7.143302724899689 2 84.0
2 5.89710272489957 5 63.0
3 5.996089366388624 4 55.0
4 7.389043593913986 1 54.0
5 5.0199162907016035 6 54.0
6 6.4146072903923415 3 53.0
7 3.031238825919198 11 51.0
8 4.7768999999999044 7 49.0
9 3.001802724899572 12 47.0
10 3.1197893663885563 9 43.0
11 2.713216295335898 14 42.0
12 0.0 18 41.0
13 1.4670837092987994 16 39.0
14 2.3497617615072244 15 36.0
15 3.0860982854486565 10 36.0
16 3.6232882854495996 8 33.0
17 2.972875563948142 13 31.0
18 0.8678051158478288 17 22.0
1 6.657580069975035 2 84.0
2 2.800823882071713 16 63.0
3 4.863170812411721 8 55.0
4 9.516531784640236 1 54.0
5 4.111682605170641 10 54.0
6 5.053445620789429 7 53.0
7 5.217054184499453 5 51.0
8 5.810094486927246 3 49.0
9 4.079066004034196 11 47.0
10 3.8085849929162596 13 43.0
11 3.4053769872491797 15 42.0
12 4.059668735748516 12 41.0
13 1.9929456207893357 17 39.0
14 4.756280997382692 9 36.0
15 3.536999999999958 14 36.0
16 5.0994392063073 6 33.0
17 5.629382998583204 4 31.0
18 0.0 18 22.0
1 6.943588705841178 4 84.0
2 4.26635870587216 9 63.0
3 3.2216587058724397 13 55.0
4 8.51667741172274 1 54.0
5 6.283661058811537 5 54.0
6 5.226577411763302 7 53.0
7 7.061296117654033 2 51.0
8 5.452588705870518 6 49.0
9 2.0340387058686353 16 47.0
10 3.9924172941360068 11 43.0
11 5.014468705873333 8 42.0
12 2.370399999952168 15 41.0
13 2.6385887059204713 14 39.0
14 0.0 18 36.0
15 3.725988705883971 12 36.0
16 6.962784823501359 3 33.0
17 4.058138705875899 10 31.0
18 1.5620887058845603 17 22.0
1 8.686850000000602 2 84.0
2 7.142069999999917 5 63.0
3 7.027449999999746 6 55.0
4 8.09277500000003 3 54.0
5 6.618959999999947 7 54.0
6 4.828925000000375 10 53.0
7 0.7363899999999619 17 51.0
8 10.334949999999811 1 49.0
9 4.385635000000431 13 47.0
10 4.578259999999963 12 43.0
11 3.7825499999987384 15 42.0
12 7.582490000000025 4 41.0
13 1.1666999999997287 16 39.0
14 4.639119999999802 11 36.0
15 6.064405000000011 8 36.0
16 0.0 18 33.0
17 5.515089999999913 9 31.0
18 3.8659280000001726 14 22.0
1 5.791354409999631 1 84.0
2 4.225206661457102 5 63.0
3 3.2929266095991627 8 55.0
4 1.819700000000039 15 54.0
5 3.7654740846179777 7 54.0
6 4.793324102642785 3 53.0
7 2.014029999999811 14 51.0
8 3.0928437870603145 9 49.0
9 2.073919888523097 13 47.0
10 1.7297289353029204 17 43.0
11 4.859761489753178 2 42.0
12 2.5322241026430015 10 41.0
13 1.8063021585423071 16 39.0
14 2.5139441206688806 11 36.0
15 0.0 18 36.0
16 2.2914254560277687 12 33.0
17 4.377461489753653 4 31.0
18 3.9166320922715596 6 22.0
1 7.811167686406409 1 84.0
2 3.048244467366042 9 63.0
3 6.902218400079196 3 55.0
4 7.69151768640694 2 54.0
5 1.9909894517507187 13 54.0
6 4.5703318693083235 6 53.0
7 1.5456279644974438 14 51.0
8 2.280677337496976 12 49.0
9 5.950078835663477 4 47.0
10 1.0792015660157053 17 43.0
11 0.0 18 42.0
12 2.6987067477558115 11 41.0
13 4.083718400079595 7 39.0
14 1.4552176864036142 15 36.0
15 1.3905384339998732 16 36.0
16 3.231769271243373 8 33.0
17 2.840024467369091 10 31.0
18 5.478128835662784 5 22.0
1 5.381499999958768 3 84.0
2 1.6071887142781758 14 63.0
3 2.5708042857051385 8 55.0
4 4.29008857143123 4 54.0
5 1.5163814285652129 15 54.0
6 6.5263657142812725 2 53.0
7 1.8676614285839104 13 51.0
8 6.747945714277323 1 49.0
9 2.404415714280142 9 47.0
10 3.2316657142711582 7 43.0
11 2.3552987142774064 10 42.0
12 1.9536928571273051 12 41.0
13 2.1444814285573317 11 39.0
14 3.6537657142773234 6 36.0
15 1.49862714284831 16 36.0
16 3.831104285713171 5 33.0
17 1.2529 17 31.0
18 0.0 18 22.0
1 10.41934976609769 1 84.0
2 1.673002503448516 15 63.0
3 3.1771207775101655 11 55.0
4 6.929432340010718 3 54.0
5 5.392579777386301 7 54.0
6 7.465269777386215 2 53.0
7 5.532716181307185 4 51.0
8 5.519709766081329 5 49.0
9 2.938798685926942 13 47.0
10 3.6801695321565897 9 43.0
11 2.9887226120050405 12 42.0
12 2.370400000139728 14 41.0
13 1.1228736465740337 16 39.0
14 0.0 18 36.0
15 3.5267443542711594 10 36.0
16 5.492870022581761 6 33.0
17 0.8838912517107156 17 31.0
18 5.037849766100208 8 22.0
1 5.990521435432634 1 84.0
2 4.0813374065056145 7 63.0
3 3.6107887454735064 8 55.0
4 4.681772593480044 5 54.0
5 2.075439999992356 15 54.0
6 4.202674861274346 6 53.0
7 4.876102593477869 3 51.0
8 2.575237406507765 13 49.0
9 2.601999999990327 12 47.0
10 1.3488282870914583 17 43.0
11 4.763715283462831 4 42.0
12 3.0983152834850785 9 41.0
13 2.904252014460662 10 39.0
14 1.8767785645233188 16 36.0
15 5.554952014468492 2 36.0
16 0.0 18 33.0
17 2.6245589384677794 11 31.0
18 2.2645162484819346 14 22.0
1 9.427914142782509 1 84.0
2 5.754937681083799 6 63.0
3 6.14765580406427 4 55.0
4 6.181371987493265 3 54.0
5 6.21637955810296 2 54.0
6 5.192273927045033 7 53.0
7 0.5905259937464775 17 51.0
8 6.081626850442754 5 49.0
9 3.593290927044992 9 47.0
10 2.479871987493678 11 43.0
11 3.5441739270459993 10 42.0
12 2.1931699572689958 12 41.0
13 0.0 18 39.0
14 1.651726009379876 14 36.0
15 1.6336859989574508 15 36.0
16 0.9912909270452115 16 33.0
17 2.032696019801317 13 31.0
18 4.04641414278278 8 22.0
1 3.1232696453911 8 84.0
2 2.265926666611578 12 63.0
3 3.182979219857811 7 55.0
4 7.3018298581556556 1 54.0
5 2.781369432632834 10 54.0
6 6.895029858154823 2 53.0
7 0.0 18 51.0
8 2.6481992198577156 11 49.0
9 4.151326666675059 5 47.0
10 3.600329858155848 6 43.0
11 5.24692985815581 3 42.0
12 4.633929858158945 4 41.0
13 0.8573485815766371 17 39.0
14 2.2635298581394996 13 36.0
15 2.14030333334121 15 36.0
16 3.027810000011091 9 33.0
17 2.134091985829827 16 31.0
18 2.2294999999973966 14 22.0
1 8.33399244214995 2 84.0
2 3.8333742372946102 12 63.0
3 5.402624747973671 3 55.0
4 9.715145843513671 1 54.0
5 4.9024747040217385 7 54.0
6 5.337104704021739 4 53.0
7 3.0771796596547745 13 51.0
8 4.776899999999999 8 49.0
9 4.092688478080522 10 47.0
10 2.4886926310755473 16 43.0
11 4.052071024856483 11 42.0
12 0.0 18 41.0
13 2.187345843513673 17 39.0
14 2.9757501711278134 14 36.0
15 4.4991807293630846 9 36.0
16 5.186653940937408 5 33.0
17 5.161425295978256 6 31.0
18 2.767672370816811 15 22.0
1 7.6760797367160585 3 84.0
2 7.70772477803902 2 63.0
3 2.6232700731156235 13 55.0
4 8.056704778039025 1 54.0
5 6.294297397412759 4 54.0
6 5.486921107032213 5 53.0
7 2.1127952847693203 15 51.0
8 5.009458181741378 6 49.0
9 4.433392580879406 7 47.0
10 2.704799999999998 12 43.0
11 2.5348468589844595 14 42.0
12 1.9937623413368306 17 41.0
13 2.061946653986672 16 39.0
14 3.979291594461314 9 36.0
15 0.0 18 36.0
16 2.994352502265042 11 33.0
17 3.485239824180784 10 31.0
18 4.160835045343485 8 22.0
1 6.746534551891487 1 84.0
2 4.539891286838191 5 63.0
3 4.317236774504158 6 55.0
4 6.592621563884288 2 54.0
5 3.115620336938183 10 54.0
6 4.96373436123153 4 53.0
7 2.2609345518915 13 51.0
8 0.5174810000000023 16 49.0
9 3.8923797101237705 8 47.0
10 3.670145059909442 9 43.0
11 0.0 18 42.0
12 2.814827131007635 12 41.0
13 3.0333790639525304 11 39.0
14 2.1290519851240144 14 36.0
15 1.8643246289764037 15 36.0
16 3.9483410097920815 7 33.0
17 5.808552169550096 3 31.0
18 0.0356210000000039 17 22.0
1 5.867753639236638 1 84.0
2 1.7879020483920405 8 63.0
3 1.0705364143869387 14 55.0
4 0.5502379718800736 17 54.0
5 0.5609090866482171 16 54.0
6 4.02144597057195 2 53.0
7 0.744567971880036 15 51.0
8 1.674748959128015 9 49.0
9 3.7087850101362516 4 47.0
10 2.390551831062807 7 43.0
11 3.7215090866482177 3 42.0
12 1.532282854495473 10 41.0
13 1.1890090866502252 12 39.0
14 1.1016999463760757 13 36.0
15 1.3973709205444413 11 36.0
16 2.94815637580382 6 33.0
17 3.4893563886648535 5 31.0
18 0.0 18 22.0
1 6.346134714929474 2 84.0
2 3.7388475084572113 8 63.0
3 4.486519605741625 5 55.0
4 6.569540954737301 1 54.0
5 4.288720837299163 6 54.0
6 6.268199608316492 3 53.0
7 0.9330244255076683 17 51.0
8 2.539653101467506 14 49.0
9 5.624247508457213 4 47.0
10 2.966992522756522 13 43.0
11 2.9815144669116673 11 42.0
12 1.4670445783510382 16 41.0
13 1.97540869067313 15 39.0
14 0.0 18 36.0
15 4.155599902079124 7 36.0
16 3.7155928761565327 9 33.0
17 3.3843975122618817 10 31.0
18 2.9670089144479133 12 22.0
1 9.408750000001834 6 84.0
2 5.4883700000018445 8 63.0
3 0.8358300000171006 16 55.0
4 19.414534000003762 1 54.0
5 4.848840000051209 11 54.0
6 5.283469999992206 9 53.0
7 0.5014499999963151 17 51.0
8 17.20263400000152 2 49.0
9 0.0 18 47.0
10 12.398039999986633 4 43.0
11 6.742739999856885 7 42.0
12 12.42573400000894 3 41.0
13 4.210240000037477 13 39.0
14 4.331340000060484 12 36.0
15 9.69324000005289 5 36.0
16 2.0526500000184464 14 33.0
17 5.28015000000903 10 31.0
18 1.2543399999637037 15 22.0
1 4.722937453486943 8 84.0
2 3.7369079878111564 12 63.0
3 3.848535764039092 11 55.0
4 9.083809075555976 2 54.0
5 5.0097365964276115 5 54.0
6 10.275536596424658 1 53.0
7 0.0 18 51.0
8 3.0701739132203296 14 49.0
9 5.573538768265604 4 47.0
10 4.77191310873131 6 43.0
11 4.642277141905656 10 42.0
12 0.5012967824710035 17 41.0
13 2.382901281946544 15 39.0
14 1.01417925151795 16 36.0
15 4.721021720563854 9 36.0
16 5.654812835989688 3 33.0
17 4.770036596424005 7 31.0
18 3.4276798386296647 13 22.0
1 4.882619039095206 2 84.0
2 1.5262543842804766 14 63.0
3 3.427592568243706 8 55.0
4 5.0224925682437025 1 54.0
5 3.8217625682436838 6 54.0
6 4.659907325576617 3 53.0
7 0.6722910422683328 17 51.0
8 4.01263284976197 4 49.0
9 3.4116543842804914 9 47.0
10 2.613941826614015 10 43.0
11 0.0 18 42.0
12 2.398807325576599 12 41.0
13 1.3145784365973545 15 39.0
14 1.7873073255765153 13 36.0
15 0.9616046902078117 16 36.0
16 2.4346169419468873 11 33.0
17 3.9769130283551686 5 31.0
18 3.530772849761945 7 22.0
1 6.3404217786891905 1 84.0
2 3.7196978135671666 9 63.0
3 4.304633323410956 7 55.0
4 5.8470404486518515 2 54.0
5 4.489369355712734 6 54.0
6 4.923999355712732 3 53.0
7 0.7297402430608537 17 51.0
8 4.122263925656424 8 49.0
9 2.940929948939829 12 47.0
10 3.2745882218292377 10 43.0
11 0.0 18 42.0
12 1.8071344802338325 14 41.0
13 0.8228075534530395 16 39.0
14 1.865562682745171 13 36.0
15 2.9633575305485587 11 36.0
16 4.586979756939143 5 33.0
17 4.859929232445044 4 31.0
18 1.226461769565494 15 22.0
1 8.079060048723445 4 84.0
2 6.269311553372203 5 63.0
3 5.78686859279813 6 55.0
4 8.582642864835474 2 54.0
5 5.505333680200752 9 54.0
6 8.591038474178816 1 53.0
7 4.905587911333033 12 51.0
8 4.493872095593753 14 49.0
9 4.993952049470194 11 47.0
10 4.712078597143755 13 43.0
11 8.150687025400057 3 42.0
12 0.0 18 41.0
13 5.434792799301457 10 39.0
14 5.739287025400056 7 36.0
15 3.30750214246531 17 36.0
16 4.337185598602911 15 33.0
17 5.617501048649146 8 31.0
18 3.893900000000003 16 22.0
1 6.724525979317639 1 84.0
2 1.9618032477164564 8 63.0
3 2.642673536787962 6 55.0
4 3.4155398051616244 4 54.0
5 1.7067931932391924 9 54.0
6 3.861883159911404 3 53.0
7 1.199046308058824 15 51.0
8 1.3772872074941866 11 49.0
9 2.886826043015091 5 47.0
10 0.0 18 43.0
11 1.2229300000000054 13 42.0
12 1.676115899931852 10 41.0
13 0.3581185418932995 17 39.0
14 0.3915900000000041 16 36.0
15 1.2176477920093256 14 36.0
16 2.268288556634407 7 33.0
17 1.357006157709678 12 31.0
18 5.570015899931855 2 22.0
1 5.436937094175914 5 84.0
2 3.1976342686686214 13 63.0
3 5.027249158280013 6 55.0
4 6.142237940124108 2 54.0
5 9.147668417124954 1 54.0
6 4.772517934990189 8 53.0
7 0.0 18 51.0
8 5.655201254795315 4 49.0
9 3.7221887860722966 12 47.0
10 4.734698075026529 9 43.0
11 1.6407545026425958 16 42.0
12 5.894762905824094 3 41.0
13 1.580041773317551 17 39.0
14 4.870371432853868 7 36.0
15 2.183391195331983 15 36.0
16 2.7205811953319827 14 33.0
17 3.8273629058240917 11 31.0
18 4.709568417124951 10 22.0
1 5.778940884955775 3 84.0
2 7.465339108236876 2 63.0
3 0.7240191082369023 16 55.0
4 7.814319108237031 1 54.0
5 0.0 18 54.0
6 4.5242191082368635 8 53.0
7 1.7077591150442686 13 51.0
8 4.747109611980945 7 49.0
9 5.362178339006079 6 47.0
10 5.529087821647382 5 43.0
11 0.15185477876106512 17 42.0
12 5.556781821647382 4 41.0
13 1.7517255207623952 12 39.0
14 3.742840884955748 9 36.0
15 2.8242878216473755 10 36.0
16 2.1706252212389234 11 33.0
17 1.5604991082368929 14 31.0
18 1.545353464942107 15 22.0
1 4.4856000000000025 2 84.0
2 2.506145337576984 8 63.0
3 3.876442107020008 3 55.0
4 6.026429845670853 1 54.0
5 3.6337944442694665 4 54.0
6 3.1780988074152408 6 53.0
7 0.0 18 51.0
8 2.8658545104391355 7 49.0
9 1.1383038692965752 16 47.0
10 1.593094444269465 11 43.0
11 2.194330129155758 10 42.0
12 1.3998494730320257 12 41.0
13 0.3577595518104517 17 39.0
14 1.2743425916239184 14 36.0
15 1.1617924010161689 15 36.0
16 3.2165514512356763 5 33.0
17 2.2979253375769826 9 31.0
18 1.285582240279125 13 22.0
1 6.890455170836075 2 84.0
2 2.641114386527402 8 63.0
3 3.582358156261172 6 55.0
4 8.113998156261172 1 54.0
5 2.6241365524162577 10 54.0
6 5.109506864862674 3 53.0
7 2.1672823771854794 13 51.0
8 1.1350143865274214 17 49.0
9 2.5360684735221106 11 47.0
10 1.555715591266957 14 43.0
11 0.0 18 42.0
12 4.137398156261169 4 41.0
13 1.4660741448922765 15 39.0
14 2.4312764504704023 12 36.0
15 1.4510688065413084 16 36.0
16 3.1538041286697305 7 33.0
17 4.119106461893785 5 31.0
18 2.6283361967798844 9 22.0
1 9.740506048523507 1 84.0
2 4.437719533279995 8 63.0
3 4.6890561090082254 7 55.0
4 6.896352669508115 2 54.0
5 4.0135470296627105 10 54.0
6 5.107456109008225 5 53.0
7 1.6897579028681116 17 51.0
8 3.3752733033871922 13 49.0
9 5.799273651084767 3 47.0
10 1.8127561090082263 16 43.0
11 5.61447773800916 4 42.0
12 0.0 18 41.0
13 2.0503927452211617 15 39.0
14 2.7697058057362365 14 36.0
15 4.9582836510847645 6 36.0
16 3.639917456226317 12 33.0
17 3.829654781698645 11 31.0
18 4.359006048523511 9 22.0
1 1.90198000040282 12 84.0
2 0.21342303961207643 17 63.0
3 1.3872154988604484 15 55.0
4 7.679818463417134 1 54.0
5 2.7364400004028324 7 54.0
6 3.987326419429179 3 53.0
7 2.2514810133382923 11 51.0
8 3.825073759024278 4 49.0
9 2.981395642412362 6 47.0
10 2.620898400276178 9 43.0
11 2.3392264194291816 10 42.0
12 0.0 18 41.0
13 1.509438526558071 14 39.0
14 0.9314802163917457 16 36.0
15 1.7550402163917407 13 36.0
16 2.7217456462495733 8 33.0
17 3.4158468901509695 5 31.0
18 5.019123445075477 2 22.0
1 4.938553114477147 2 84.0
2 1.0667492464138209 13 63.0
3 1.8692472271724623 8 55.0
4 5.487913091020989 1 54.0
5 1.768549567738405 9 54.0
6 3.534108794078004 3 53.0
7 1.0132852761474522 14 51.0
8 2.8008866624218056 5 49.0
9 1.5305668307496898 10 47.0
10 0.0 18 43.0
11 0.9192012965311005 15 42.0
12 1.2644685836916012 11 41.0
13 0.7935699091362673 16 39.0
14 0.3915899999996182 17 36.0
15 2.4513820283121794 6 36.0
16 2.1559484506712074 7 33.0
17 3.353469909135913 4 31.0
18 1.067482930773351 12 22.0
1 5.682783886882209 2 84.0
2 2.4639724305254376 14 63.0
3 4.122579832631672 9 55.0
4 6.207816272236979 1 54.0
5 5.39180823611045 3 54.0
6 5.000553403473054 5 53.0
7 4.19029008360351 7 51.0
8 2.6155428047902247 13 49.0
9 4.185302804820578 8 47.0
10 2.4487951217265325 15 43.0
11 2.881874929761085 12 42.0
12 0.7544475715411947 17 41.0
13 1.377783886736724 16 39.0
14 0.0 18 36.0
15 4.725587015132912 6 36.0
16 5.262776999739835 4 33.0
17 3.444258261423178 10 31.0
18 2.886665776712801 11 22.0
1 13.666529999977454 1 84.0
2 6.82900333345488 9 63.0
3 7.936503332568518 7 55.0
4 8.74349999983461 5 54.0
5 6.57566333323256 10 54.0
6 10.410329999977456 2 53.0
7 3.2561300011210648 14 51.0
8 2.960830000173441 15 49.0
9 6.2558299987737565 11 47.0
10 7.0830800002548635 8 43.0
11 8.76222999973381 4 42.0
12 2.3703999996200964 16 41.0
13 4.325476666479175 13 39.0
14 0.0 18 36.0
15 4.3782799998506245 12 36.0
16 9.196803333410703 3 33.0
17 8.2799300004406 6 31.0
18 0.8412799999534686 17 22.0
1 5.858190750051549 1 84.0
2 1.762320586691346 12 63.0
3 2.440152512012965 8 55.0
4 5.614718536597521 2 54.0
5 2.927963748549331 5 54.0
6 3.8353418892063087 3 53.0
7 1.9326491243214055 11 51.0
8 2.879663378187247 6 49.0
9 0.0 18 47.0
10 1.6381817111248032 13 43.0
11 2.2499975388236524 9 42.0
12 0.38993855051517 16 41.0
13 0.20959549951174594 17 39.0
14 1.5222535466359315 14 36.0
15 2.6647918903620647 7 36.0
16 3.789819872921771 4 33.0
17 2.024100000000002 10 31.0
18 0.6410820496150917 15 22.0
1 5.521417816051876 8 84.0
2 3.2172059314317005 11 63.0
3 4.09336187374301 10 55.0
4 6.290902687158484 6 54.0
5 6.898630800556932 4 54.0
6 7.89356187374252 2 53.0
7 6.247649989120562 7 51.0
8 6.294537825942171 5 49.0
9 9.861463235370383 1 47.0
10 2.4241199386839245 13 43.0
11 2.411399999995764 14 42.0
12 1.5176378259480874 15 41.0
13 0.4489024194821045 17 39.0
14 0.0 18 36.0
15 4.785402151803857 9 36.0
16 7.259463235375135 3 33.0
17 0.8347188773688954 16 31.0
18 3.005119938685006 12 22.0
1 10.156898760869716 2 84.0
2 6.504092543478201 6 63.0
3 4.786190847826295 11 55.0
4 10.037248760869396 3 54.0
5 3.1727866666663944 15 54.0
6 7.7248266666671235 4 53.0
7 3.667139999997941 14 51.0
8 11.804998760869399 1 49.0
9 5.649238869566542 7 47.0
10 4.424315652174025 12 43.0
11 5.25259876086879 9 42.0
12 5.341230847824409 8 41.0
13 0.46791333333327856 17 39.0
14 4.815905652173751 10 36.0
15 0.0 18 36.0
16 4.409853333333767 13 33.0
17 3.0278133333329804 16 31.0
18 6.914241130435864 5 22.0
1 6.811282457961007 3 84.0
2 7.130824859571964 1 63.0
3 3.1845869319385063 9 55.0
4 4.7748434659691865 6 54.0
5 1.7707092836837997 16 54.0
6 5.585464792385779 4 53.0
7 2.143904859572812 15 51.0
8 3.0493705362372374 10 49.0
9 5.0436048259796005 5 47.0
10 2.942434656499979 12 43.0
11 0.0 18 42.0
12 3.3447067936089625 8 41.0
13 2.3988092836823016 14 39.0
14 4.054603557230281 7 36.0
15 2.9505000000006874 11 36.0
16 1.2321092836837968 17 33.0
17 6.922604859571811 2 31.0
18 2.8966298172028977 13 22.0
1 9.793101430337122 1 84.0
2 7.004625813906227 6 63.0
3 7.612579507658054 3 55.0
4 7.087848867605243 5 54.0
5 6.694108886443851 7 54.0
6 9.531723033906077 2 53.0
7 2.7460739461835684 17 51.0
8 4.757639010302797 13 49.0
9 6.663759015888929 8 47.0
10 5.210318756998774 11 43.0
11 0.0 18 42.0
12 7.492575813906225 4 41.0
13 3.9583660829281726 16 39.0
14 5.498485069132542 10 36.0
15 4.2392271455285275 15 36.0
16 4.889072854471474 12 33.0
17 6.066166142283488 9 31.0
18 4.663983315003716 14 22.0
1 4.5392000003428565 5 84.0
2 4.519319090407789 6 63.0
3 3.7692836359737028 7 55.0
4 5.364183638867152 3 54.0
5 1.3032418193542972 14 54.0
6 3.2947000003491 8 53.0
7 1.4229918180134948 13 51.0
8 3.152283628625063 9 49.0
9 0.7357300000490627 16 47.0
10 0.0 18 43.0
11 2.76670000400141 10 42.0
12 1.0977999999680448 15 41.0
13 0.23419999874630149 17 39.0
14 2.624963637806934 11 36.0
15 5.405764543422777 2 36.0
16 5.631519093882582 1 33.0
17 4.900613635973256 4 31.0
18 1.8687645458587983 12 22.0
1 17.77513375000176 1 84.0
2 6.673200000001991 10 63.0
3 10.489533749995907 6 55.0
4 5.3566999999827125 11 54.0
5 10.600433750002138 5 54.0
6 11.854433750001181 2 53.0
7 5.016633750012575 13 51.0
8 5.263599999999092 12 49.0
9 8.558600000003153 9 47.0
10 8.559733750002518 8 43.0
11 11.393233750001476 4 42.0
12 3.5965075000023354 14 41.0
13 0.6512187500002842 17 39.0
14 8.981833750005453 7 36.0
15 3.537000000012154 15 36.0
16 11.74983375000414 3 33.0
17 3.21111875001081 16 31.0
18 0.0 18 22.0
1 3.5387210745204722 3 84.0
2 2.1293735136016263 8 63.0
3 2.954583434049412 4 55.0
4 3.9974442030541466 2 54.0
5 1.938521585505466 9 54.0
6 4.117071021485663 1 53.0
7 0.5168079344605987 15 51.0
8 2.532842267543644 7 49.0
9 1.5487372625509104 10 47.0
10 0.0 18 43.0
11 0.6530685169366197 14 42.0
12 2.617323513601626 6 41.0
13 0.13608343404941303 17 39.0
14 1.2611122145088358 12 36.0
15 1.3569033544971978 11 36.0
16 1.2513637009397125 13 33.0
17 2.6358294240281865 5 31.0
18 0.5054617221815916 16 22.0
1 7.141200613354787 1 84.0
2 3.653465664528401 6 63.0
3 3.372167466571824 8 55.0
4 5.357475453366995 2 54.0
5 2.644185100125042 10 54.0
6 4.527696803439235 3 53.0
7 0.0 18 51.0
8 1.7341916650686051 11 49.0
9 3.6079781074305126 7 47.0
10 1.5839777472438565 12 43.0
11 4.317444366447708 4 42.0
12 0.017658099891363577 17 41.0
13 0.3350606615779026 15 39.0
14 0.11350563290508342 16 36.0
15 0.4478850194165118 14 36.0
16 1.5133797263727915 13 33.0
17 3.8351443664477074 5 31.0
18 2.760325664528402 9 22.0
1 11.191791445766025 1 84.0
2 6.713785665959462 6 63.0
3 6.582022674955449 8 55.0
4 8.316186540285173 3 54.0
5 5.534503855703662 12 54.0
6 8.910223801214013 2 53.0
7 6.706191445765939 7 51.0
8 5.511415036452173 13 49.0
9 6.930955509269395 5 47.0
10 5.615523801213795 10 43.0
11 5.677015346799225 9 42.0
12 0.0 18 41.0
13 5.218584502097489 15 39.0
14 4.707255982086681 16 36.0
15 3.587100000000019 17 36.0
16 8.07376603398625 4 33.0
17 5.479684017913255 14 31.0
18 5.558707414610841 11 22.0
1 5.808824327899666 8 84.0
2 7.202774958306198 5 63.0
3 7.973613557073202 4 55.0
4 8.56605370095574 2 54.0
5 3.861720212214439 16 54.0
6 8.7307260570732 1 53.0
7 3.9814702122144405 15 51.0
8 6.138187848736412 7 49.0
9 8.5559642600032 3 47.0
10 4.40716697748253 13 43.0
11 5.179240424428905 11 42.0
12 3.6861608070630574 17 41.0
13 5.300640671269952 10 39.0
14 6.593358810930606 6 36.0
15 4.113379787785247 14 36.0
16 4.650569787785507 12 33.0
17 5.520998517718296 9 31.0
18 0.0 18 22.0
1 5.151719999994886 6 84.0
2 2.4273000000029445 14 63.0
3 7.217050909094361 4 55.0
4 5.03207000002604 7 54.0
5 3.7704509091082343 11 54.0
6 11.017250909090025 1 53.0
7 5.226399999992596 5 51.0
8 4.650640909091616 8 49.0
9 1.6782745454452788 16 47.0
10 0.0 18 43.0
11 4.146050909090583 10 42.0
12 2.480650909094215 13 41.0
13 4.398550909082478 9 39.0
14 8.144650909091723 3 36.0
15 2.69772727274497 12 36.0
16 8.554450909091724 2 33.0
17 1.8419318181996491 15 31.0
18 1.021169999949926 17 22.0
1 4.477900000000064 10 84.0
2 1.7629633333330559 16 63.0
3 2.818499999999982 15 55.0
4 7.890001936218514 2 54.0
5 7.695953790063905 3 54.0
6 8.143008255448576 1 53.0
7 4.5620633333342635 9 51.0
8 3.4030296650641123 13 49.0
9 6.698029665063965 5 47.0
10 5.252318411214749 8 43.0
11 1.0423366666667087 17 42.0
12 5.5809603333342315 6 41.0
13 0.0 18 39.0
14 2.867177863140957 14 36.0
15 3.793009534295603 11 36.0
16 7.172902432371624 4 33.0
17 3.5135603333331797 12 31.0
18 5.422961074680562 7 22.0
1 4.827503951715354 8 84.0
2 4.958577217280845 7 63.0
3 4.2729170393900215 9 55.0
4 7.913249695044478 1 54.0
5 0.0 18 54.0
6 5.049768144853871 6 53.0
7 0.119750000000022 17 51.0
8 5.552296467598454 3 49.0
9 3.119449999999999 10 47.0
10 1.4484090724269372 13 43.0
11 0.45201697585769285 15 42.0
12 2.7269222998729767 12 41.0
13 0.384994015247774 16 39.0
14 2.7785383354511115 11 36.0
15 1.3161104955527576 14 36.0
16 5.5339768487929035 4 33.0
17 7.480236658195686 2 31.0
18 5.2615859974587 5 22.0
1 6.49361714283704 2 84.0
2 6.247539999992534 3 63.0
3 5.115540000076448 5 55.0
4 6.596520000000149 1 54.0
5 2.9793799999906323 10 54.0
6 3.3064199999925368 8 53.0
7 1.759391428569454 15 51.0
8 4.580759999969839 6 49.0
9 1.5719349999928547 16 47.0
10 2.910308571407949 11 43.0
11 3.2268399999819426 9 42.0
12 0.0 18 41.0
13 1.9072942856935 14 39.0
14 3.6078399999819424 7 36.0
15 2.8541599999967415 12 36.0
16 2.1568049999928567 13 33.0
17 5.9520199999819425 4 31.0
18 1.1121171428524899 17 22.0
1 8.312970860466935 1 84.0
2 3.212023620155173 10 63.0
3 4.679300000000018 5 55.0
4 5.793403843853796 4 54.0
5 5.951987846069088 3 54.0
6 6.08427086046469 2 53.0
7 2.216748375415191 12 51.0
8 4.144519999999925 6 49.0
9 2.3135436400902987 11 47.0
10 1.8029999999996242 14 43.0
11 3.304501293464894 9 42.0
12 1.4342931107419448 15 41.0
13 0.0 18 39.0
14 0.5145983754145931 17 36.0
15 1.33815837541538 16 36.0
16 3.3059472403095165 8 33.0
17 3.758106379845249 7 31.0
18 2.017364047617053 13 22.0
1 7.610499999999496 2 84.0
2 4.818700952164027 12 63.0
3 7.5957735990889255 3 55.0
4 6.567214984054765 4 54.0
5 5.950926400911259 5 54.0
6 5.381800000000135 8 53.0
7 5.330502997721704 9 51.0
8 3.0868249886104673 14 49.0
9 5.603212455580633 6 47.0
10 4.719473599088498 13 43.0
11 5.20023359909067 10 42.0
12 2.39292499772159 15 41.0
13 1.7389469658315169 16 39.0
14 1.291014993166427 17 36.0
15 0.0 18 36.0
16 11.378033599088571 1 33.0
17 5.512213457858895 7 31.0
18 5.13126245558095 11 22.0
1 7.914990000002241 4 84.0
2 6.68054314285825 5 63.0
3 4.082530000002281 10 55.0
4 11.402830000001321 1 54.0
5 3.246930000005885 13 54.0
6 8.58490985714404 2 53.0
7 0.0 18 51.0
8 1.5203400000028995 16 49.0
9 3.7734899999953244 12 47.0
10 1.206229999995129 17 43.0
11 5.230889714288421 7 42.0
12 2.629043285716996 14 41.0
13 3.8750299999996134 11 39.0
14 4.326006428571958 9 36.0
15 4.709626571429082 8 36.0
16 6.122109857143826 6 33.0
17 8.06760985714388 3 31.0
18 1.6850700000028995 15 22.0
1 7.189425309564815 1 84.0
2 4.212023295651631 6 63.0
3 4.5242648643471615 5 55.0
4 6.399960245217652 4 54.0
5 1.5452616139125437 14 54.0
6 6.467169079999602 3 53.0
7 0.0 18 51.0
8 0.9759099999994576 15 49.0
9 3.373405290434402 9 47.0
10 1.7710758834770084 12 43.0
11 1.6365805965214975 13 42.0
12 2.1110650643473905 11 41.0
13 0.6802757165211148 16 39.0
14 0.4485899999995606 17 36.0
15 3.97182530956444 7 36.0
16 3.4669275113042968 8 33.0
17 6.584435086956169 2 31.0
18 2.4290592521730923 10 22.0
1 3.571431616523663 2 84.0
2 1.759859177313131 6 63.0
3 2.249136555709457 4 55.0
4 4.195017520630283 1 54.0
5 1.85037262229871 5 54.0
6 3.34105705909524 3 53.0
7 1.0404154587703767 10 51.0
8 1.6773361390448989 8 49.0
9 1.7566243148759488 7 47.0
10 0.7670437846695589 12 43.0
11 0.3508175206302828 14 42.0
12 0.08724265626810102 17 41.0
13 0.18340923550815935 15 39.0
14 0.7880760074531874 11 36.0
15 0.41605902726423993 13 36.0
16 0.14443957100417304 16 33.0
17 1.3926185524545514 9 31.0
18 0.0 18 22.0
1 10.725984482758637 1 84.0
2 6.130439999999723 11 63.0
3 7.126464482758319 6 55.0
4 9.629526896552367 2 54.0
5 6.777718275860574 8 54.0
6 7.469784482758582 4 53.0
7 5.20661448275965 14 51.0
8 6.182524482757349 10 49.0
9 9.477524482758827 3 47.0
10 6.3887844827583695 9 43.0
11 5.821684482758563 12 42.0
12 2.0673999999996484 17 41.0
13 3.792580689654671 15 39.0
14 6.780374482759338 7 36.0
15 5.65450000000104 13 36.0
16 7.225154482758828 5 33.0
17 0.0 18 31.0
18 3.3585817241377622 16 22.0
1 6.0253000000233445 13 84.0
2 4.779099999967812 16 63.0
3 10.252079999849563 4 55.0
4 9.071960000305149 7 54.0
5 11.328259999892401 2 54.0
6 12.63406000021602 1 53.0
7 6.152779999806333 12 51.0
8 6.860059999910427 10 49.0
9 9.152480000049001 6 47.0
10 1.6881000000000022 17 43.0
11 8.363380000039312 8 42.0
12 5.267050000110501 14 41.0
13 5.211860000025563 15 39.0
14 6.428700000335391 11 36.0
15 7.252259999066986 9 36.0
16 0.0 18 33.0
17 11.088560000500147 3 31.0
18 9.160949999980431 5 22.0
1 8.380966660055151 2 84.0
2 2.770982594845253 15 63.0
3 5.77905816885633 3 55.0
4 9.93001824324215 1 54.0
5 4.697109913217163 6 54.0
6 5.131739913214612 4 53.0
7 2.295855955861729 17 51.0
8 3.2545803818480668 13 49.0
9 4.783714899576878 5 47.0
10 4.298549509050309 9 43.0
11 3.3842317369186343 12 42.0
12 0.0 18 41.0
13 4.070919826430094 10 39.0
14 4.562807204313383 7 36.0
15 3.587099999992498 11 36.0
16 2.668939913215055 16 33.0
17 4.457409913214678 8 31.0
18 3.013531322837733 14 22.0
1 3.5172160000040744 11 84.0
2 2.271016000002099 15 63.0
3 1.7384189999940345 17 55.0
4 6.980213000001612 4 54.0
5 9.418284000002012 2 54.0
6 14.684084000001999 1 53.0
7 3.025410999998672 13 51.0
8 4.972571000003363 6 49.0
9 4.119710000005764 9 47.0
10 4.110087000001673 10 43.0
11 4.4550899999986076 8 42.0
12 2.139681000026417 16 41.0
13 2.307087000012866 14 39.0
14 0.0 18 36.0
15 5.34228399998793 5 36.0
16 3.38321600000904 12 33.0
17 9.17858400001138 3 31.0
18 4.490711000005264 7 22.0
1 1.885105934459987 14 84.0
2 2.90796083281623 5 63.0
3 2.8969821289685544 6 55.0
4 4.437879129936222 1 54.0
5 2.719565934459986 10 54.0
6 2.7685894573128467 9 53.0
7 2.1340493208207008 12 51.0
8 2.8423232091250252 7 49.0
9 2.812112967229993 8 47.0
10 0.07627980404926982 17 43.0
11 1.9969075554792906 13 42.0
12 0.35758079709944735 16 41.0
13 0.0 18 39.0
14 2.1874720209706275 11 36.0
15 0.6996391871616439 15 36.0
16 3.6200135902033184 4 33.0
17 3.638135432516374 3 31.0
18 4.363549320820699 2 22.0
1 5.142915249855633 1 84.0
2 1.3575737797976628 12 63.0
3 3.325439109843888 5 55.0
4 4.853004353651624 2 54.0
5 3.4178780207347077 3 54.0
6 3.0591295124279245 6 53.0
7 0.13945324985563712 16 51.0
8 2.9464737402950116 7 49.0
9 1.942034967306618 9 47.0
10 0.09866528456083845 17 43.0
11 1.9224507247859264 10 42.0
12 0.0 18 41.0
13 1.9178999999999986 11 39.0
14 1.091424173549836 13 36.0
15 2.4710874697456298 8 36.0
16 0.4449642636007314 15 33.0
17 3.375020218524403 4 31.0
18 1.0349788691626078 14 22.0
1 5.753183152702608 3 84.0
2 4.693858658501447 6 63.0
3 2.7720684495677443 14 55.0
4 2.7906349183243186 13 54.0
5 7.471751863604429 1 54.0
6 5.66648968981514 4 53.0
7 0.14206668394601696 17 51.0
8 3.7842261964574453 9 49.0
9 7.079226196457442 2 47.0
10 1.849431550432289 15 43.0
11 3.1126109300625533 11 42.0
12 1.5064299927953626 16 41.0
13 0.0 18 39.0
14 3.853373734413426 7 36.0
15 5.277858219090476 5 36.0
16 3.82601588128207 8 33.0
17 3.392743734413446 10 31.0
18 3.0277058812820816 12 22.0
1 6.615718049512042 6 84.0
2 8.353608394189385 2 63.0
3 6.2451006511307 8 55.0
4 9.187361781433163 1 54.0
5 7.450178049511692 5 54.0
6 7.926109083544656 3 53.0
7 3.6221003027918357 12 51.0
8 7.49759873886647 4 49.0
9 6.613305432488305 7 47.0
10 4.113079866263275 11 43.0
11 0.0 18 42.0
12 3.302252118695658 14 41.0
13 2.86834025869719 15 39.0
14 3.4245410421124105 13 36.0
15 2.769404867337467 16 36.0
16 6.177800000000026 9 33.0
17 2.21680444031174 17 31.0
18 5.927256761927691 10 22.0
1 4.490904934754194 3 84.0
2 4.125858765124822 6 63.0
3 2.8889116965694197 13 55.0
4 5.836087097564352 1 54.0
5 3.615300000000001 8 54.0
6 5.312642909701404 2 53.0
7 3.2188463952731543 10 51.0
8 4.379481184350089 4 49.0
9 4.201857577352693 5 47.0
10 2.8369313606202717 14 43.0
11 2.908080711090112 12 42.0
12 1.896139424129652 16 41.0
13 1.2860056655786076 17 39.0
14 0.0 18 36.0
15 3.3433786197557116 9 36.0
16 4.0743204583532915 7 33.0
17 2.1041053001664003 15 31.0
18 2.943701711090112 11 22.0
1 6.798052044276166 2 84.0
2 0.4926999999999988 17 63.0
3 5.4222059846139 5 55.0
4 9.286039003679006 1 54.0
5 5.3370692842212435 6 54.0
6 6.167451590643232 4 53.0
7 0.8516802270256698 16 51.0
8 4.856003616522832 8 49.0
9 2.3781000000000123 14 47.0
10 3.2053499999999397 13 43.0
11 3.3815643174597336 12 42.0
12 3.906351590643002 11 41.0
13 0.0 18 39.0
14 4.0174540885532615 10 36.0
15 1.5371099999999998 15 36.0
16 5.2376795647621925 7 33.0
17 6.532754469437437 3 31.0
18 4.8353936382643585 9 22.0
1 5.905711496448753 2 84.0
2 1.4271435199615228 12 63.0
3 1.8638726420487952 11 55.0
4 6.249503696577669 1 54.0
5 4.011093193593825 3 54.0
6 3.8806715381725514 4 53.0
7 0.799301762920891 14 51.0
8 0.4721285578834733 17 49.0
9 3.417539351500694 5 47.0
10 0.6156833371556858 15 43.0
11 2.1968458010984917 8 42.0
12 1.9746068064061748 9 41.0
13 0.5563970161221587 16 39.0
14 0.0 18 36.0
15 2.3457426310463934 7 36.0
16 1.9699133399327606 10 33.0
17 2.700352642048794 6 31.0
18 0.9059291567013836 13 22.0
1 7.737203598073508 2 84.0
2 2.4650183979017886 14 63.0
3 5.10001671869658 6 55.0
4 6.930844179491018 3 54.0
5 5.494186718291726 4 54.0
6 3.6407441796045625 9 53.0
7 0.87858999999948 17 51.0
8 9.185378533632752 1 49.0
9 3.8988483591081535 8 47.0
10 2.8218439857231656 12 43.0
11 3.3225716408817783 11 42.0
12 4.208553468886437 7 41.0
13 1.1554100000022616 16 39.0
14 5.309775155026646 5 36.0
15 0.0 18 36.0
16 3.467775155116207 10 33.0
17 2.2567983979375486 15 31.0
18 2.6238441795836738 13 22.0
1 8.515724999996166 1 84.0
2 7.721083486153104 4 63.0
3 3.5364127249125845 13 55.0
4 8.35841530278329 2 54.0
5 5.055331110147283 10 54.0
6 7.001667563437815 5 53.0
7 2.2952211159158558 16 51.0
8 3.3365778863893887 14 49.0
9 5.699806917526247 9 47.0
10 5.709739091695598 8 43.0
11 4.514215302765066 11 42.0
12 0.0 18 41.0
13 6.188001012110884 7 39.0
14 6.517284697232684 6 36.0
15 1.9449230478649233 17 36.0
16 3.14211369377235 15 33.0
17 7.778228538062809 3 31.0
18 3.8938999999952957 12 22.0
1 5.74191597288036 5 84.0
2 3.035830771130911 13 63.0
3 5.25923271362681 7 55.0
4 7.125552728118338 1 54.0
5 5.890335744111387 3 54.0
6 6.17914703621342 2 53.0
7 2.8818786027612475 15 51.0
8 5.573188455566769 6 49.0
9 5.881578602761248 4 47.0
10 2.955393964733692 14 43.0
11 3.5567456581940293 11 42.0
12 2.7023874219713684 17 41.0
13 3.946185616860058 8 39.0
14 2.7165840271196413 16 36.0
15 3.526035744111373 12 36.0
16 3.9130527281183434 9 33.0
17 3.6490041202904533 10 31.0
18 0.0 18 22.0
1 8.195842205607127 2 84.0
2 3.6270530233646294 8 63.0
3 4.734553023364661 5 55.0
4 7.7668416355145995 3 54.0
5 9.030302205607738 1 54.0
6 5.7111569672898455 4 53.0
7 3.208777733644673 11 51.0
8 0.0 18 49.0
9 2.4406359112151703 14 47.0
10 3.879341822430217 7 43.0
11 3.2942844112159224 10 42.0
12 3.4500569672901245 9 41.0
13 0.5004130233642545 17 39.0
14 2.206666200934314 15 36.0
15 3.1511130233647586 12 36.0
16 2.1678000000011908 16 33.0
17 4.464735911214826 6 31.0
18 2.8184456822425457 13 22.0
1 6.61630086275375 3 84.0
2 5.370100862753752 4 63.0
3 4.535620721366015 6 55.0
4 6.6557451617896675 2 54.0
5 2.4706281638604115 13 54.0
6 6.986131599769166 1 53.0
7 1.831280851042163 14 51.0
8 3.0429955816416596 11 49.0
9 4.214856872564328 7 47.0
10 2.5351059480616485 12 43.0
11 3.5957115411772707 8 42.0
12 0.0 18 41.0
13 3.203446072679748 10 39.0
14 0.4606580588974123 17 36.0
15 1.6043315997691656 15 36.0
16 1.2592534362821644 16 33.0
17 4.64204795410415 5 31.0
18 3.5402965637178356 9 22.0
1 8.740543384051456 1 84.0
2 5.362089376342057 5 63.0
3 5.472900000000054 4 55.0
4 7.882759059783384 2 54.0
5 5.008284348152989 6 54.0
6 3.2492000000000103 14 53.0
7 0.0 18 51.0
8 4.981946592063576 7 49.0
9 4.637070000000004 10 47.0
10 3.8507289306626693 12 43.0
11 4.388857837440362 11 42.0
12 2.8807793763420584 16 41.0
13 4.798679376342119 8 39.0
14 3.0020855963203172 15 36.0
15 3.2553465920635816 13 36.0
16 6.504660716407307 3 33.0
17 4.787558930662637 9 31.0
18 2.5588146033675327 17 22.0
1 5.001878925991395 7 84.0
2 4.798743016761427 8 63.0
3 5.0585087538451035 5 55.0
4 8.092422425596837 1 54.0
5 4.545403016835787 9 54.0
6 6.274042150022457 2 53.0
7 2.6945062277400464 13 51.0
8 5.033738622656 6 49.0
9 5.694206227414025 3 47.0
10 2.5047030163032638 14 43.0
11 3.2387733888848493 10 42.0
12 2.057757885388483 16 41.0
13 2.1901210738547707 15 39.0
14 2.8962930167969025 11 36.0
15 2.8727291877710703 12 36.0
16 0.0 18 33.0
17 1.4660981538983795 17 31.0
18 5.477018753401252 4 22.0
1 9.547687077210847 1 84.0
2 3.4453589815731394 6 63.0
3 1.8252670233416282 13 55.0
4 4.706191181154533 3 54.0
5 3.7741551783876988 4 54.0
6 5.8267455493028955 2 53.0
7 1.6996603567753925 14 51.0
8 2.6942779202625995 7 49.0
9 2.3403956283512684 9 47.0
10 0.7705986622806207 17 43.0
11 0.8619911811545351 16 42.0
12 0.0 18 41.0
13 1.8800297475718715 12 39.0
14 2.2610539928140327 10 36.0
15 2.663653672256483 8 36.0
16 3.522387077210855 5 33.0
17 1.0143371057917587 15 31.0
18 2.133485031642786 11 22.0
1 3.891809632153678 1 84.0
2 1.557109732125773 13 63.0
3 3.2393817910087925 3 55.0
4 3.0545979230019173 4 54.0
5 2.246377505340624 9 54.0
6 1.4960358517185313 14 53.0
7 0.5620052921403307 17 51.0
8 1.798082625146891 11 49.0
9 2.772937505340623 5 47.0
10 1.7297333846769205 12 43.0
11 2.6199675490179404 8 42.0
12 1.4093123791391466 15 41.0
13 0.0 18 39.0
14 2.2457304444542494 10 36.0
15 0.9228111537616159 16 36.0
16 2.769707209260351 6 33.0
17 3.4425504480784506 2 31.0
18 2.6698904462663497 7 22.0
