1 5.519966875944414 2 84.0
2 1.6201681594551065 12 63.0
3 2.999630851385485 5 55.0
4 2.5879493721570124 6 54.0
5 6.1746681594545745 1 54.0
6 0.8999271240520803 14 53.0
7 0.652066875947299 16 51.0
8 1.6828486472208324 10 49.0
9 0.3173771240517207 17 47.0
10 1.7879102481058116 9 43.0
11 3.086477124052143 4 42.0
12 1.628777124052067 11 41.0
13 2.5259392211461322 8 39.0
14 0.8077367510317657 15 36.0
15 3.193868159454463 3 36.0
16 1.414973432408355 13 33.0
17 2.5559576436725213 7 31.0
18 0.0 18 22.0
1 7.989952108771866 1 84.0
2 3.0486295824804315 12 63.0
3 3.5415437071587923 8 55.0
4 4.4899076393687505 2 54.0
5 4.4885858295463645 3 54.0
6 4.350333201478048 4 53.0
7 3.6168474849053998 7 51.0
8 3.128308433644103 11 49.0
9 0.027444000000014235 17 47.0
10 2.059539117460812 15 43.0
11 1.9979076393688038 16 42.0
12 4.072590596032103 6 41.0
13 4.082376142111461 5 39.0
14 2.7320000000000975 13 36.0
15 3.439256294284805 9 36.0
16 2.0674140670126477 14 33.0
17 3.3601528203501223 10 31.0
18 0.0 18 22.0
1 5.225759673681004 3 84.0
2 1.7659920280573498 15 63.0
3 5.217581445562671 4 55.0
4 5.424233212107348 2 54.0
5 6.511200712107347 1 54.0
6 2.130485431534005 14 53.0
7 1.6649172339127774 16 51.0
8 3.1789957121073473 9 49.0
9 0.0 18 47.0
10 2.2376120280573346 12 43.0
11 2.8909708630680133 11 42.0
12 3.6838605611466972 6 41.0
13 4.664995712107349 5 39.0
14 3.504638212107346 7 36.0
15 2.154489759072882 13 36.0
16 0.7801567734065289 17 33.0
17 3.1026908630680095 10 31.0
18 3.446800712107346 8 22.0
1 6.351057847932557 1 84.0
2 2.859952383658511 12 63.0
3 4.697843851485495 3 55.0
4 3.565850300689672 7 54.0
5 4.257799267088496 4 54.0
6 3.218936543729963 10 53.0
7 3.3422771344764155 8 51.0
8 0.9887400000000666 16 49.0
9 0.7484124313037346 17 47.0
10 2.6089093731934043 13 43.0
11 3.7573332538348634 5 42.0
12 5.2743702362518405 2 41.0
13 3.7218382334873636 6 39.0
14 1.517186309955205 15 36.0
15 3.051757199886263 11 36.0
16 0.0 18 33.0
17 3.2519863099551958 9 31.0
18 1.7707989022485218 14 22.0
1 6.745430067225977 1 84.0
2 4.784846689075186 12 63.0
3 6.562243310924236 3 55.0
4 6.443269932772921 4 54.0
5 6.671093983192715 2 54.0
6 5.475516487394956 10 53.0
7 5.189112890755802 11 51.0
8 4.287986016806065 14 49.0
9 0.0 18 47.0
10 6.151164453781072 6 43.0
11 5.802427109243288 8 42.0
12 5.483563512604623 9 41.0
13 6.44326993277106 5 39.0
14 6.0421499327730075 7 36.0
15 4.427121327730625 13 36.0
16 1.7317499327725248 15 33.0
17 1.2799999327726352 16 31.0
18 0.9355300672264963 17 22.0
1 7.2961902454657075 1 84.0
2 1.8001999999999174 16 63.0
3 4.190538970870625 6 55.0
4 4.050509110239812 8 54.0
5 4.314558970870704 4 54.0
6 4.59892924960886 3 53.0
7 1.9977968696025572 14 51.0
8 4.281689985383481 5 49.0
9 1.6710719692787688 17 47.0
10 2.436156729919456 11 43.0
11 3.115087221052473 10 42.0
12 6.06682833442067 2 41.0
13 3.163736180723573 9 39.0
14 2.1633485567875645 12 36.0
15 2.131673587804484 13 36.0
16 1.9519253337306977 15 33.0
17 4.067630046616321 7 31.0
18 0.0 18 22.0
1 4.689311142900098 2 84.0
2 1.7221263762717296 12 63.0
3 4.286701917115156 3 55.0
4 1.6598867853188815 14 54.0
5 4.729542212003864 1 54.0
6 3.4364164550677327 4 53.0
7 1.972209768442006 10 51.0
8 1.1704169042243184 17 49.0
9 0.0 18 47.0
10 1.6871731881358636 13 43.0
11 2.6601380884070034 6 42.0
12 2.2526867530427617 8 41.0
13 2.2877133538788965 7 39.0
14 1.340916455067732 15 36.0
15 1.788804184208506 11 36.0
16 1.2318565807953086 16 33.0
17 2.2138666796460265 9 31.0
18 2.813717965853678 5 22.0
1 9.822804712445812 1 84.0
2 2.545440046325377 15 63.0
3 5.590308593393161 5 55.0
4 2.258339989981802 16 54.0
5 5.72504429121069 4 54.0
6 4.249024265441598 9 53.0
7 2.2046771488009136 17 51.0
8 2.577807128982319 14 49.0
9 3.189858543280072 13 47.0
10 4.375732375284898 8 43.0
11 5.1860770492780945 6 42.0
12 4.726222851969937 7 41.0
13 3.579120670492207 11 39.0
14 0.0 18 36.0
15 3.431692165363628 12 36.0
16 6.740304712525729 3 33.0
17 7.012240039261213 2 31.0
18 4.012904712462937 10 22.0
1 6.582341628756552 1 84.0
2 0.19875122480002272 17 63.0
3 3.230891856825238 4 55.0
4 2.906190609484322 7 54.0
5 3.620425982121126 3 54.0
6 2.6896487802802196 8 53.0
7 1.7706525192245266 10 51.0
8 1.6607749951780288 12 49.0
9 1.169305929126257 14 47.0
10 0.0 18 43.0
11 3.0605025828425223 6 42.0
12 4.274374460781589 2 41.0
13 3.15117969488227 5 39.0
14 0.5715399949197542 16 36.0
15 1.6853623524069503 11 36.0
16 1.293325929126258 13 33.0
17 2.374425982121127 9 31.0
18 0.5731161191204379 15 22.0
1 6.67888478018519 1 84.0
2 0.8855052817353808 16 63.0
3 2.4502633477807345 7 55.0
4 2.749860654283455 5 54.0
5 4.6234052817331 3 54.0
6 2.220579081526588 9 53.0
7 2.7904428813203657 4 51.0
8 0.0 18 49.0
9 1.4669829680071746 14 47.0
10 2.1314167678013836 10 43.0
11 2.497679081527095 6 42.0
12 5.175509077398442 2 41.0
13 1.4859999999976907 13 39.0
14 0.886932390092992 15 36.0
15 0.6274316738907046 17 36.0
16 2.265275021671903 8 33.0
17 1.794712968008054 12 31.0
18 2.002146928792413 11 22.0
1 6.745177688081444 1 84.0
2 4.1647101689081305 8 63.0
3 3.9157937964032117 10 55.0
4 3.3064818387051362 13 54.0
5 6.628594711275346 2 54.0
6 4.206348431592499 7 53.0
7 2.610073693872569 15 51.0
8 3.429189306156843 11 49.0
9 3.9954353036521844 9 47.0
10 3.3951036938725663 12 43.0
11 4.852379300250314 4 42.0
12 4.473585081558877 6 41.0
13 4.763594233024888 5 39.0
14 0.0 18 36.0
15 2.0840649184411184 16 36.0
16 2.929881682290322 14 33.0
17 4.86752141598414 3 31.0
18 1.79848155080407 17 22.0
1 5.2366405198129815 1 84.0
2 0.7549264084389722 16 63.0
3 2.5349902375126647 6 55.0
4 4.284777807689943 2 54.0
5 3.357018543926604 3 54.0
6 2.276807297996665 10 53.0
7 0.3687405198129854 17 51.0
8 0.8944706281539021 15 49.0
9 1.4538059550048645 13 47.0
10 1.2761216724970796 14 43.0
11 3.1516377456527804 5 42.0
12 2.4079268503405573 8 41.0
13 2.413531321926279 7 39.0
14 0.0 18 36.0
15 1.8322358192290402 11 36.0
16 1.7608264084389729 12 33.0
17 3.156670628153894 4 31.0
18 2.336277665877964 9 22.0
1 6.641841334347494 1 84.0
2 1.2342509016987209 17 63.0
3 1.5286593840776537 15 55.0
4 3.911896431779489 5 54.0
5 4.801271123546667 3 54.0
6 1.4780203840776547 16 53.0
7 2.9090761143105484 10 51.0
8 3.734558057155273 6 49.0
9 1.8057593840776553 13 47.0
10 1.8428872431091305 12 43.0
11 3.3489172067079545 7 42.0
12 4.7005708192980515 4 41.0
13 3.200006837444311 8 39.0
14 0.0 18 36.0
15 2.4271133135933924 11 36.0
16 3.137754516099821 9 33.0
17 5.9967580571552705 2 31.0
18 1.654067697852149 14 22.0
1 6.716948441769096 1 84.0
2 2.2020192890419836 10 63.0
3 2.0932462264441813 12 55.0
4 2.4182223531717972 9 54.0
5 3.682550595589799 3 54.0
6 2.115179700409137 11 53.0
7 2.699986201466629 6 51.0
8 1.3086055173139857 14 49.0
9 1.3643291186169026 13 47.0
10 2.673639304527758 7 43.0
11 3.187189723324004 4 42.0
12 3.879726966404635 2 41.0
13 2.4190422734397594 8 39.0
14 0.0 18 36.0
15 0.5882807828847607 17 36.0
16 1.0831664470935076 15 33.0
17 3.088549509570038 5 31.0
18 0.6688094686734871 16 22.0
1 6.45864699590785 1 84.0
2 0.7129621975401021 15 63.0
3 2.224521553080445 8 55.0
4 2.569242053857788 7 54.0
5 4.450862197539396 2 54.0
6 3.1805846082999087 5 53.0
7 0.06039477520945091 17 51.0
8 1.8286703477480348 10 49.0
9 0.4505420538162255 16 47.0
10 1.6647051739041556 11 43.0
11 3.2407000000502806 4 42.0
12 2.9217681224378897 6 41.0
13 3.432676272644475 3 39.0
14 0.0 18 36.0
15 1.606884608268481 12 36.0
16 1.1719818220096276 14 33.0
17 1.8596457766015049 9 31.0
18 1.4010081641659453 13 22.0
1 7.819969408521751 1 84.0
2 3.6238842355084415 12 63.0
3 4.1420349658714954 7 55.0
4 4.582598361129487 5 54.0
5 7.305251346819677 2 54.0
6 4.083366087694766 8 53.0
7 3.373603717256954 14 51.0
8 0.0 18 49.0
9 4.506038975812749 6 47.0
10 3.715501567290325 11 43.0
11 3.954971171082774 10 42.0
12 4.910480186249345 3 41.0
13 4.582598361129566 4 39.0
14 1.717207210877476 16 36.0
15 3.5482983611290493 13 36.0
16 1.2885801862471697 17 33.0
17 2.262199999999308 15 31.0
18 4.030353726058325 9 22.0
1 6.0655966386355615 1 84.0
2 2.8465277961827664 8 63.0
3 3.889703361364639 4 55.0
4 2.7714061628741824 9 54.0
5 3.9653978831287393 3 54.0
6 1.612306962706481 14 53.0
7 1.1974001620353574 15 51.0
8 0.0 18 49.0
9 0.7746937297315593 17 47.0
10 2.263600956197709 12 43.0
11 3.543793729732985 6 42.0
12 4.198943652065645 2 41.0
13 3.7639220365239954 5 39.0
14 2.5321837748552936 10 36.0
15 3.3438461628739016 7 36.0
16 2.146050262968086 13 33.0
17 2.511496638636374 11 31.0
18 1.0463277961826418 16 22.0
1 6.108250430093136 1 84.0
2 0.6893832257766388 14 63.0
3 0.0 18 55.0
4 2.216841505361252 9 54.0
5 4.427283225826546 4 54.0
6 3.871683225790428 6 53.0
7 0.9044274193604596 12 51.0
8 4.73825043006859 3 49.0
9 0.27709999988014333 16 47.0
10 0.1543415053413102 17 43.0
11 4.739097526856201 2 42.0
12 4.100328602191533 5 41.0
13 1.8309548386837062 10 39.0
14 1.0733622580590219 11 36.0
15 3.1046664515699685 8 36.0
16 0.7806807526957578 13 33.0
17 3.293283225790427 7 31.0
18 0.36606150536125304 15 22.0
1 4.539268053200732 3 84.0
2 1.1836681572655088 14 63.0
3 1.386775437995862 13 55.0
4 1.9627588743071405 11 54.0
5 3.7746057594282982 5 54.0
6 2.6016427062275724 7 53.0
7 0.6462581646016647 15 51.0
8 2.5393882760026 8 49.0
9 0.4139319275078799 16 47.0
10 1.594531927507869 12 43.0
11 4.5861771595478675 2 42.0
12 2.0412779417997924 10 41.0
13 4.717447316867726 1 39.0
14 2.8676733645799275 6 36.0
15 2.5351988743071305 9 36.0
16 0.21514293419192443 17 33.0
17 4.444639838061079 4 31.0
18 0.0 18 22.0
1 16.670636590908153 1 84.0
2 9.543584772726893 12 63.0
3 11.204517954546626 7 55.0
4 12.087683295455026 5 54.0
5 13.638465340909267 3 54.0
6 11.9078851136365 6 53.0
7 8.72760159090901 14 51.0
8 7.95219999999942 15 49.0
9 9.160408522727668 13 47.0
10 10.306680454544994 10 43.0
11 7.551099999999998 16 42.0
12 12.314050227272709 4 41.0
13 10.010601590909772 11 39.0
14 4.310400000000239 17 36.0
15 10.656869999999682 9 36.0
16 0.0 18 33.0
17 14.463583295454502 2 31.0
18 10.860736590909315 8 22.0
1 7.18081958300782 1 84.0
2 3.9640222408373833 12 63.0
3 7.1751870420879165 2 55.0
4 4.451552322680481 9 54.0
5 6.433819583016601 3 54.0
6 3.616560635225619 13 53.0
7 5.851122240841221 4 51.0
8 3.0361870420865156 16 49.0
9 0.035246332812592485 17 47.0
10 3.5586403429428115 14 43.0
11 5.095765413093335 7 42.0
12 4.300555113013126 10 41.0
13 5.748046332812428 5 39.0
14 0.0 18 36.0
15 4.713746332813144 8 36.0
16 4.098319583005243 11 33.0
17 5.302936227590656 6 31.0
18 3.4319248986750717 15 22.0
1 7.506978227647465 1 84.0
2 1.8469386790690907 17 63.0
3 4.260354170756234 6 55.0
4 4.64747875920215 4 54.0
5 4.45530883919006 5 54.0
6 3.309987563004993 11 53.0
7 3.588402459168702 7 51.0
8 4.9428287592021825 3 49.0
9 0.0 18 47.0
10 3.3304564552950184 9 43.0
11 3.1393243448802743 12 42.0
12 6.499344916789278 2 41.0
13 2.799050115375011 13 39.0
14 3.5292784630422673 8 36.0
15 2.200608713735883 15 36.0
16 2.636467312096535 14 33.0
17 3.329144916789229 10 31.0
18 2.1150787592023397 16 22.0
1 7.371108453488983 1 84.0
2 2.767331835373094 11 63.0
3 5.5364318347902906 3 55.0
4 0.0 18 54.0
5 6.505231834790083 2 54.0
6 2.9929967626937333 10 53.0
7 1.4512814022785827 15 51.0
8 0.29534999991800603 17 49.0
9 0.6955247007566894 16 47.0
10 2.5185590738652857 12 43.0
11 3.867120144083357 6 42.0
12 4.12624889470373 4 41.0
13 4.002228894716706 5 39.0
14 3.5232336259141155 8 36.0
15 3.363419073816907 9 36.0
16 2.214843984275405 13 33.0
17 3.8170084534611664 7 31.0
18 2.0690590737260504 14 22.0
1 5.951171243704888 1 84.0
2 0.32227230631804904 16 63.0
3 2.9096587129545872 4 55.0
4 2.7848528122484106 5 54.0
5 4.06017230633955 2 54.0
6 2.5939517524146725 6 53.0
7 0.0 18 51.0
8 1.119941042898918 12 49.0
9 0.5227356450243024 15 47.0
10 1.2285289712173766 11 43.0
11 0.1591523579145182 17 42.0
12 2.443501143308344 8 41.0
13 2.5657092241869357 7 39.0
14 1.9454456361195758 9 36.0
15 1.0793723063180474 13 36.0
16 1.5857580154147286 10 33.0
17 3.989105642029954 3 31.0
18 0.6395467004108173 14 22.0
1 5.7848000868055784 1 84.0
2 1.060643327898164 16 63.0
3 1.8765285587101275 12 55.0
4 2.7614698188022313 6 54.0
5 4.382174519051307 2 54.0
6 2.9134195507901057 4 53.0
7 0.0 18 51.0
8 2.0199263893943895 11 49.0
9 2.48077396670156 8 47.0
10 1.8315399967701977 13 43.0
11 2.324000086814819 10 42.0
12 4.129969186502022 3 41.0
13 2.761469818804184 5 39.0
14 0.8747821530560826 17 36.0
15 1.5275332279967961 15 36.0
16 1.7565274759197602 14 33.0
17 2.6095821530592103 7 31.0
18 2.453329966700808 9 22.0
1 8.362237998997497 1 84.0
2 2.846845531829578 11 63.0
3 3.374478163408524 8 55.0
4 1.8195707619047647 13 54.0
5 5.821931257142857 2 54.0
6 4.0411593523809515 5 53.0
7 2.9892664200501273 9 51.0
8 0.0 18 49.0
9 0.26337352380953183 17 47.0
10 1.3446296761904777 16 43.0
11 3.6753664380952364 7 42.0
12 4.311570761904764 4 41.0
13 3.731086761904762 6 39.0
14 2.877409577944859 10 36.0
15 1.899224841102754 12 36.0
16 5.279737998997495 3 33.0
17 1.6678100380952403 15 31.0
18 1.7449314857142886 14 22.0
1 6.53479257958328 4 84.0
2 4.818463754116508 6 63.0
3 4.279503710209672 8 55.0
4 4.370270285400702 7 54.0
5 7.808914928650086 2 54.0
6 4.140480285400893 9 53.0
7 1.6668925795830463 15 51.0
8 0.0 18 49.0
9 0.4336467947312346 17 47.0
10 2.9341376948406612 13 43.0
11 9.013986103183552 1 42.0
12 7.622276586169347 3 41.0
13 6.161286103183375 5 39.0
14 3.675746794731462 10 36.0
15 2.6324037102085995 14 36.0
16 3.4550768605925817 11 33.0
17 3.0033268605930306 12 31.0
18 0.865396289791645 16 22.0
1 8.658038533909426 1 84.0
2 5.596700000029347 3 63.0
3 2.554441378589194 11 55.0
4 0.24123523415934578 17 54.0
5 4.55249601900011 7 54.0
6 2.1955226856667758 12 53.0
7 1.2978352341698947 15 51.0
8 0.0 18 49.0
9 1.2185000001474444 16 47.0
10 3.0139742232207714 10 43.0
11 4.625831290950506 6 42.0
12 3.770001116027918 9 41.0
13 5.576816822760593 4 39.0
14 1.5485413785796014 14 36.0
15 3.8103312910708116 8 36.0
16 7.538731291070805 2 33.0
17 4.873912757157262 5 31.0
18 1.9436693522583042 13 22.0
1 11.107734760585348 1 84.0
2 5.596699999997039 13 63.0
3 8.01546895034578 6 55.0
4 6.659075589678855 11 54.0
5 8.588167164353107 4 54.0
6 7.541695903380014 8 53.0
7 8.535461300997515 5 51.0
8 0.0 18 49.0
9 4.766185239083091 15 47.0
10 5.579067164352583 14 43.0
11 7.67436883282938 7 42.0
12 10.18578960468357 2 41.0
13 9.311332997311087 3 39.0
14 5.6915258936588895 12 36.0
15 7.025386498822398 9 36.0
16 6.690698471610246 10 33.0
17 2.2621999999995452 17 31.0
18 4.294062182634541 16 22.0
1 13.213200000023182 1 84.0
2 10.174748183577142 7 63.0
3 10.08435816443658 8 55.0
4 9.261778164353657 9 54.0
5 10.208378164433041 6 54.0
6 11.494148183552793 3 53.0
7 10.318378164449037 5 51.0
8 8.273774913983962 12 49.0
9 7.715439560244617 13 47.0
10 7.19927816445202 16 43.0
11 0.0 18 42.0
12 10.529791472262673 4 41.0
13 12.200668183557124 2 39.0
14 7.22329999999563 15 36.0
15 8.648520956025148 11 36.0
16 2.9129000000010308 17 33.0
17 7.35959147227727 14 31.0
18 8.77502183555181 10 22.0
1 8.211669999999994 1 84.0
2 0.0 18 63.0
3 5.548500000000006 4 55.0
4 3.2859085185185197 7 54.0
5 3.2695144444444453 8 54.0
6 7.749769999999997 2 53.0
7 1.8870999999999942 12 51.0
8 3.0571255555555568 9 49.0
9 2.5056977777777694 11 47.0
10 0.3467329629629665 16 43.0
11 2.9809422222222244 10 42.0
12 4.519381851851841 6 41.0
13 6.421229999999992 3 39.0
14 0.8138481481481552 15 36.0
15 1.5449314814814799 14 36.0
16 1.71504703703703 13 33.0
17 5.3084699999999785 5 31.0
18 0.20511444444441462 17 22.0
1 11.217055211664096 1 84.0
2 2.1866777116772247 15 63.0
3 4.633302711633286 9 55.0
4 6.26698973547286 4 54.0
5 6.262244867748638 5 54.0
6 0.5308436508169372 17 53.0
7 1.0850336508283136 16 51.0
8 5.432763386237276 8 49.0
9 0.0 18 47.0
10 4.2044897354749295 12 43.0
11 6.128689735474531 6 42.0
12 7.220652711633287 3 41.0
13 5.670094074101023 7 39.0
14 3.140866349351369 14 36.0
15 4.252755211634742 11 36.0
16 4.342789735483301 10 33.0
17 7.662955211671041 2 31.0
18 3.179456084676821 13 22.0
1 5.07839887608282 2 84.0
2 1.579547878760278 15 63.0
3 5.844792210004121 1 55.0
4 2.685636768015921 11 54.0
5 4.891461004299332 3 54.0
6 3.776799890361085 8 53.0
7 2.1195773071997075 13 51.0
8 2.783676991592862 10 49.0
9 1.1920128997876542 17 47.0
10 1.4864355230791237 16 43.0
11 2.835692219549723 9 42.0
12 4.7725261280153575 5 41.0
13 4.363375717941804 7 39.0
14 0.0 18 36.0
15 1.9919807636599047 14 36.0
16 4.517749663612527 6 33.0
17 4.779061264422137 4 31.0
18 2.224807133217848 12 22.0
1 5.1381925406283395 2 84.0
2 1.4272419984514253 16 63.0
3 0.24002999999679364 17 55.0
4 2.558492540716077 11 54.0
5 5.219719000864778 1 54.0
6 3.9458310009968445 5 53.0
7 2.7089677266030936 8 51.0
8 3.355528098552459 6 49.0
9 1.9968473547293102 12 47.0
10 1.8988619985649855 13 43.0
11 4.225480999218027 3 42.0
12 3.1701999999798924 7 41.0
13 3.991542991787186 4 39.0
14 1.8753639918783964 14 36.0
15 2.6292469823280245 9 36.0
16 2.596794028390499 10 33.0
17 0.0 18 31.0
18 1.8226380134347568 15 22.0
1 6.987961268654082 1 84.0
2 1.527183805976105 14 63.0
3 1.7693170895451138 12 55.0
4 2.32015268656897 10 54.0
5 5.265083805943108 4 54.0
6 5.1119225373113295 5 53.0
7 4.429800000000268 7 51.0
8 1.4128458955227745 15 49.0
9 0.0 18 47.0
10 1.542365447786266 13 43.0
11 5.818493432843901 2 42.0
12 4.58647305969934 6 41.0
13 5.7128000000003905 3 39.0
14 2.0818254477563425 11 36.0
15 2.3872254477563426 9 36.0
16 3.417522537325273 8 33.0
17 0.8156687313470385 17 31.0
18 1.2160891044760482 16 22.0
1 7.517827058780739 1 84.0
2 6.548947058781607 2 63.0
3 2.5210743469700008 13 55.0
4 0.852976259593659 17 54.0
5 5.036531726931364 3 54.0
6 3.4498373626444625 9 53.0
7 0.0 18 51.0
8 3.4879985412633303 8 49.0
9 4.0486010810911415 7 47.0
10 1.706009696719144 15 43.0
11 4.369159620918567 4 42.0
12 4.253845522070504 5 41.0
13 4.21758989538466 6 39.0
14 1.433085484073246 16 36.0
15 2.2294476665095253 14 36.0
16 2.7031904337120904 12 33.0
17 3.228876259594018 11 31.0
18 3.363259620918578 10 22.0
1 6.959871697328141 1 84.0
2 1.4571483686572537 14 63.0
3 2.923303529913451 6 55.0
4 3.455682687782558 3 54.0
5 4.452256406666027 2 54.0
6 2.8726645299128553 8 53.0
7 1.4523614698849587 15 51.0
8 1.8954623511713566 11 49.0
9 0.3309153453678606 17 47.0
10 1.480147516464021 13 43.0
11 2.962369220846996 5 42.0
12 1.8782384359042577 12 41.0
13 2.908019704755574 7 39.0
14 0.0 18 36.0
15 1.133205607699175 16 36.0
16 2.4550072056321457 10 33.0
17 3.169831013780745 4 31.0
18 2.761664347302541 9 22.0
1 6.147310169093602 1 84.0
2 1.7503201690434456 15 63.0
3 3.8578104421085193 7 55.0
4 4.002210169048116 6 54.0
5 5.27573349802844 3 54.0
6 4.574670169043083 4 53.0
7 4.139078647579872 5 51.0
8 2.9275701690449694 10 49.0
9 0.8269577373014059 16 47.0
10 1.9397101690265708 14 43.0
11 3.798910741212924 8 42.0
12 3.0098622366978645 9 41.0
13 5.422078647632148 2 39.0
14 2.479170169051102 11 36.0
15 2.3147592457492094 12 36.0
16 2.0686568270565764 13 33.0
17 0.0 18 31.0
18 0.7864377632643675 17 22.0
1 3.1754666666713285 5 84.0
2 2.7850714035217075 9 63.0
3 4.0552203508897975 2 55.0
4 3.7216540350948555 3 54.0
5 3.175466666696779 4 54.0
6 1.9802671929859315 11 53.0
7 0.8273282456209443 16 51.0
8 1.039367719308276 13 49.0
9 0.027444000010087066 17 47.0
10 1.791084035095238 12 43.0
11 2.796996140346457 8 42.0
12 2.0402000000100897 10 41.0
13 2.875506140358888 7 39.0
14 0.86493666667536 15 36.0
15 4.294094035096531 1 36.0
16 0.9510333333390164 14 33.0
17 3.008716140362398 6 31.0
18 0.0 18 22.0
1 7.8480662692912215 1 84.0
2 1.5737000000000698 13 63.0
3 2.756855406154707 9 55.0
4 0.0 18 54.0
5 5.493538976065098 3 54.0
6 2.9907616865354205 8 53.0
7 2.62056305794289 10 51.0
8 5.483126840402967 4 49.0
9 1.4525885121523028 14 47.0
10 1.816285406154715 12 43.0
11 3.849150709731115 7 42.0
12 5.889602676277611 2 41.0
13 3.9775314083726143 6 39.0
14 2.246587856944826 11 36.0
15 1.4170616865354566 15 36.0
16 1.2850965474540446 16 33.0
17 5.27764055909796 5 31.0
18 0.4386977543665047 17 22.0
1 5.42143699303031 2 84.0
2 1.3505406833621734 12 63.0
3 2.732435049291946 6 55.0
4 0.9290540448256341 15 54.0
5 6.277014302890327 1 54.0
6 2.5988850434457653 7 53.0
7 1.2776225176068883 13 51.0
8 1.5408085337885744 10 49.0
9 0.0 18 47.0
10 0.8277581846963247 16 43.0
11 2.7708489467520057 5 42.0
12 4.629914302889387 3 41.0
13 1.5396369930377745 11 39.0
14 0.44453151997934115 17 36.0
15 1.1326514963331507 14 36.0
16 2.3494239503893364 8 33.0
17 3.2202627233608028 4 31.0
18 2.025270060207083 9 22.0
1 8.317691688426837 1 84.0
2 3.629257600792904 10 63.0
3 2.032536384431748 12 55.0
4 4.911802296417191 6 54.0
5 5.019166857562537 4 54.0
6 4.924094480077288 5 53.0
7 1.0121730848417627 16 51.0
8 4.1087206227888124 8 49.0
9 0.13267682925904056 17 47.0
10 2.05836312779138 11 43.0
11 3.638346992422054 9 42.0
12 4.8920905307268825 7 41.0
13 5.535179166001055 3 39.0
14 0.0 18 36.0
15 1.3064937895354416 14 36.0
16 1.306493789535399 15 33.0
17 5.666146169683477 2 31.0
18 1.8536207215080873 13 22.0
1 5.809899999999997 1 84.0
2 0.05432900131973062 17 63.0
3 2.842459286555004 9 55.0
4 2.3807984655663863 10 54.0
5 4.100155393714941 5 54.0
6 3.0933325620757617 8 53.0
7 3.264913675880715 7 51.0
8 3.3121251609539866 6 49.0
9 0.263077322799536 16 47.0
10 1.4304575970246551 15 43.0
11 2.349099999999997 11 42.0
12 4.102959158742694 4 41.0
13 4.205651261320618 3 39.0
14 5.764975144790933 2 36.0
15 2.0661251609539857 12 36.0
16 1.4545751447909334 14 33.0
17 1.921322962065011 13 31.0
18 0.0 18 22.0
1 8.790779576632156 1 84.0
2 7.821899576634141 2 63.0
3 5.14058645766308 5 55.0
4 3.1549864389033733 11 54.0
5 5.2646064576613885 4 54.0
6 3.432212915331617 10 53.0
7 0.0 18 51.0
8 5.869099217575728 3 49.0
9 0.7102914389033752 17 47.0
10 1.7833802090028876 16 43.0
11 2.1314864576627683 14 42.0
12 5.13996996249572 6 41.0
13 4.852310664518107 7 39.0
14 3.7381462379433463 9 36.0
15 4.691218472665917 8 36.0
16 2.8785868756696384 12 33.0
17 2.4268368756691876 13 31.0
18 1.9057935423336065 15 22.0
1 1.3431075501720096 12 84.0
2 0.37422755017201137 16 63.0
3 3.5249963549179406 2 55.0
4 1.7752645928768709 9 54.0
5 3.369604285861744 3 54.0
6 1.8830372992052884 6 53.0
7 1.4402720287095236 11 51.0
8 0.7325814462411726 13 49.0
9 0.0 18 47.0
10 2.0103732766228792 5 43.0
11 2.6017620342780745 4 42.0
12 4.154661610803988 1 41.0
13 1.6429564692237681 10 39.0
14 0.6662114922063636 14 36.0
15 1.8778963549179395 7 36.0
16 0.038133414518450204 17 33.0
17 0.5340466525973673 15 31.0
18 1.8551618225410313 8 22.0
1 7.813400000000004 7 84.0
2 4.776565085190048 14 63.0
3 9.919012765399748 2 55.0
4 9.000772765399748 5 54.0
5 9.11396961992137 3 54.0
6 3.392100000000004 17 53.0
7 5.013454914809968 13 51.0
8 6.488230733944963 12 49.0
9 7.1398676671035455 9 47.0
10 0.0 18 43.0
11 8.878893643512459 6 42.0
12 9.070320340760166 4 41.0
13 4.098620000000006 15 39.0
14 3.772563840104858 16 36.0
15 7.50058766710355 8 36.0
16 6.937781690694633 10 33.0
17 10.91078766710355 1 31.0
18 6.6123755963302875 11 22.0
1 6.979270758932607 1 84.0
2 0.625654923735814 17 63.0
3 5.666266897347336 4 55.0
4 4.7202991905436225 7 54.0
5 4.713054602763687 8 54.0
6 3.178369018282769 11 53.0
7 2.822928346965974 12 51.0
8 2.351875447755835 15 49.0
9 2.4408996896016717 13 47.0
10 4.6486536339396105 9 43.0
11 4.507841517866508 10 42.0
12 5.823471820122155 2 41.0
13 4.924054604118809 6 39.0
14 0.0 18 36.0
15 5.667061820121775 3 36.0
16 2.2203546041212894 16 33.0
17 5.092454923735945 5 31.0
18 2.37606411869169 14 22.0
1 7.288433310342885 1 84.0
2 0.6663564827587107 16 63.0
3 1.008495931034448 14 55.0
4 0.0 18 54.0
5 5.339743517238403 2 54.0
6 2.776892551725766 6 53.0
7 1.3488000000010347 13 51.0
8 1.3834453793067472 12 49.0
9 2.3027875172411103 9 47.0
10 0.06792593103403233 17 43.0
11 1.9921259310356538 11 42.0
12 2.4919999999994173 7 41.0
13 3.4066333103452395 4 39.0
14 3.005513310344622 5 36.0
15 2.3355899999999994 8 36.0
16 0.7385989655176013 15 33.0
17 3.8245740689683494 3 31.0
18 2.275343517242091 10 22.0
1 7.503700000000345 1 84.0
2 0.8907035927442783 17 63.0
3 0.0 18 55.0
4 4.5855670684605485 9 54.0
5 7.287046565243113 2 54.0
6 3.802621966061856 11 53.0
7 2.669964751316602 13 51.0
8 5.178996465768523 8 49.0
9 6.298266664716266 6 47.0
10 1.9415720538323544 15 43.0
11 2.201405909889006 14 42.0
12 5.710042434172394 7 41.0
13 7.077736764189291 4 39.0
14 1.1811372440023997 16 36.0
15 4.20330353423066 10 36.0
16 7.0777466647162655 3 33.0
17 6.6259966647162845 5 31.0
18 3.453186863664624 12 22.0
1 11.640784932770904 1 84.0
2 0.0 18 63.0
3 5.670574907563541 11 55.0
4 7.492149554621047 9 54.0
5 9.584934974789006 4 54.0
6 3.014109999999912 16 53.0
7 3.568300000000551 15 51.0
8 8.061834974794813 8 49.0
9 5.373449554626179 13 47.0
10 9.10910981512722 6 43.0
11 2.6358397899160355 17 42.0
12 4.711499999999901 14 41.0
13 9.754339815120979 3 39.0
14 9.384280176471306 5 36.0
15 9.953969815125816 2 36.0
16 5.523104672267917 12 33.0
17 8.762144915968383 7 31.0
18 6.652280176466489 10 22.0
1 6.161744114195251 1 84.0
2 1.6928278373472405 8 63.0
3 2.942773387827065 5 55.0
4 2.4005989721111174 7 54.0
5 4.1754013953372535 3 54.0
6 1.502626442640647 9 53.0
7 0.04453523162570372 17 51.0
8 0.0 18 49.0
9 1.3997721758855048 10 47.0
10 1.1663013979148735 12 43.0
11 0.967070451174971 14 42.0
12 4.461838527548143 2 41.0
13 3.4908787113338104 4 39.0
14 0.7585577799799319 16 36.0
15 1.125235648031162 13 36.0
16 1.2368342461205948 11 33.0
17 2.6827866586707274 6 31.0
18 0.875972035885074 15 22.0
1 7.358698530093994 1 84.0
2 1.0197887472926006 16 63.0
3 2.8784362709031237 6 55.0
4 3.202893425512558 4 54.0
5 4.88047933117826 2 54.0
6 2.7296732780058637 7 53.0
7 1.2188413770574735 13 51.0
8 1.1508570694315372 14 49.0
9 1.0599764189332772 15 47.0
10 3.151098530093996 5 43.0
11 2.5963566929688127 8 42.0
12 4.208481890607295 3 41.0
13 1.9611833236582252 11 39.0
14 0.8444285334370742 17 36.0
15 1.8722178584791103 12 36.0
16 0.0 18 33.0
17 2.5359965928961192 9 31.0
18 2.2097103077725584 10 22.0
1 6.581371564600353 1 84.0
2 2.579416400679666 12 63.0
3 2.6893552648849277 10 55.0
4 0.8271605551882009 17 54.0
5 6.09939346110656 2 54.0
6 2.58617605754124 11 53.0
7 1.4335825338957329 13 51.0
8 0.0 18 49.0
9 0.9390760575412378 16 47.0
10 1.4282581223856443 14 43.0
11 4.047246650534614 4 42.0
12 4.912056102364092 3 41.0
13 3.4294625893095625 6 39.0
14 1.0352491022719965 15 36.0
15 3.0030441987972343 8 36.0
16 2.774341747059855 9 33.0
17 3.413976794439893 7 31.0
18 4.040076794439893 5 22.0
1 6.3446679178302 2 84.0
2 2.869887547153727 13 63.0
3 4.424698870021391 6 55.0
4 3.6478374878913424 8 54.0
5 6.677560065245197 1 54.0
6 1.647099999999978 15 53.0
7 3.0532825121080847 11 51.0
8 4.304191905806236 7 49.0
9 0.0 18 47.0
10 3.620822212091105 10 43.0
11 1.9242000000001125 14 42.0
12 5.36335221266592 3 41.0
13 4.635876141090645 5 39.0
14 1.322986905806236 16 36.0
15 3.6413922115225676 9 36.0
16 0.12401999999999491 17 33.0
17 4.846221598949557 4 31.0
18 2.925870288619807 12 22.0
1 7.382557681427601 1 84.0
2 1.8001999999999505 17 63.0
3 6.336308840713796 3 55.0
4 5.401491019167198 5 54.0
5 6.460328840713815 2 54.0
6 4.6471571764705475 10 53.0
7 5.3963951513549295 6 51.0
8 5.640469641771304 4 49.0
9 3.080840391275599 14 47.0
10 2.4112870270985196 16 43.0
11 4.867513250495645 9 42.0
12 4.9794596417713 8 41.0
13 2.9083472174487763 15 39.0
14 3.4007611844018313 13 36.0
15 3.522343606080643 12 36.0
16 4.595358264375398 11 33.0
17 5.205304132187703 7 31.0
18 0.0 18 22.0
1 7.940268388561031 1 84.0
2 0.818968388358505 16 63.0
3 3.5880683893854943 7 55.0
4 0.5423872037414377 17 54.0
5 3.7065045022454557 4 54.0
6 1.3561752606267055 12 53.0
7 1.4614360185239752 11 51.0
8 0.0 18 49.0
9 1.2184999998694652 13 47.0
10 1.1463337439545433 14 43.0
11 4.479468388504491 2 42.0
12 3.6904744076818736 5 41.0
13 4.011869146604444 3 39.0
14 3.4277168245223097 8 36.0
15 3.663968388516933 6 36.0
16 0.8592399051658892 15 33.0
17 2.262199999403191 9 31.0
18 2.1303683883144116 10 22.0
1 3.410011131131136 6 84.0
2 0.13838478370434393 17 63.0
3 3.5924060487630483 4 55.0
4 2.0365711170217877 11 54.0
5 4.321904735974073 1 54.0
6 3.325109366223364 8 53.0
7 1.5674875543956637 13 51.0
8 2.2246038878243284 10 49.0
9 3.443103887824335 5 47.0
10 0.3114992181387788 16 43.0
11 3.6022093662233674 3 42.0
12 2.5471384362775535 9 41.0
13 3.364737139552253 7 39.0
14 1.587619474871723 12 36.0
15 1.4053813069895285 14 36.0
16 0.0 18 33.0
17 3.95520912828702 2 31.0
18 0.5300981599059373 15 22.0
1 6.15264130733841 1 84.0
2 0.5975417853127003 16 63.0
3 3.741787096454888 5 55.0
4 2.113022902898064 8 54.0
5 6.084445555611025 2 54.0
6 1.9939651475678164 9 53.0
7 0.8888455324348934 14 51.0
8 1.8070855555869998 11 49.0
9 0.0 18 47.0
10 1.0148076523905196 13 43.0
11 2.3028875368568014 7 42.0
12 5.467723779171991 3 41.0
13 1.8405767536303606 10 39.0
14 0.6603066296411675 15 36.0
15 1.6910893678091652 12 36.0
16 2.9477539993427224 6 33.0
17 4.776632341915335 4 31.0
18 0.20250487317332722 17 22.0
1 6.81610529651666 1 84.0
2 0.0 18 63.0
3 2.866767850843045 12 55.0
4 3.0217195218416157 9 54.0
5 4.4319686130769895 7 54.0
6 5.296402869643568 3 53.0
7 1.7894321491566623 16 51.0
8 2.8913054492672607 11 49.0
9 2.924794083080114 10 47.0
10 3.5737834364113708 8 43.0
11 5.497983436411349 2 42.0
12 5.021053084323892 4 41.0
13 4.711184039673479 6 39.0
14 0.5896642983138491 17 36.0
15 2.5610052965145798 13 36.0
16 2.1140317768876224 14 33.0
17 4.741309229333897 5 31.0
18 1.8987517756428345 15 22.0
1 7.2281312913012865 1 84.0
2 0.0 18 63.0
3 3.458432891620993 7 55.0
4 2.5401928916200998 12 54.0
5 4.982371604839514 4 54.0
6 2.7983805368268793 10 53.0
7 2.531782176310185 13 51.0
8 0.17492916260854763 17 49.0
9 1.84365932868685 16 47.0
10 2.215129162609302 14 43.0
11 5.31010160483922 3 42.0
12 5.576779204129115 2 41.0
13 3.992878182032743 6 39.0
14 3.304235813621804 8 36.0
15 2.8287445916836056 9 36.0
16 2.646871604837295 11 33.0
17 4.0404406713174 5 31.0
18 2.0115634860614557 15 22.0
1 7.100615172923446 1 84.0
2 0.8912686047886593 15 63.0
3 3.155036816435122 8 55.0
4 3.0855151729234467 9 54.0
5 5.100603476204549 3 54.0
6 3.8185677120898625 6 53.0
7 2.5055418888560466 12 51.0
8 2.2163117410582376 13 49.0
9 0.0730151729234465 17 47.0
10 0.8097381761749936 16 43.0
11 3.36698845699084 7 42.0
12 5.577515172923445 2 41.0
13 4.096973219036358 5 39.0
14 2.149136816435118 14 36.0
15 2.5912383476204592 11 36.0
16 2.7651034762045543 10 33.0
17 4.250529054093997 4 31.0
18 0.0 18 22.0
1 6.92918479670209 4 84.0
2 3.052349094511884 15 63.0
3 3.576332560848833 10 55.0
4 7.547017028135244 2 54.0
5 7.874747028135255 1 54.0
6 6.41594758307272 5 53.0
7 4.1729154780201725 8 51.0
8 5.074764816023942 7 49.0
9 3.2128637211365656 12 47.0
10 3.2060047773802243 14 43.0
11 0.9946220682970228 17 42.0
12 7.4707486705896855 3 41.0
13 6.220140496993361 6 39.0
14 3.2110014005610905 13 36.0
15 0.0 18 36.0
16 3.9075220682970477 9 33.0
17 3.4329860341485063 11 31.0
18 1.2562139658514861 16 22.0
1 15.054398947368394 1 84.0
2 7.033498947368332 12 63.0
3 8.439116842105333 10 55.0
4 12.611648947368407 7 54.0
5 7.58805842105261 11 54.0
6 13.94159894736833 3 53.0
7 13.668248947368369 4 51.0
8 2.800281052631621 17 49.0
9 0.0 18 47.0
10 4.092491578947397 16 43.0
11 5.041613157894679 14 42.0
12 13.955068947368396 2 41.0
13 5.712799999999998 13 39.0
14 4.631951578947365 15 36.0
15 13.0832789473685 5 36.0
16 13.08327894736838 6 33.0
17 11.500298947368497 8 31.0
18 10.079248947368395 9 22.0
1 6.494056774633073 2 84.0
2 2.542811531287853 11 63.0
3 3.5140668099579386 8 55.0
4 3.0625752607739662 10 54.0
5 5.335761704645367 3 54.0
6 3.3431345938635944 9 53.0
7 1.7257922437000028 13 51.0
8 0.0 18 49.0
9 0.9144632079381343 15 47.0
10 2.215663304198828 12 43.0
11 4.262345315055029 5 42.0
12 4.15621586633322 6 41.0
13 6.627263207938137 1 39.0
14 0.7553345923102173 17 36.0
15 1.4841845923102193 14 36.0
16 0.7569122437000257 16 33.0
17 3.9557230625757116 7 31.0
18 4.581823062575717 4 22.0
1 5.809899999985797 5 84.0
2 4.095755852090567 11 63.0
3 4.0781036334368785 12 55.0
4 4.873763408348461 8 54.0
5 6.030327556266326 4 54.0
6 4.643973408359476 9 53.0
7 5.1981634083567165 7 51.0
8 4.611720643095608 10 49.0
9 0.6067968810247772 17 47.0
10 2.175743504824561 15 43.0
11 1.0058999999964562 16 42.0
12 8.061991704174408 1 41.0
13 5.524277138257945 6 39.0
14 3.460550257232241 14 36.0
15 7.905581704177655 2 36.0
16 3.694827556271234 13 33.0
17 7.061792025719768 3 31.0
18 0.0 18 22.0
1 5.416560502660344 1 84.0
2 1.0542324886886498 15 63.0
3 3.66871412514213 4 55.0
4 2.169866462241166 10 54.0
5 3.9780844754460207 3 54.0
6 1.5458065237315044 13 53.0
7 1.9000343150843833 12 51.0
8 3.641800000000002 5 49.0
9 0.054982606293002334 17 47.0
10 0.892701101418967 16 43.0
11 3.4216586279924166 6 42.0
12 4.022805911381517 2 41.0
13 2.930334432347398 8 39.0
14 0.0 18 36.0
15 1.3773589891725169 14 36.0
16 2.0725468282016335 11 33.0
17 3.0780252280889515 7 31.0
18 2.4426405716430075 9 22.0
1 12.632661788621053 1 84.0
2 0.0 18 63.0
3 5.128961788621032 2 55.0
4 3.560378875118973 5 54.0
5 4.934754619956875 3 54.0
6 3.253972468677756 7 53.0
7 2.893929179697392 9 51.0
8 1.40230358637168 15 49.0
9 1.6790635863716792 14 47.0
10 2.573097262873689 10 43.0
11 3.5294453800431325 6 42.0
12 3.076593216332247 8 41.0
13 4.781035331870019 4 39.0
14 0.7288500000000009 17 36.0
15 1.0980435863716216 16 36.0
16 2.1385721137895555 11 33.0
17 1.7285328462928269 13 31.0
18 2.1236991031642867 12 22.0
1 5.989899999999545 1 84.0
2 4.80021099784574 3 63.0
3 4.459406794117312 4 55.0
4 2.962521599984284 5 54.0
5 4.973127949212629 2 54.0
6 1.7599833761880965 11 53.0
7 0.7980067941172213 14 51.0
8 0.5780800434112596 15 49.0
9 1.381711026979342 12 47.0
10 2.1089253287669387 10 43.0
11 0.42374785039946894 16 42.0
12 2.215020085152638 9 41.0
13 2.827672347986909 6 39.0
14 0.0 18 36.0
15 2.827024959321167 7 36.0
16 2.3044656573875146 8 33.0
17 0.38281809478373874 17 31.0
18 1.0089180947837666 13 22.0
1 5.648022456491641 1 84.0
2 1.8250476510448281 7 63.0
3 1.4959347967154106 13 55.0
4 0.5404519724831689 17 54.0
5 1.6199547967154102 10 54.0
6 1.5088829817618379 12 53.0
7 1.8861562939215113 6 51.0
8 0.9645008293710832 16 49.0
9 0.0 18 47.0
10 2.4671997867610966 5 43.0
11 1.6327512724770572 8 42.0
12 3.3594345421070546 2 41.0
13 1.6208318515071152 9 39.0
14 2.5538976510448275 4 36.0
15 3.3046106599709937 3 36.0
16 1.000410536178265 15 33.0
17 1.5964049217146807 11 31.0
18 1.2981632454404597 14 22.0
1 7.141622851943044 1 84.0
2 3.4571465617728463 7 63.0
3 2.9415328850580593 9 55.0
4 5.952179877442955 3 54.0
5 6.316336902944354 2 54.0
6 2.720322851935764 10 53.0
7 1.1207369029652465 14 51.0
8 1.0732228519371017 15 49.0
9 2.3092207552149295 11 47.0
10 0.0 18 43.0
11 4.441648174892741 5 42.0
12 3.906930211990864 6 41.0
13 3.0620404239807204 8 39.0
14 0.5851798774363348 17 36.0
15 2.0809575389157793 12 36.0
16 1.005899999994035 16 33.0
17 5.280448658495936 4 31.0
18 1.9703642133099055 13 22.0
1 7.398434206721532 2 84.0
2 4.932817891802373 8 63.0
3 7.701917891851771 1 55.0
4 2.917408943632389 15 54.0
5 5.9692026294262535 4 54.0
6 3.4863278926004697 12 53.0
7 4.040517891632345 11 51.0
8 4.446102628519323 10 49.0
9 0.0 18 47.0
10 5.4044378918129645 5 43.0
11 6.57327683910583 3 42.0
12 5.115576839598997 6 41.0
13 4.991556837310995 7 39.0
14 3.242099996549467 13 36.0
15 3.065868418159533 14 36.0
16 0.1240199965494515 17 33.0
17 4.723202628519323 9 31.0
18 1.5885342077599471 16 22.0
1 5.8385000247532535 4 84.0
2 4.869619993733698 7 63.0
3 0.36071999999241244 17 55.0
4 5.700119999689971 5 54.0
5 3.595800000095006 10 54.0
6 1.6943999999680246 13 53.0
7 6.756720001548732 3 51.0
8 4.637803326375627 8 49.0
9 1.222680001175839 15 47.0
10 0.4535000015772872 16 43.0
11 2.3776999937290957 11 42.0
12 4.146096662423803 9 41.0
13 8.776823333409702 1 39.0
14 8.375703332888438 2 36.0
15 1.5833999938229852 14 36.0
16 0.0 18 33.0
17 2.349799999592787 12 31.0
18 5.643703335081992 6 22.0
1 3.5073117882807088 5 84.0
2 0.39113303300725044 17 63.0
3 4.723554682660053 2 55.0
4 3.024205330259484 6 54.0
5 4.158289371322949 3 54.0
6 2.7086450554144905 8 53.0
7 1.0621546826600536 13 51.0
8 3.0141636555279883 7 49.0
9 0.9617416436499682 14 47.0
10 0.5705335286730966 16 43.0
11 2.345475368603422 9 42.0
12 4.787684186517785 1 41.0
13 1.1218329605119364 12 39.0
14 0.6648935737658979 15 36.0
15 1.415393528673095 11 36.0
16 1.5435117246516743 10 33.0
17 3.6288133033865684 4 31.0
18 0.0 18 22.0
1 4.020423587537604 4 84.0
2 2.4798447833838613 8 63.0
3 5.248944783383828 1 55.0
4 0.9506500000000024 15 54.0
5 5.152415029939403 2 54.0
6 2.8018501235009223 7 53.0
7 0.7440378885469934 16 51.0
8 1.2460000000016822 14 49.0
9 2.0276952062319977 11 47.0
10 2.0476821825600804 10 43.0
11 1.5027005160573506 13 42.0
12 4.187845504340002 3 41.0
13 3.472573606250167 5 39.0
14 0.6644357415395463 17 36.0
15 0.0 18 36.0
16 2.914045979229908 6 33.0
17 2.3573213595721256 9 31.0
18 1.998355052886517 12 22.0
1 6.005392778915279 1 84.0
2 1.2373618596083964 13 63.0
3 3.2917967942323703 4 55.0
4 2.536000655458723 8 54.0
5 3.7695691831041245 2 54.0
6 2.7249615441342634 7 53.0
7 1.2992747782170855 12 51.0
8 1.6278186725998935 11 49.0
9 1.0111978826525716 15 47.0
10 2.1325981891347636 10 43.0
11 2.818605490835884 6 42.0
12 3.4102895495469294 3 41.0
13 2.8905989567455426 5 39.0
14 0.0 18 36.0
15 0.7288499999999998 17 36.0
16 0.778462179621831 16 33.0
17 2.451292778915278 9 31.0
18 1.0806258365642205 14 22.0
1 9.591339333494286 1 84.0
2 1.401652800000452 16 63.0
3 5.4243287999351075 6 55.0
4 3.939618799944907 14 54.0
5 7.492858798676513 2 54.0
6 5.892033733237354 5 53.0
7 0.0 18 51.0
8 4.2759475999295695 11 49.0
9 4.213919867044839 12 47.0
10 4.483758800245346 9 43.0
11 6.509047200326776 3 42.0
12 4.926479199915818 7 41.0
13 2.469673599918528 15 39.0
14 4.41842879999422 10 36.0
15 4.512058800243511 8 36.0
16 4.197633733332542 13 33.0
17 6.246858800195696 4 31.0
18 0.7881263999807184 17 22.0
1 9.294319866065461 1 84.0
2 3.1679108783697925 11 63.0
3 3.408031278036482 10 55.0
4 2.2961245576108924 12 54.0
5 5.143853715767666 4 54.0
6 4.006987788693953 7 53.0
7 1.9368147539224834 13 51.0
8 0.9887399999989697 15 49.0
9 0.7258724317511414 17 47.0
10 3.516432185243661 8 43.0
11 5.640423709360846 3 42.0
12 4.234880661125999 6 41.0
13 4.5126911477339355 5 39.0
14 0.834714753919223 16 36.0
15 3.4218084540953804 9 36.0
16 0.0 18 33.0
17 6.756361604006637 2 31.0
18 1.848033968044019 14 22.0
1 6.38125230162515 2 84.0
2 0.0 18 63.0
3 5.9632470234175905 3 55.0
4 5.011587925431301 4 54.0
5 4.719116716813437 5 54.0
6 3.0316680539546925 10 53.0
7 2.0137682961343004 12 51.0
8 3.046967906329617 9 49.0
9 1.4172999999999931 15 47.0
10 0.11098436863228667 17 43.0
11 3.2422257507008996 7 42.0
12 6.898899789904727 1 41.0
13 3.0529653796721945 8 39.0
14 0.7366738594943962 16 36.0
15 1.7383167168134337 13 36.0
16 1.5883006833098647 14 33.0
17 3.457437584788442 6 31.0
18 2.721361953164806 11 22.0
1 8.043239999999656 1 84.0
2 1.6635612286581993 14 63.0
3 2.990294506639312 9 55.0
4 0.0 18 54.0
5 5.257063202085261 3 54.0
6 3.62194000000008 7 53.0
7 1.0566000000000058 15 51.0
8 1.9748399999999828 13 49.0
9 0.9320700379519127 16 47.0
10 2.942682253321385 10 43.0
11 4.934789544591478 5 42.0
12 5.691717860528415 2 41.0
13 5.054397746679782 4 39.0
14 0.6493506309311758 17 36.0
15 4.020097746679236 6 36.0
16 2.7249410294105942 11 33.0
17 2.328670830170735 12 31.0
18 3.154402253320558 8 22.0
1 4.2551000000000005 10 84.0
2 5.724732820512828 5 63.0
3 4.688934358974359 9 55.0
4 4.151032820512826 11 54.0
5 8.425454871794873 1 54.0
6 6.886948717948719 4 53.0
7 5.207632820512827 6 51.0
8 0.8138328205128218 17 49.0
9 2.0323328205128233 15 47.0
10 3.9270158974358975 12 43.0
11 1.2476671794871788 16 42.0
12 8.382281538461545 2 41.0
13 7.286286666666671 3 39.0
14 4.898643076923079 7 36.0
15 0.0 18 36.0
16 4.76038153846154 8 33.0
17 2.6438656410256414 14 31.0
18 2.8377984615384637 13 22.0
1 5.036716034919126 5 84.0
2 4.478701921102555 9 63.0
3 5.614632362477709 2 55.0
4 4.824967930429542 6 54.0
5 5.036716034962061 4 54.0
6 4.3657811634896015 10 53.0
7 0.0 18 51.0
8 1.1277839650739523 17 49.0
9 3.7436871100176896 12 47.0
10 1.9219639650739782 15 43.0
11 3.975096941126152 11 42.0
12 2.517396941240446 13 41.0
13 6.0733695256205795 1 39.0
14 5.439900723391621 3 36.0
15 4.48978246748693 8 36.0
16 4.603086689829785 7 33.0
17 1.4826160349257549 16 31.0
18 2.1336839649922537 14 22.0
1 6.255909607845341 2 84.0
2 0.0 18 63.0
3 5.65569725490514 3 55.0
4 4.382761372547827 9 54.0
5 6.425171960787826 1 54.0
6 4.523771960785732 8 53.0
7 4.305066666661696 10 51.0
8 4.17935784314065 11 49.0
9 0.680533333331562 16 47.0
10 5.09009666666998 7 43.0
11 3.851902549020076 14 42.0
12 5.448266666678245 5 41.0
13 5.588066666673829 4 39.0
14 2.659371960785731 15 36.0
15 5.291856666666271 6 36.0
16 4.089671960782676 12 33.0
17 4.063622549021705 13 31.0
18 0.6530893333359251 17 22.0
1 5.7075754428884355 1 84.0
2 1.5736999999999974 17 63.0
3 3.827149823330707 3 55.0
4 0.0 18 54.0
5 3.900995914571113 2 54.0
6 3.339376624492645 4 53.0
7 2.001978301869557 13 51.0
8 2.068580843173595 11 49.0
9 1.8183763409963354 15 47.0
10 1.8842760011502544 14 43.0
11 2.888926367527362 7 42.0
12 2.749048164242542 8 41.0
13 3.2960040192155824 5 39.0
14 2.0325632239116764 12 36.0
15 2.1731592548433225 10 36.0
16 1.8006382605511462 16 33.0
17 2.952241466276127 6 31.0
18 2.1783536267861363 9 22.0
1 9.731490688571373 2 84.0
2 3.4494524054367646 13 63.0
3 4.782769809146949 9 55.0
4 9.108590688571303 3 54.0
5 5.599846519825803 4 54.0
6 5.159793884393196 8 53.0
7 5.33655240543555 6 51.0
8 0.0 18 49.0
9 3.224607547104859 16 47.0
10 3.324763186492217 15 43.0
11 5.193559853158885 7 42.0
12 11.600590688571303 1 41.0
13 4.563120949599482 10 39.0
14 3.7415906885712795 12 36.0
15 3.43569708021524 14 36.0
16 4.367672405435743 11 33.0
17 5.35877063421563 5 31.0
18 2.509377785417573 17 22.0
1 11.190944476190491 1 84.0
2 0.0 18 63.0
3 5.993802261904777 5 55.0
4 5.29797333333334 8 54.0
5 8.884386690476205 2 54.0
6 5.483156619047635 7 53.0
7 4.148793333333345 10 51.0
8 2.8936233333333443 13 49.0
9 1.8162383333333336 16 47.0
10 4.933823333333345 9 43.0
11 3.7714733333333452 11 42.0
12 5.75199997619049 6 41.0
13 6.975073333333348 4 39.0
14 0.3299116666666668 17 36.0
15 2.575896666666668 15 36.0
16 2.9748350000000023 12 33.0
17 7.108283333333349 3 31.0
18 2.7655733333333408 14 22.0
1 6.810628743322949 1 84.0
2 0.8425504572392328 16 63.0
3 3.2627991335892936 9 55.0
4 4.030705705763436 4 54.0
5 5.869449853479195 2 54.0
6 3.3757019032954276 7 53.0
7 0.0 18 51.0
8 4.346349853504022 3 49.0
9 0.9581305943019374 15 47.0
10 1.6309631610218434 14 43.0
11 3.34982874329853 8 42.0
12 3.4645020257342267 6 41.0
13 0.49712874332294943 17 39.0
14 1.920251780945948 12 36.0
15 3.745897779630665 5 36.0
16 2.761651012860847 10 33.0
17 2.611964296326141 11 31.0
18 1.6995510128573648 13 22.0
1 8.26316923516405 1 84.0
2 3.598981380986702 9 63.0
3 3.5898253710964396 10 55.0
4 2.770755528540075 14 54.0
5 4.208097104008772 6 54.0
6 3.3634287333887376 12 53.0
7 3.370932648028181 11 51.0
8 2.2106436348025613 16 49.0
9 3.9424754336267673 7 47.0
10 2.3086086794769805 15 43.0
11 3.736754339738693 8 42.0
12 4.490632790296165 4 41.0
13 4.218280761842179 5 39.0
14 0.0 18 36.0
15 2.7859626480283977 13 36.0
16 4.623582334395356 3 33.0
17 4.809749581671292 2 31.0
18 2.127113180792877 17 22.0
1 6.256214504572808 1 84.0
2 4.0105021334458755 5 63.0
3 4.263402450928516 2 55.0
4 2.4368021334458776 14 54.0
5 4.1144268859288164 3 54.0
6 2.9706046130807437 10 53.0
7 2.315727279141837 15 51.0
8 2.5304797889668937 12 49.0
9 2.1957161019278018 17 47.0
10 3.8185454879542036 6 43.0
11 3.2407000000000004 9 42.0
12 3.6017677601045928 7 41.0
13 3.5057612490410257 8 39.0
14 0.0 18 36.0
15 2.260276103744522 16 36.0
16 4.07231118694151 4 33.0
17 2.868426885928814 11 31.0
18 2.4644321001110825 13 22.0
1 6.398809955150437 1 84.0
2 1.4487928529220397 14 63.0
3 2.356834852548803 9 55.0
4 2.4585843676665973 8 54.0
5 5.374560610692194 2 54.0
6 2.7838530704461184 6 53.0
7 0.0 18 51.0
8 1.5195546855813626 13 49.0
9 0.0011610101451813293 17 47.0
10 1.3010639297944355 16 43.0
11 2.708776748796807 7 42.0
12 4.080999716611836 3 41.0
13 3.05167011109807 4 39.0
14 2.177642852626045 10 36.0
15 1.8931474657649345 11 36.0
16 1.5940612053749907 12 33.0
17 2.92419340255506 5 31.0
18 1.316389138489888 15 22.0
1 8.028911942029985 1 84.0
2 3.934716681941316 10 63.0
3 4.96134390610627 4 55.0
4 4.049985020787959 9 54.0
5 4.824917587360851 5 54.0
6 4.12435112757151 8 53.0
7 4.252662682937822 7 51.0
8 1.6086976846410206 17 49.0
9 2.4708368255719217 15 47.0
10 3.2624210879881907 12 43.0
11 4.5577149792120215 6 42.0
12 6.505811942029931 2 41.0
13 3.9041954996708657 11 39.0
14 0.0 18 36.0
15 3.0427825142858604 13 36.0
16 2.983872563155669 14 33.0
17 5.398611459180604 3 31.0
18 2.0703922525927902 16 22.0
1 6.024674691964871 1 84.0
2 0.0 18 63.0
3 2.4288253189670983 6 55.0
4 2.208157090118126 7 54.0
5 4.815289077821714 2 54.0
6 0.6970885525176502 17 53.0
7 1.8309499998158847 11 51.0
8 2.1822136151230795 8 49.0
9 0.9282525495229705 14 47.0
10 1.6038360973170391 12 43.0
11 1.056599999297983 13 42.0
12 4.711499999295759 3 41.0
13 2.1755158842193256 9 39.0
14 0.7288499963126314 16 36.0
15 2.034784822791445 10 36.0
16 2.7621806380963845 5 33.0
17 3.286897514183847 4 31.0
18 0.900808553106847 15 22.0
1 6.3746945687255625 1 84.0
2 0.0 18 63.0
3 3.083178447816709 7 55.0
4 2.692121267373412 10 54.0
5 4.639027517427917 2 54.0
6 3.2373503359824816 6 53.0
7 1.480640740551397 15 51.0
8 2.9874712673734116 8 49.0
9 1.9071067511651685 13 47.0
10 0.7375889267051998 16 43.0
11 2.3772799528114925 11 42.0
12 4.324125763098069 3 41.0
13 4.068769577671087 4 39.0
14 0.23608105918179412 17 36.0
15 1.592836967188633 14 36.0
16 2.896678871943963 9 33.0
17 3.972131742020684 5 31.0
18 1.9735332139014907 12 22.0
1 6.107631739132837 5 84.0
2 0.0 18 63.0
3 4.778482608697583 7 55.0
4 2.975571304347312 10 54.0
5 4.901909565219806 6 54.0
6 8.030048695652223 3 53.0
7 0.16576956521764474 17 51.0
8 2.919349565217416 11 49.0
9 3.2543986956447366 9 47.0
10 1.8928095652151278 16 43.0
11 2.6540539130413885 14 42.0
12 8.75889869565654 1 41.0
13 8.634878695652223 2 39.0
14 6.496498695654716 4 36.0
15 2.7304473913103453 13 36.0
16 2.7963695652182894 12 33.0
17 4.466800000004589 8 31.0
18 2.600029565218655 15 22.0
1 7.521704109425089 1 84.0
2 3.761296595622783 5 63.0
3 1.4407586500435245 13 55.0
4 2.062566214092991 11 54.0
5 3.111235878543442 7 54.0
6 1.9975643293517509 12 53.0
7 0.17422178437230462 16 51.0
8 0.07463790735864961 17 49.0
9 0.7910788666098172 15 47.0
10 1.426968433487663 14 43.0
11 5.202765028190641 3 42.0
12 4.886925946952826 4 41.0
13 2.2165222711597523 10 39.0
14 5.596720920085312 2 36.0
15 2.4893452445471405 9 36.0
16 0.0 18 33.0
17 3.6911046484732886 6 31.0
18 2.8647209200854604 8 22.0
1 12.754467260950065 1 84.0
2 7.490040453808251 11 63.0
3 7.256095218788432 13 55.0
4 10.17476726093636 3 54.0
5 10.617190972442131 2 54.0
6 7.248935316039158 14 53.0
7 8.018515591556396 8 51.0
8 6.956814683957961 15 49.0
9 8.891284683953215 5 47.0
10 7.442753079415698 12 43.0
11 8.546640453803576 6 42.0
12 7.977785316069754 9 41.0
13 6.84889045380696 16 39.0
14 2.731999999989405 17 36.0
15 7.860579335495624 10 36.0
16 8.495940453806961 7 33.0
17 9.219014683951903 4 31.0
18 0.0 18 22.0
1 7.212875915052059 1 84.0
2 1.1469033892158829 16 63.0
3 1.8599023151329557 11 55.0
4 3.0923887152146294 4 54.0
5 4.115889662101437 2 54.0
6 3.2708967043981017 3 53.0
7 2.684605851430092 5 51.0
8 1.7660466107840764 13 49.0
9 1.2896959215297386 15 47.0
10 1.9304932215684147 10 43.0
11 1.9789398323510388 9 42.0
12 2.2726117819616953 8 41.0
13 2.381506778431778 7 39.0
14 0.0 18 36.0
15 1.3163151386615923 14 36.0
16 2.491113012570992 6 33.0
17 1.8449911050610273 12 31.0
18 0.5599887152137952 17 22.0
1 7.867752126258017 1 84.0
2 5.756661816324881 4 63.0
3 4.704432189771953 11 55.0
4 5.366999999999998 7 54.0
5 6.5766781973340205 3 54.0
6 5.650425112530807 5 53.0
7 2.8891293603903945 16 51.0
8 1.983665588357638 17 49.0
9 3.6969178124631332 14 47.0
10 3.7867733897694693 12 43.0
11 6.685213004898578 2 42.0
12 5.236541001322427 9 41.0
13 5.648119247890625 6 39.0
14 0.0 18 36.0
15 5.19206629949027 10 36.0
16 3.74395313242315 13 33.0
17 5.330678197334018 8 31.0
18 3.087015377451617 15 22.0
1 9.002244844770994 1 84.0
2 5.330170346361194 9 63.0
3 5.110799339446505 12 55.0
4 5.249434188585464 10 54.0
5 7.57034425996013 2 54.0
6 6.939609099042875 5 53.0
7 3.6867019200829985 17 51.0
8 4.604941920082999 15 49.0
9 4.846472508461484 14 47.0
10 5.093961294713623 13 43.0
11 7.3839045495214375 3 42.0
12 7.077593442690028 4 41.0
13 5.478080211386708 8 39.0
14 4.3104000000000005 16 36.0
15 5.123221254230744 11 36.0
16 0.0 18 33.0
17 6.073220385454487 6 31.0
18 5.719720205575245 7 22.0
1 5.458312584606286 1 84.0
2 0.13855104702639753 16 63.0
3 2.907651047025304 8 55.0
4 2.743723821157696 9 54.0
5 3.2281539358914344 7 54.0
6 3.8259160088438016 4 53.0
7 0.11502552351338702 17 51.0
8 3.628463404739419 5 49.0
9 0.0 18 47.0
10 0.31018369996325057 14 43.0
11 3.936438546627479 3 42.0
12 4.417100800634799 2 41.0
13 3.399791810938701 6 39.0
14 0.23422002643170226 15 36.0
15 0.4374051427810248 13 36.0
16 1.9315073734948958 11 33.0
17 2.335336939490776 10 31.0
18 1.7818238289437769 12 22.0
1 6.916764392386185 1 84.0
2 2.5190586874842786 16 63.0
3 5.553426214233166 2 55.0
4 3.207722315981607 12 54.0
5 5.51269914840899 3 54.0
6 3.9973680211984464 7 53.0
7 3.0951407046728194 14 51.0
8 4.088649728638056 6 49.0
9 0.0 18 47.0
10 2.5696645943493333 15 43.0
11 3.310391160735389 11 42.0
12 4.115435405650664 5 41.0
13 3.99401148018463 8 39.0
14 0.9661411914400073 17 36.0
15 3.1229167723295355 13 36.0
16 3.564894304868829 10 33.0
17 5.3133962142331645 4 31.0
18 3.759675860304011 9 22.0
