1 4.253383027701763 4 93.0
2 1.4911855384728552 14 79.0
3 5.426861513850884 2 76.0
4 2.214375939515243 11 73.0
5 2.0263701387947197 12 61.0
6 3.221897561624367 7 60.0
7 4.415670118126643 3 58.0
8 0.8489 18 55.0
9 3.719452838633784 5 51.0
10 1.8690791837334906 13 51.0
11 3.5683574511277634 6 49.0
12 0.5406038385112479 19 49.0
13 6.704809312839539 1 49.0
14 0.985809312839536 17 47.0
15 1.1040286256790675 16 46.0
16 2.6833313871629176 9 43.0
17 1.4828528386337854 15 43.0
18 2.7554399895761055 8 29.0
19 2.4613879385185986 10 22.0
20 0.0 20 20.0
1 8.764301635925879 6 93.0
2 5.320545453087689 19 79.0
3 11.894551122694452 1 76.0
4 7.937106086607879 12 73.0
5 6.416066896551252 15 61.0
6 9.910044466719798 4 60.0
7 9.98272825982345 3 58.0
8 0.0 20 55.0
9 8.321399999999418 9 51.0
10 6.441775709703042 14 51.0
11 10.508774466720093 2 49.0
12 6.296894009623172 16 49.0
13 9.29626825982369 5 49.0
14 8.546974466720037 8 47.0
15 7.995228259823496 11 46.0
16 8.671551122693929 7 43.0
17 5.685774266239014 18 43.0
18 6.264366824379257 17 29.0
19 8.145462173215572 10 22.0
20 6.536253416198911 13 20.0
1 8.650688079572681 1 93.0
2 4.324343328129553 11 79.0
3 8.267100070973049 2 76.0
4 5.779788663713087 8 73.0
5 3.873325865240181 14 61.0
6 6.422777130133471 5 60.0
7 7.376519289838528 3 58.0
8 0.0 20 55.0
9 5.390958037598971 9 51.0
10 3.733973451940403 16 51.0
11 5.787724196673483 7 49.0
12 2.712124196557424 17 49.0
13 6.44013699598586 4 49.0
14 2.185688086203221 19 47.0
15 2.50405196244665 18 46.0
16 6.03334332805939 6 43.0
17 4.196922707183528 13 43.0
18 4.396079754753165 10 29.0
19 3.779771975707493 15 22.0
20 4.221522029518448 12 20.0
1 5.363002140907315 2 93.0
2 1.4222837147673664 15 79.0
3 5.526112927837342 1 76.0
4 2.8792003953881324 7 73.0
5 2.5499832556727116 11 61.0
6 3.1091296890565285 6 60.0
7 3.9143129412852034 4 58.0
8 0.38835689973711807 18 55.0
9 2.3431105491787316 12 51.0
10 3.3706378494910587 5 51.0
11 2.7565160966553646 8 49.0
12 0.21350450754704342 19 49.0
13 2.649091492209968 9 49.0
14 1.8977092331446799 13 47.0
15 0.0 20 46.0
16 1.6533140558167054 14 43.0
17 1.0468455113975463 16 43.0
18 2.5719392331446795 10 29.0
19 3.951729477119634 3 22.0
20 0.6159024783759395 17 20.0
1 5.093857681938102 2 93.0
2 1.766562623808392 13 79.0
3 4.754756773905863 3 76.0
4 1.3851308384174477 17 73.0
5 2.88242262656811 9 61.0
6 4.696374768043032 4 60.0
7 3.297761092506486 8 58.0
8 1.4190019840827948 15 55.0
9 2.470791249691954 11 51.0
10 4.21578142898345 5 51.0
11 5.667485829164791 1 49.0
12 1.0300194868508623 19 49.0
13 4.167822278761027 6 49.0
14 1.1676502124665407 18 47.0
15 1.4508143560301328 14 46.0
16 3.8310415295854767 7 43.0
17 1.389757318378002 16 43.0
18 1.8418802102876528 12 29.0
19 2.7553947908341647 10 22.0
20 0.0 20 20.0
1 5.326962985822666 1 93.0
2 2.1426550776892803 14 79.0
3 4.557242104882827 3 76.0
4 2.5133783752068153 13 73.0
5 3.6888695609446565 9 61.0
6 3.904276230565814 6 60.0
7 3.6720845094284265 10 58.0
8 0.0 20 55.0
9 5.069583168198575 2 51.0
10 2.925581214612913 11 51.0
11 4.188350546507536 5 49.0
12 0.29550862777000875 19 49.0
13 3.6925411500176133 8 49.0
14 0.7770073897107079 16 47.0
15 0.6706112048385453 18 46.0
16 4.5210298762659455 4 43.0
17 1.211935128250706 15 43.0
18 2.6795957176418703 12 29.0
19 3.8583995501842496 7 22.0
20 0.7268252759668115 17 20.0
1 5.763310728973767 3 93.0
2 2.3233267062907657 12 79.0
3 4.961565190859503 5 76.0
4 3.329998243532616 7 73.0
5 2.6531365735178403 10 61.0
6 5.093255424566719 4 60.0
7 2.363452697508399 11 58.0
8 0.4520353731335409 17 55.0
9 1.8206428336341867 14 51.0
10 5.820699093750536 2 51.0
11 2.1706760406216556 13 49.0
12 2.9440439441839525 9 49.0
13 6.2473553538668805 1 49.0
14 0.04390078503758321 19 47.0
15 0.0 20 46.0
16 3.7710538757838865 6 43.0
17 0.8173014727160985 16 43.0
18 1.7950538757838816 15 29.0
19 3.157061296205728 8 22.0
20 0.25961684837438215 18 20.0
1 4.147609078773681 6 93.0
2 1.2018947531204676 15 79.0
3 3.692844686827857 8 76.0
4 1.9717935121872348 13 73.0
5 1.9131281637720743 14 61.0
6 3.081545576667845 10 60.0
7 3.3817438976940553 9 58.0
8 0.9697274442985502 16 55.0
9 7.465303634768759 2 51.0
10 8.874394537504767 1 51.0
11 4.934994537507224 3 49.0
12 4.765999999999628 4 49.0
13 3.904379668536888 7 49.0
14 0.9070237662320175 17 47.0
15 0.0 20 46.0
16 4.1497835033056045 5 43.0
17 0.06482524687725233 19 43.0
18 2.955810990901318 11 29.0
19 2.840417835287402 12 22.0
20 0.15622903986120917 18 20.0
1 7.003150068119249 1 93.0
2 5.626288741634505 4 79.0
3 5.066376890613735 6 76.0
4 3.0270859990370744 16 73.0
5 3.7802641600556535 12 61.0
6 4.441193504619902 9 60.0
7 4.641383377895626 7 58.0
8 6.160708741638306 2 55.0
9 3.5914231224751103 14 51.0
10 4.147699684009638 10 51.0
11 5.688766741675453 3 49.0
12 3.827245668727775 11 49.0
13 5.177250067767154 5 49.0
14 1.8629294750316072 18 47.0
15 0.0 20 46.0
16 4.489650065491349 8 43.0
17 1.2439654510031004 19 43.0
18 2.513650068089233 17 29.0
19 3.7027935057447112 13 22.0
20 3.0493351983670545 15 20.0
1 7.528691517055991 2 93.0
2 5.05888777518988 6 79.0
3 6.312743887594868 3 76.0
4 1.7596558315998332 16 73.0
5 3.312709532230049 12 61.0
6 5.137409920346151 5 60.0
7 3.7253043610882357 9 58.0
8 0.33894525770975914 19 55.0
9 8.66034525770981 1 51.0
10 3.4368368367879896 11 51.0
11 4.941419071896757 7 49.0
12 1.2518700618149516 17 49.0
13 3.5852561124049886 10 49.0
14 2.4690877751901796 15 47.0
15 0.0 20 46.0
16 4.375416714164236 8 43.0
17 2.510635243734348 14 43.0
18 2.985898123196793 13 29.0
19 5.185655271685468 4 22.0
20 0.8168561124045999 18 20.0
1 6.149599999999996 2 93.0
2 3.6230359273205526 11 79.0
3 6.868939533593852 1 76.0
4 4.926923697169984 6 73.0
5 4.29416539302618 8 61.0
6 5.019502587330509 5 60.0
7 4.576559038870211 7 58.0
8 0.4418742969756049 19 55.0
9 2.0860441656864084 16 51.0
10 4.08321993715469 10 51.0
11 5.722294207203843 3 49.0
12 0.0 20 49.0
13 5.503979896667258 4 49.0
14 1.2074512693130437 18 47.0
15 2.145843160786401 15 46.0
16 2.707268122418043 13 43.0
17 3.177094946354871 12 43.0
18 2.215174839064618 14 29.0
19 4.097979292502603 9 22.0
20 1.4882898927097439 17 20.0
1 6.871286736513314 1 93.0
2 1.5204157874668078 14 79.0
3 4.9849152582768035 4 76.0
4 2.9145406632829425 11 73.0
5 3.189954727453643 10 61.0
6 5.035107375749955 3 60.0
7 2.31150063795334 12 58.0
8 0.10238936204651417 19 55.0
9 4.534100758779253 6 51.0
10 1.2830986614445432 16 51.0
11 4.983202430987553 5 49.0
12 2.2705958866452107 13 49.0
13 5.388865828035531 2 49.0
14 0.27800127590668966 18 47.0
15 0.0 20 46.0
16 4.29674054315614 7 43.0
17 1.4372121723182394 15 43.0
18 3.2014343768276565 9 29.0
19 4.151898661444524 8 22.0
20 1.0782466812970095 17 20.0
1 8.855699999777439 2 93.0
2 5.211466035799898 14 79.0
3 8.557749278667877 4 76.0
4 7.799669278905508 6 73.0
5 7.5954792788393535 9 61.0
6 7.731895243045699 7 60.0
7 11.78066927885316 1 58.0
8 0.0 20 55.0
9 7.691769278839369 8 51.0
10 6.528264414349365 12 51.0
11 8.667780773022177 3 49.0
12 4.639577207126498 16 49.0
13 8.388646207076402 5 49.0
14 2.97180344222919 19 47.0
15 3.306807657380287 18 46.0
16 6.771577207202984 10 43.0
17 6.733059278853134 11 43.0
18 6.469466035827375 13 29.0
19 4.207977207126496 17 22.0
20 4.722757605573704 15 20.0
1 4.502206595134137 8 93.0
2 2.6014219832404937 15 79.0
3 5.954521984429388 5 76.0
4 5.98763358916427 4 73.0
5 3.555936422407931 11 61.0
6 6.053218331288308 2 60.0
7 6.302855847502444 1 58.0
8 0.0 20 55.0
9 4.500715045118616 9 51.0
10 1.9112150451162633 18 51.0
11 5.415473905642949 6 49.0
12 3.1059824089849255 13 49.0
13 6.037869256711529 3 49.0
14 3.5238824379284353 12 47.0
15 1.3232351451945115 19 46.0
16 4.954161718388253 7 43.0
17 2.154208099581603 17 43.0
18 2.398719282496322 16 29.0
19 3.793406061109073 10 22.0
20 3.0100380162232843 14 20.0
1 5.9119796109937885 3 93.0
2 4.338918053628461 8 79.0
3 4.504258878348482 7 76.0
4 1.120367942677237 17 73.0
5 4.316997458524776 9 61.0
6 4.014535717905449 10 60.0
7 5.677849314412324 4 58.0
8 1.4762974563569098 14 55.0
9 9.797697456727398 1 51.0
10 0.0 20 51.0
11 5.363304527272646 6 49.0
12 0.3150576667892584 19 49.0
13 7.666909578439119 2 49.0
14 1.17101323405939 16 47.0
15 2.0540399981673194 13 46.0
16 3.542558627948045 11 43.0
17 0.5857055848566466 18 43.0
18 1.2428000003730446 15 29.0
19 5.454689612796893 5 22.0
20 2.422358877151493 12 20.0
1 5.935600000001199 4 93.0
2 1.743460000000184 17 79.0
3 5.706526089109027 5 76.0
4 2.5604495544557624 15 73.0
5 4.2156260891094925 12 61.0
6 5.5985791089110455 7 60.0
7 5.436262554455871 8 58.0
8 2.7619938514854843 14 55.0
9 10.590808554455748 1 51.0
10 6.254450554455544 3 51.0
11 5.235898663367155 10 49.0
12 0.816310000000275 18 49.0
13 7.049293851485322 2 49.0
14 3.422723257425496 13 47.0
15 0.0 20 46.0
16 5.6467117326733405 6 43.0
17 2.0277895544550444 16 43.0
18 4.9784104455438145 11 29.0
19 5.375789554455761 9 22.0
20 0.4006999999999272 19 20.0
1 5.64473423276728 5 93.0
2 2.017277262919829 16 79.0
3 5.898226756479402 3 76.0
4 4.684321975693846 8 73.0
5 7.225864986600099 2 61.0
6 4.729024001514999 7 60.0
7 3.5659612792627224 13 58.0
8 4.385164986600099 9 55.0
9 4.153741096520207 10 51.0
10 5.8745370441302684 4 51.0
11 5.233139003084303 6 49.0
12 1.9934650005231034 17 49.0
13 7.658032929069924 1 49.0
14 1.2084612792627207 19 47.0
15 2.2168130056455038 15 46.0
16 3.752581364741714 11 43.0
17 0.0 20 43.0
18 1.4287270422888754 18 29.0
19 3.590998735565173 12 22.0
20 2.24853307979377 14 20.0
1 5.999745783668546 3 93.0
2 4.452273563306027 7 79.0
3 7.26024689886918 1 76.0
4 1.055123017432389 15 73.0
5 1.236371091773382 14 61.0
6 5.426266781656963 5 60.0
7 2.124031091763369 11 58.0
8 0.1010435633060287 18 55.0
9 5.037283670471798 6 51.0
10 6.548296466861424 2 51.0
11 3.875146034814281 10 49.0
12 0.7995460348439178 16 49.0
13 5.558535890836579 4 49.0
14 0.0 20 47.0
15 0.1365310917733824 17 46.0
16 2.0957447689253015 12 43.0
17 0.029931091801298493 19 43.0
18 1.5464584460946786 13 29.0
19 4.037243563304021 9 22.0
20 4.099266781658222 8 20.0
1 6.373722146567052 1 93.0
2 3.1738268071878464 15 79.0
3 5.920701800207707 3 76.0
4 5.610771039107872 5 73.0
5 2.7942285997390495 17 61.0
6 5.63115619100763 4 60.0
7 5.965184134572727 2 58.0
8 2.7610710391102686 18 55.0
9 3.8678710391102316 10 51.0
10 4.2142509922746765 9 51.0
11 3.180400000144604 14 49.0
12 3.6871764151059945 11 49.0
13 5.199742078078796 6 49.0
14 3.2593324379135273 13 47.0
15 0.0 20 46.0
16 5.013284707640103 8 43.0
17 5.0781110391237725 7 43.0
18 2.9913271993041013 16 29.0
19 3.632443253922677 12 22.0
20 1.9121710391977023 19 20.0
1 6.039267424473074 4 93.0
2 2.3200773272141713 15 79.0
3 6.72645600788206 2 76.0
4 4.344958999232226 7 73.0
5 3.3859093078499787 8 61.0
6 6.169186166270485 3 60.0
7 3.291484666465239 9 58.0
8 0.339639370970795 19 55.0
9 6.772091746067012 1 51.0
10 2.606518838527641 13 51.0
11 4.511714043170743 6 49.0
12 3.022386155398944 10 49.0
13 5.471325687108609 5 49.0
14 1.0209428067484807 18 47.0
15 1.2708858697660883 17 46.0
16 2.6221000190281227 12 43.0
17 1.3467010034266687 16 43.0
18 2.590922551856722 14 29.0
19 2.940647927876347 11 22.0
20 0.0 20 20.0
1 7.2986596491228095 2 93.0
2 0.38761298245613585 19 79.0
3 4.306362631578951 14 76.0
4 5.231936067380821 7 73.0
5 5.01978659835429 9 61.0
6 4.0516747368421235 16 60.0
7 6.231084651451666 4 58.0
8 0.0 20 55.0
9 4.351449473684211 11 51.0
10 7.41156356000623 1 51.0
11 5.441041052631567 6 49.0
12 4.334318545256964 13 49.0
13 4.757632631579031 10 49.0
14 4.165295123428036 15 47.0
15 4.339285713398538 12 46.0
16 6.466318545256954 3 43.0
17 3.7565597546964775 17 43.0
18 5.13123559540445 8 29.0
19 5.514686775345454 5 22.0
20 0.9218463157894918 18 20.0
1 4.829097361272814 3 93.0
2 2.3387001707668844 11 79.0
3 6.127112356779348 1 76.0
4 1.2669132878399934 16 73.0
5 2.1732878855566318 13 61.0
6 2.4670891578177123 9 60.0
7 2.1738292144072817 12 58.0
8 2.87312017076664 8 55.0
9 4.862941571186051 2 51.0
10 1.2399058939450236 17 51.0
11 3.065819157817667 7 49.0
12 1.411550170766639 15 49.0
13 3.1974707855931013 6 49.0
14 0.8296198981391905 18 47.0
15 0.09327037348930833 19 46.0
16 3.505800121167714 4 43.0
17 0.0 20 43.0
18 2.4578318897506906 10 29.0
19 3.266213629706178 5 22.0
20 2.0806032528877374 14 20.0
1 7.487557489842309 3 93.0
2 2.4308594599046467 15 79.0
3 8.15614796186044 1 76.0
4 5.029648905899846 7 73.0
5 3.215100434848609 13 61.0
6 4.451919024996053 10 60.0
7 6.590698433879397 4 58.0
8 0.0 20 55.0
9 4.9217489058984425 8 51.0
10 1.996212393748387 16 51.0
11 3.8753822795481376 11 49.0
12 5.102532130847647 6 49.0
13 5.4685994002919704 5 49.0
14 1.9740625375982424 17 47.0
15 0.8416484961258233 19 46.0
16 8.15113894559762 2 43.0
17 2.6965157655699117 14 43.0
18 3.7026546124149387 12 29.0
19 4.650528985297093 9 22.0
20 1.9526574898413878 18 20.0
1 4.987744009394593 2 93.0
2 0.09483702321029286 19 79.0
3 4.538628925301197 3 76.0
4 1.8344440093927599 10 73.0
5 1.6302540093946192 11 61.0
6 3.7436440094027175 5 60.0
7 2.5418829742789053 9 58.0
8 0.6640556916043137 15 55.0
9 2.7889397143201404 7 51.0
10 0.6582283809695826 16 51.0
11 4.366638110324294 4 49.0
12 1.1627070362145768 13 49.0
13 4.989898925349867 1 49.0
14 0.37318703618064686 17 47.0
15 0.29870485036554695 18 46.0
16 1.581724690772064 12 43.0
17 2.704477845662244 8 43.0
18 0.75158746347239 14 29.0
19 3.0052440093932735 6 22.0
20 0.0 20 20.0
1 5.7457198305271655 1 93.0
2 0.0 20 79.0
3 5.137803950435928 3 76.0
4 3.0977590690505767 11 73.0
5 3.82762650824869 9 61.0
6 4.600599999999451 7 60.0
7 4.75423983052544 4 58.0
8 1.9064331693863437 17 55.0
9 4.646076508245734 6 51.0
10 2.019478834067301 16 51.0
11 4.727692361223195 5 49.0
12 3.1742691060642834 10 49.0
13 5.366920575425857 2 49.0
14 2.414233143079325 14 47.0
15 1.4800431693865974 19 46.0
16 2.3034863922515982 15 43.0
17 1.856407180092946 18 43.0
18 3.088463143079076 12 29.0
19 4.13683615951375 8 22.0
20 2.6903765082462616 13 20.0
1 5.011695480896694 1 93.0
2 2.561215524906576 16 79.0
3 3.948796937273049 8 76.0
4 3.4901020179662368 10 73.0
5 3.406482626654955 11 61.0
6 3.383900044851889 12 60.0
7 4.526598284592981 3 58.0
8 0.8724280306902013 18 55.0
9 4.692932155110827 2 51.0
10 4.301502320497245 7 51.0
11 4.359456025328319 6 49.0
12 2.6544942241479945 15 49.0
13 4.400066949916566 5 49.0
14 0.6480716089375895 19 47.0
15 0.0 20 46.0
16 3.361822801601583 13 43.0
17 2.015627775467859 17 43.0
18 3.281244034963683 14 29.0
19 4.4893560586657335 4 22.0
20 3.784356867390626 9 20.0
1 7.417127117116886 4 93.0
2 5.806087785285357 9 79.0
3 10.105236276276226 1 76.0
4 1.5118999999999532 17 73.0
5 6.125919782282246 7 61.0
6 8.59443627627624 2 60.0
7 7.729694181681632 3 58.0
8 0.14074999999977766 18 55.0
9 5.341222229729565 11 51.0
10 6.73995024024026 5 51.0
11 5.146656448948932 14 49.0
12 0.13936644894881045 19 49.0
13 6.670661321321329 6 49.0
14 0.0 20 47.0
15 5.314684767267197 12 46.0
16 5.736590983483428 10 43.0
17 5.263499782282213 13 43.0
18 3.4888664489494507 15 29.0
19 5.968066448948779 8 22.0
20 1.882227117117118 16 20.0
1 4.576734288030126 2 93.0
2 1.123649154515913 17 79.0
3 3.781247480503449 6 76.0
4 2.4052968506253576 13 73.0
5 2.9082181103867755 10 61.0
6 4.249763142598487 4 60.0
7 3.585254288120378 9 58.0
8 0.978297490448683 18 55.0
9 3.6853829397215834 8 51.0
10 5.280739079949116 1 51.0
11 4.102759809265158 5 49.0
12 0.1851656850806771 19 49.0
13 4.400788572820517 3 49.0
14 0.0 20 47.0
15 2.9009090288201103 11 46.0
16 3.7508288718883764 7 43.0
17 1.307371430425973 15 43.0
18 2.0896690288333164 14 29.0
19 2.7577885728341354 12 22.0
20 1.209411475926827 16 20.0
1 4.635527217010329 5 93.0
2 1.1545739916061932 17 79.0
3 3.8656985658274117 8 76.0
4 2.2115263405464196 12 73.0
5 4.201038532549906 7 61.0
6 4.920640847723886 2 60.0
7 4.22604669112758 6 58.0
8 1.7091962718142348 15 55.0
9 5.2635999265296025 1 51.0
10 1.600469091713347 16 51.0
11 4.789605946980763 4 49.0
12 0.22742396840485624 19 49.0
13 4.8268574417861405 3 49.0
14 1.7663516646721216 14 47.0
15 2.0176523451791737 13 46.0
16 2.2731590301210973 11 43.0
17 0.0 20 43.0
18 2.369639981806165 10 29.0
19 3.097352003555724 9 22.0
20 0.294780830611701 18 20.0
1 6.592435480701789 1 93.0
2 3.46843230423417 9 79.0
3 2.4147034574666044 13 76.0
4 2.4982468489195893 12 73.0
5 4.134842602149319 4 61.0
6 3.661365731606017 8 60.0
7 2.7116395455629 11 58.0
8 0.0 20 55.0
9 3.796465731606015 6 51.0
10 1.811658408805696 16 51.0
11 4.53796701833289 3 49.0
12 2.2256657316060338 14 49.0
13 4.052162505340531 5 49.0
14 1.116538614292361 17 47.0
15 3.0056220063189545 10 46.0
16 3.7718666963900382 7 43.0
17 0.7777034574666142 18 43.0
18 1.9888281738109104 15 29.0
19 5.119838377497354 2 22.0
20 0.3127836051520392 19 20.0
1 5.872855192675038 4 93.0
2 0.7943364803137012 17 79.0
3 5.213048352060751 7 76.0
4 2.8863954309858366 12 73.0
5 8.959251355467975 1 61.0
6 6.72885135587904 2 60.0
7 4.073069415587284 11 58.0
8 0.0 20 55.0
9 4.845617771329316 8 51.0
10 0.37355106918865744 19 51.0
11 6.697337326398946 3 49.0
12 4.212295385333684 10 49.0
13 4.687848929569789 9 49.0
14 0.6527364800514182 18 47.0
15 1.3665221834812766 16 46.0
16 2.5033364796727025 15 43.0
17 2.6816510703565974 13 43.0
18 2.5762874252730557 14 29.0
19 5.415565188519857 5 22.0
20 5.401851355610644 6 20.0
1 6.640831733849648 2 93.0
2 2.8230838066117894 16 79.0
3 6.176183806611775 3 76.0
4 3.475426534400146 14 73.0
5 4.508483131579844 11 61.0
6 4.907435866924831 9 60.0
7 5.931235829958128 5 58.0
8 1.5891312160274262 18 55.0
9 5.77906413307524 6 51.0
10 4.571057789352481 10 51.0
11 8.963014378981669 1 49.0
12 1.8250162030442607 17 49.0
13 5.967989979312932 4 49.0
14 1.3095630894874297 19 47.0
15 0.0 20 46.0
16 5.495863358401389 8 43.0
17 3.6490143789816822 13 43.0
18 4.246011155899759 12 29.0
19 5.775878625443083 7 22.0
20 3.125878927450184 15 20.0
1 9.513913441199259 2 93.0
2 5.625589188623851 15 79.0
3 10.090862453610693 1 76.0
4 6.809111979473683 12 73.0
5 6.848359797430148 10 61.0
6 5.889980000009853 14 60.0
7 8.884750548320273 4 58.0
8 7.209403319970529 9 55.0
9 8.177789265683069 7 51.0
10 5.918597143107922 13 51.0
11 9.12690331936617 3 49.0
12 4.7660000000905445 17 49.0
13 8.083933239479594 8 49.0
14 3.9764799999986926 19 47.0
15 0.0 20 46.0
16 8.507929604469322 5 43.0
17 4.998620947073334 16 43.0
18 6.830196680149412 11 29.0
19 8.249265097680386 6 22.0
20 4.21302260946568 18 20.0
1 5.9307552343954795 1 93.0
2 1.9338003033165476 15 79.0
3 5.2272138342734245 4 76.0
4 2.250331220055508 13 73.0
5 2.840700000938536 11 61.0
6 5.531929313299663 2 60.0
7 2.4509673826930456 12 58.0
8 0.0 20 55.0
9 4.123845208627461 7 51.0
10 4.717081037358676 5 51.0
11 3.5558289409840182 8 49.0
12 1.7495160978093194 16 49.0
13 5.311618877200242 3 49.0
14 0.5315515286492976 19 47.0
15 1.7323293487599345 17 46.0
16 4.179702574519046 6 43.0
17 1.6070973327319904 18 43.0
18 3.02761625556628 10 29.0
19 3.274791135813416 9 22.0
20 2.1154994813798798 14 20.0
1 5.725991131498082 1 93.0
2 1.9902126483180853 15 79.0
3 4.09688420183513 11 76.0
4 1.6458891009168815 17 73.0
5 5.505721516819277 2 61.0
6 4.4078230336391035 9 60.0
7 4.31090226299648 10 58.0
8 0.06680674006082432 19 55.0
9 4.542923033637409 7 51.0
10 2.507610758409211 13 51.0
11 4.580300758409416 6 49.0
12 0.0 20 49.0
13 4.451130470947566 8 49.0
14 1.9534022629966517 16 47.0
15 5.018300758409418 4 46.0
16 3.1803007584097682 12 43.0
17 4.643301516819257 5 43.0
18 2.4395830091743953 14 29.0
19 5.315862275229374 3 22.0
20 0.5582007584094146 18 20.0
1 6.5955517841943365 3 93.0
2 2.655192805560251 15 79.0
3 3.025765078709928 12 76.0
4 8.783099999951968 1 73.0
5 2.840699999951972 13 61.0
6 6.927207340942109 2 60.0
7 4.917726990379462 4 58.0
8 0.0 20 55.0
9 3.4262841378675137 8 51.0
10 4.106048903031755 6 51.0
11 3.140255078715516 10 49.0
12 1.3906536735485213 17 49.0
13 4.278541285365492 5 49.0
14 1.1569984328645333 18 47.0
15 0.2565526280631043 19 46.0
16 3.091165110181617 11 43.0
17 2.395007340933073 16 43.0
18 2.6996702386647677 14 29.0
19 3.2375331363573663 9 22.0
20 4.0740984328623195 7 20.0
1 4.86076365377774 3 93.0
2 3.3780253060933396 8 79.0
3 4.06849530613868 6 76.0
4 3.1633269207063925 10 73.0
5 2.856800000161341 12 61.0
6 4.726014316370266 4 60.0
7 0.01229238369007879 19 58.0
8 1.2192593525691333 14 55.0
9 4.164257109782063 5 51.0
10 2.7047356744598487 13 51.0
11 6.014635287296226 1 49.0
12 1.1712154143640243 16 49.0
13 5.136676993128375 2 49.0
14 0.7882253064445432 17 47.0
15 0.0 20 46.0
16 3.289992696573385 9 43.0
17 1.2184333270875578 15 43.0
18 3.77982855420303 7 29.0
19 2.96299530827904 11 22.0
20 0.5629823837946075 18 20.0
1 8.245299626119213 2 93.0
2 4.3676114561910415 11 79.0
3 5.1805168444389835 9 76.0
4 5.1816511241906245 8 73.0
5 5.548791487557349 6 61.0
6 8.029531290191326 4 60.0
7 2.1333298143713275 16 58.0
8 0.0 20 55.0
9 8.143507694106717 3 51.0
10 1.99490074771635 17 51.0
11 8.45845112417595 1 49.0
12 0.33059428495777876 19 49.0
13 5.18939428496322 7 49.0
14 1.7450275660291017 18 47.0
15 3.8448803738519612 13 46.0
16 5.972368329402733 5 43.0
17 3.692600373847509 14 43.0
18 4.882787822225271 10 29.0
19 4.075016844442799 12 22.0
20 2.684019814390717 15 20.0
1 4.658510243271635 8 93.0
2 3.8509010686399465 11 79.0
3 5.757342024329068 4 76.0
4 2.8588009035631576 15 73.0
5 5.5511489313674005 6 61.0
6 4.267445299742223 10 60.0
7 4.680455299742784 7 58.0
8 1.4433416333657978 17 55.0
9 6.36959893136722 2 51.0
10 2.9811779669883376 14 51.0
11 5.961738931367369 3 49.0
12 0.0 20 49.0
13 4.624398931367887 9 49.0
14 1.291048966121069 18 47.0
15 1.0036978627331177 19 46.0
16 5.559901068635931 5 43.0
17 1.7920507384876219 16 43.0
18 3.5839010686532164 12 29.0
19 6.783148931367407 1 22.0
20 3.145252632491689 13 20.0
1 10.788622488196966 1 93.0
2 7.548745189006241 11 79.0
3 8.68037222790901 6 76.0
4 5.632613597339687 16 73.0
5 7.63629850106737 10 61.0
6 8.346756628672182 8 60.0
7 8.845485277190233 5 58.0
8 3.8019375460791265 19 55.0
9 0.0 20 51.0
10 5.651000000000005 15 51.0
11 8.906730742049366 4 49.0
12 6.504338119976374 13 49.0
13 8.480552053313097 7 49.0
14 5.703279176462405 14 47.0
15 4.1777135973396895 18 46.0
16 9.88466925407687 2 43.0
17 5.226577135054995 17 43.0
18 9.140983216510305 3 29.0
19 7.321069254076871 12 22.0
20 8.009376340548302 9 20.0
1 11.384594231251839 2 93.0
2 7.005938422327642 16 79.0
3 8.242406582720392 11 76.0
4 7.0541543984081185 14 73.0
5 6.751506582720394 17 61.0
6 11.17473423125163 3 60.0
7 8.775088767032823 8 58.0
8 0.0 20 55.0
9 8.321399999999178 10 51.0
10 9.084008677929845 6 51.0
11 11.904570761399999 1 49.0
12 9.295630889873493 5 49.0
13 8.974588077621476 7 49.0
14 5.349534366624767 19 47.0
15 5.588288077621561 18 46.0
16 10.296167291548134 4 43.0
17 8.632176714837922 9 43.0
18 7.011176582720363 15 29.0
19 7.217619382515958 13 22.0
20 7.536829318951712 12 20.0
1 7.611667326718109 4 93.0
2 3.990967326718096 8 79.0
3 5.849654610662636 5 76.0
4 3.105138102311372 10 73.0
5 2.4544992575655256 12 61.0
6 8.309062326718106 2 60.0
7 4.05058157152567 7 58.0
8 1.3335551653622777 19 55.0
9 9.654955165362162 1 51.0
10 3.315888102311321 9 51.0
11 4.720061573251214 6 49.0
12 1.3842469436056528 18 49.0
13 8.280867326718107 3 49.0
14 1.4298546106626469 17 47.0
15 2.255439846163352 14 46.0
16 1.9580728016025057 15 43.0
17 1.5051800427736017 16 43.0
18 2.702686204622455 11 29.0
19 2.4279897459476723 13 22.0
20 0.0 20 20.0
1 6.335942541771545 1 93.0
2 2.1912036572684794 14 79.0
3 5.243640630413721 3 76.0
4 1.1282230168452048 17 73.0
5 3.7689767789376525 8 61.0
6 5.617346557380998 2 60.0
7 2.650746461727576 11 58.0
8 0.0 20 55.0
9 3.66059758585524 9 51.0
10 5.166206557380996 4 51.0
11 4.816649900606816 5 49.0
12 3.5633509095887606 10 49.0
13 4.387454547943786 6 49.0
14 1.584704880340553 16 47.0
15 0.5033886143294724 19 46.0
16 3.94503053559931 7 43.0
17 1.6624509095887552 15 43.0
18 2.2636155289067617 13 29.0
19 2.56743612608535 12 22.0
20 0.7770335615044965 18 20.0
1 6.463663237789694 2 93.0
2 2.174729770513591 17 79.0
3 5.5402146064126425 4 76.0
4 2.98479970590578 12 73.0
5 5.920985320077024 3 61.0
6 4.527391442131389 7 60.0
7 4.300599704826277 9 58.0
8 1.0704444006178129 19 55.0
9 7.840626475446232 1 51.0
10 4.696600934608199 6 51.0
11 2.2372077704982405 16 49.0
12 2.4827097132108835 14 49.0
13 4.4859420532045515 8 49.0
14 1.1651264754137327 18 47.0
15 0.0 20 46.0
16 2.3172146064713166 15 43.0
17 3.6325325131640627 10 43.0
18 2.904232512930149 13 29.0
19 5.383432513218043 5 22.0
20 3.1482270496761173 11 20.0
1 7.883161807576525 2 93.0
2 2.9904486221146533 16 79.0
3 8.016061658440666 1 76.0
4 4.899560059654345 6 73.0
5 4.714616888263648 7 61.0
6 3.559568497378478 11 60.0
7 3.1960316795225236 13 58.0
8 0.0 20 55.0
9 3.8338071103569726 10 51.0
10 3.392721006853032 12 51.0
11 3.837110270566209 9 49.0
12 3.184351437289186 14 49.0
13 4.168781702255935 8 49.0
14 2.3446332361451256 18 47.0
15 2.279461658440666 19 46.0
16 5.9825841627764165 4 43.0
17 2.7802272539700907 17 43.0
18 5.6764903790079275 5 29.0
19 6.140367971227275 3 22.0
20 3.0100679712272775 15 20.0
1 5.4367812821731105 3 93.0
2 4.102059128127952 7 79.0
3 4.878413629604086 5 76.0
4 1.221483682235334 17 73.0
5 3.0113889435684853 9 61.0
6 6.334805059530673 2 60.0
7 4.872247051105246 6 58.0
8 0.17068894356945696 19 55.0
9 8.670972774265307 1 51.0
10 1.455069714886374 15 51.0
11 5.1648492051522545 4 49.0
12 0.4156099999989795 18 49.0
13 1.6219424681949097 14 49.0
14 1.3439168604859997 16 47.0
15 2.0199286880436755 13 46.0
16 2.178137974812093 12 43.0
17 2.2047807430089557 11 43.0
18 2.7207057475371266 10 29.0
19 3.337338863625797 8 22.0
20 0.0 20 20.0
1 4.934147396193214 2 93.0
2 1.5897609040032379 14 79.0
3 3.4344614506389046 9 76.0
4 0.09727506273650066 18 73.0
5 4.785297519400352 3 61.0
6 3.88699999999905 6 60.0
7 3.3031375930452525 10 58.0
8 0.0 20 55.0
9 4.358005760698678 5 51.0
10 4.665783015346596 4 51.0
11 2.891974274675103 11 49.0
12 0.0014057253187877983 19 49.0
13 3.885731450640419 7 49.0
14 0.727644093839396 17 47.0
15 0.9249549866899656 15 46.0
16 2.050484898554811 12 43.0
17 1.9877473961941292 13 43.0
18 0.7703858507924044 16 29.0
19 5.958370052110505 1 22.0
20 3.442213912998257 8 20.0
1 6.1059187639811565 3 93.0
2 2.543871761901209 16 79.0
3 7.051475087775343 1 76.0
4 4.549261251740209 8 73.0
5 4.902350522498526 7 61.0
6 5.313109095311898 6 60.0
7 5.865061251238813 4 58.0
8 0.3020345118898118 19 55.0
9 4.441361251244637 9 51.0
10 3.93940000008911 12 51.0
11 0.0 20 49.0
12 3.3220385301713313 14 49.0
13 4.191977060364784 11 49.0
14 2.726581851678958 15 47.0
15 0.8056770604522621 18 46.0
16 4.205707091631075 10 43.0
17 3.384234511955007 13 43.0
18 2.5382676491268876 17 29.0
19 6.240811251306622 2 22.0
20 5.643681851805425 5 20.0
1 5.6928069888897035 1 93.0
2 4.645209904204595 5 79.0
3 5.006157589539956 3 76.0
4 2.351342658077469 12 73.0
5 3.2010407044742486 8 61.0
6 4.165347656001932 7 60.0
7 3.0907913894377423 10 58.0
8 0.8551571849300452 17 55.0
9 4.234631507905451 6 51.0
10 1.6287453597855523 16 51.0
11 4.707687906376292 4 49.0
12 2.3449546622077317 13 49.0
13 5.119759896137761 2 49.0
14 0.0 20 47.0
15 0.8095968447201316 18 46.0
16 1.9368283864267406 14 43.0
17 1.7036783033164127 15 43.0
18 0.7658703413878856 19 29.0
19 3.2005017682767782 9 22.0
20 2.38870903656238 11 20.0
1 6.6579195565623 1 93.0
2 1.912108530052428 13 79.0
3 3.3195234031320884 5 76.0
4 1.571588414545391 14 73.0
5 2.809283308422597 9 61.0
6 2.3802590074412966 11 60.0
7 2.918660804699188 7 58.0
8 0.7322282078126656 18 55.0
9 4.537226732209906 2 51.0
10 2.884852390158181 8 51.0
11 3.6073039399367612 3 49.0
12 1.1439265147401614 17 49.0
13 3.4741555681427254 4 49.0
14 0.3144885206378123 19 47.0
15 1.3603651988436056 15 46.0
16 2.431468265576206 10 43.0
17 1.2080851988436276 16 43.0
18 2.932330461874254 6 29.0
19 2.2402733012961025 12 22.0
20 0.0 20 20.0
1 8.560346861249137 2 93.0
2 4.375639116422675 14 79.0
3 7.081278512497741 4 76.0
4 6.120780799874983 9 73.0
5 5.508659840903855 11 61.0
6 6.2171297786868305 7 60.0
7 6.39631984088824 5 58.0
8 0.0 20 55.0
9 4.586492618243402 12 51.0
10 4.456593050816033 13 51.0
11 3.828906484336203 16 49.0
12 3.5133334016440383 17 49.0
13 6.1508875884564 8 49.0
14 3.377589956050752 19 47.0
15 9.43158758845571 1 46.0
16 7.593587588455723 3 43.0
17 3.833112715786749 15 43.0
18 6.274952934779554 6 29.0
19 6.055431028685809 10 22.0
20 3.426645298181922 18 20.0
1 6.952080196078027 1 93.0
2 2.2479442687813633 14 79.0
3 5.225353763136698 3 76.0
4 4.0876482405519585 8 73.0
5 4.2324442614901825 7 61.0
6 6.270976530498951 2 60.0
7 4.338743002796463 6 58.0
8 1.3917442614901492 19 55.0
9 4.694256997203528 4 51.0
10 1.615366580497285 16 51.0
11 1.961799999999998 15 49.0
12 1.5340182408259895 17 49.0
13 4.395939639082511 5 49.0
14 0.0 20 47.0
15 2.283295837663413 13 46.0
16 3.461649143162318 9 43.0
17 2.780361507436143 12 43.0
18 3.2986045154060664 11 29.0
19 3.3105740178322494 10 22.0
20 1.5258480861919643 18 20.0
1 4.259172142847878 9 93.0
2 2.3387278570877528 16 79.0
3 8.697035763536697 2 76.0
4 7.569623177328744 3 73.0
5 1.9370721428362851 17 61.0
6 6.164867143054373 5 60.0
7 5.803416428515034 6 58.0
8 2.823444285700867 13 55.0
9 2.7555221428478647 14 51.0
10 7.330623177322806 4 51.0
11 5.008119211626271 7 49.0
12 3.1566490392764828 11 49.0
13 9.408223177330266 1 49.0
14 2.6452324877065228 15 47.0
15 0.0 20 46.0
16 2.9515442857180547 12 43.0
17 1.6568357635596938 18 43.0
18 3.902835763530854 10 29.0
19 4.922224125667002 8 22.0
20 1.5712291256670041 19 20.0
1 9.372230218655423 1 93.0
2 2.589799999987786 12 79.0
3 3.3695346326365123 8 76.0
4 2.3019675480787756 13 73.0
5 2.971297072883031 11 61.0
6 4.327770682222947 3 60.0
7 3.654540463584335 6 58.0
8 1.4405375364402824 16 55.0
9 0.8201117988234361 17 51.0
10 3.322088964969834 10 51.0
11 3.3580375364467767 9 49.0
12 0.2824375364402809 18 49.0
13 3.593816145768578 7 49.0
14 0.0 20 47.0
15 3.7704689650203984 5 46.0
16 6.858730218665974 2 43.0
17 1.7325346327331788 15 43.0
18 1.7362853411081756 14 29.0
19 4.295130218617545 4 22.0
20 0.11965660932836153 19 20.0
1 7.046000005703636 8 93.0
2 5.12142000111887 13 79.0
3 5.736600000652456 10 76.0
4 1.454900000189837 19 73.0
5 11.643650000153793 2 61.0
6 5.58974000232052 12 60.0
7 6.891919995029004 9 58.0
8 3.7914400017870675 18 55.0
9 12.462100000199186 1 51.0
10 4.796199988569964 14 51.0
11 9.413600000830659 6 49.0
12 4.766000000190391 15 49.0
13 10.716900000001326 3 49.0
14 4.018640002320524 17 47.0
15 0.0 20 46.0
16 10.064709999934939 5 43.0
17 4.099599998182717 16 43.0
18 5.731420004634734 11 29.0
19 10.235010000036777 4 22.0
20 7.442610001388506 7 20.0
1 9.04974202803899 1 93.0
2 2.6643119503866077 12 79.0
3 6.390917002274781 3 76.0
4 1.4576482723312907 17 73.0
5 3.0547218466102444 9 61.0
6 3.366848272331293 8 60.0
7 3.661784698052322 6 58.0
8 0.1940420280389894 19 55.0
9 6.6527762140172735 2 51.0
10 0.6490022094677239 18 51.0
11 4.73444827233129 5 49.0
12 2.9001420280389922 10 49.0
13 5.099212564189131 4 49.0
14 0.0 20 47.0
15 1.8414996893904734 15 46.0
16 2.2401759868162485 14 43.0
17 1.677989019299634 16 43.0
18 2.500852284242048 13 29.0
19 3.471648983877305 7 22.0
20 2.703257790532273 11 20.0
1 8.73197557719055 2 93.0
2 3.0320447566064024 12 79.0
3 5.4484021418636965 7 76.0
4 2.84481541724618 13 73.0
5 6.664199047287907 4 61.0
6 3.3522700000000025 11 60.0
7 5.271928331015301 8 58.0
8 1.6123721418636996 16 55.0
9 7.736972517385264 3 51.0
10 9.083271668984708 1 51.0
11 5.143871668984707 9 49.0
12 2.34363516689848 15 49.0
13 5.899672141863703 5 49.0
14 1.3002129276773342 17 47.0
15 0.9049207719054291 19 46.0
16 2.622100000000003 14 43.0
17 0.9516433379694011 18 43.0
18 5.693135166898477 6 29.0
19 4.9952902364395015 10 22.0
20 0.0 20 20.0
1 5.226503653566986 1 93.0
2 1.1703058107476627 16 79.0
3 4.680953859643232 3 76.0
4 1.4017172283665043 14 73.0
5 2.693431529381062 11 61.0
6 4.6061268551579895 4 60.0
7 3.444016812651345 7 58.0
8 0.21513654586394537 19 55.0
9 3.2008006052995714 9 51.0
10 2.928791612668462 10 51.0
11 3.693460977196067 6 49.0
12 1.3887753025172833 15 49.0
13 4.959808348740268 2 49.0
14 0.3835333023062679 18 47.0
15 0.0 20 46.0
16 4.1839000511933655 5 43.0
17 0.6357282361184928 17 43.0
18 2.2079000886115323 12 29.0
19 3.306009022477683 8 22.0
20 1.4557626560807992 13 20.0
1 5.935599999955935 1 93.0
2 1.2543626766586649 13 79.0
3 4.373835042191647 3 76.0
4 2.8482819654229035 8 73.0
5 2.685147909339602 11 61.0
6 3.2739352855639923 6 60.0
7 3.8498563873506235 4 58.0
8 0.6625088594773612 16 55.0
9 2.859783524127649 7 51.0
10 2.727333503843418 9 51.0
11 4.7630980859976315 2 49.0
12 1.4534864938848377 12 49.0
13 3.7652390750026044 5 49.0
14 0.31617565283403204 18 47.0
15 0.0 20 46.0
16 1.1225160200810034 14 43.0
17 0.5975899243341269 17 43.0
18 1.0020754120011497 15 29.0
19 2.724081762609658 10 22.0
20 0.15639808601222827 19 20.0
1 4.286725916757881 6 93.0
2 3.305553286454069 12 79.0
3 5.7365999999999975 3 76.0
4 1.652756316040366 17 73.0
5 4.042835194244628 8 61.0
6 3.7355112053132915 9 60.0
7 3.512188142090291 10 58.0
8 1.2195761162466194 19 55.0
9 6.855526643227034 1 51.0
10 3.457926094586217 11 51.0
11 4.278833292142986 7 49.0
12 2.816648021890545 15 49.0
13 6.354918378374444 2 49.0
14 1.6078113227124808 18 47.0
15 0.0 20 46.0
16 2.8788332921429864 14 43.0
17 3.151599004136827 13 43.0
18 4.563553286454069 4 29.0
19 4.439689473516382 5 22.0
20 2.066880876751762 16 20.0
1 7.94153333347502 2 93.0
2 4.005256153901337 13 79.0
3 7.184193077073205 8 76.0
4 7.531652307917054 4 73.0
5 7.327462307792649 6 61.0
6 5.229661666771247 11 60.0
7 8.84745230779265 1 58.0
8 0.0 20 55.0
9 7.617906923199005 3 51.0
10 3.1238666667751165 16 51.0
11 7.29868307703819 7 49.0
12 3.121714615515702 17 49.0
13 5.201466666850363 12 49.0
14 6.153243333455297 10 47.0
15 0.8250576924892812 19 46.0
16 3.7870300001028063 15 43.0
17 2.973766923242032 18 43.0
18 6.471214615453779 9 29.0
19 7.484243333448823 5 22.0
20 3.902661666790781 14 20.0
1 5.553181690210577 4 93.0
2 1.598470688020459 17 79.0
3 5.667199848149022 3 76.0
4 6.846109924075037 1 73.0
5 3.221070688025146 11 61.0
6 4.845986394993065 5 60.0
7 3.0014971542490883 12 58.0
8 0.0 20 55.0
9 4.303909372441334 7 51.0
10 3.885435475903119 9 51.0
11 5.781689848149423 2 49.0
12 3.3603372109615948 10 49.0
13 4.321493073530474 6 49.0
14 1.0557183610706384 19 47.0
15 1.3079995678894107 18 46.0
16 4.099403766274656 8 43.0
17 2.8523706556492714 13 43.0
18 2.3292706487112738 16 29.0
19 2.38671836107019 15 22.0
20 2.8281930657739665 14 20.0
1 9.061499638401097 4 93.0
2 5.5685089753664325 17 79.0
3 8.895257273099949 5 76.0
4 7.660344725166765 10 73.0
5 5.825488560810499 16 61.0
6 9.150565697681973 3 60.0
7 7.1436300010871285 12 58.0
8 0.0 20 55.0
9 8.585408835100116 7 51.0
10 6.437095557757296 14 51.0
11 8.697892266561874 6 49.0
12 9.586844725166852 2 49.0
13 8.559907120534021 8 49.0
14 6.148444725166865 15 47.0
15 5.517492266561881 18 46.0
16 11.718844725166868 1 43.0
17 4.204955274833107 19 43.0
18 6.634672945033373 13 29.0
19 8.07858245661714 9 22.0
20 7.218432842846451 11 20.0
1 7.407473018517999 3 93.0
2 2.80242651991814 16 79.0
3 7.059950085191973 4 76.0
4 7.885117556836741 2 73.0
5 5.1285969602287995 12 61.0
6 6.481598700298526 6 60.0
7 5.973180880696312 7 58.0
8 0.0 20 55.0
9 5.929133821052268 8 51.0
10 4.015985028428988 15 51.0
11 1.917500000020453 18 49.0
12 1.8922807741652057 19 49.0
13 10.287098700301467 1 49.0
14 4.568098700302218 13 47.0
15 2.7935175568367434 17 46.0
16 7.021701292635324 5 43.0
17 5.422950085253693 9 43.0
18 5.2587850284123565 11 29.0
19 5.384426981582293 10 22.0
20 4.186517556829321 14 20.0
1 6.556179015557396 2 93.0
2 2.652934519212331 16 79.0
3 5.922876264860515 5 76.0
4 3.4652847015192156 12 73.0
5 3.491232012784663 11 61.0
6 4.5321999803085005 10 60.0
7 4.925192530352134 7 58.0
8 4.718782532548428 8 55.0
9 2.7517962681832957 15 51.0
10 2.934858501034272 14 51.0
11 6.193068007981202 4 49.0
12 5.694662532880533 6 49.0
13 6.374146264182107 3 49.0
14 1.725407831628385 18 47.0
15 3.295212503367471 13 46.0
16 7.221056999659304 1 43.0
17 0.0 20 43.0
18 2.3558315165466803 17 29.0
19 4.657457004036541 9 22.0
20 1.3038235117109949 19 20.0
1 11.59959076440174 1 93.0
2 2.4570999999998273 16 79.0
3 1.9721153333333432 18 76.0
4 10.360702731910635 4 73.0
5 8.55290414435514 6 61.0
6 6.644964753216302 9 60.0
7 8.810242666679585 5 58.0
8 5.084074568875517 12 55.0
9 10.656420930128697 3 51.0
10 5.694614448796477 10 51.0
11 2.086605333333163 17 49.0
12 3.439312993895068 14 49.0
13 11.218593839884498 2 49.0
14 5.230675057784124 11 47.0
15 1.3953426666665294 19 46.0
16 5.038642666664168 13 43.0
17 0.0 20 43.0
18 6.788812993860216 8 29.0
19 2.4750426666674743 15 22.0
20 7.239193425671338 7 20.0
1 5.558826978036001 2 93.0
2 2.222472615391741 16 79.0
3 5.098263747262519 4 76.0
4 2.8124040438075246 11 73.0
5 3.1214616007028866 9 61.0
6 6.50389410091597 1 60.0
7 4.006425655299968 8 58.0
8 1.5018228140134016 17 55.0
9 4.6608563535200425 5 51.0
10 2.7196123755972827 12 51.0
11 4.115837961594964 6 49.0
12 1.2532832861758294 18 49.0
13 5.188761960875294 3 49.0
14 0.942158483573424 19 47.0
15 2.3812330306350016 14 46.0
16 3.034070051300321 10 43.0
17 2.503698514668159 13 43.0
18 2.3609941009159745 15 29.0
19 4.0404643041892445 7 22.0
20 0.0 20 20.0
1 5.594494114178181 3 93.0
2 2.420061588457865 13 79.0
3 6.944275049210707 1 76.0
4 3.351126834591596 12 73.0
5 4.198205444688014 9 61.0
6 5.22551549841336 5 60.0
7 4.729507838891606 7 58.0
8 0.4263899999997838 19 55.0
9 4.382822216638243 8 51.0
10 5.340071833406265 4 51.0
11 3.6792898612136806 11 49.0
12 1.8784912743678008 15 49.0
13 6.661246564492259 2 49.0
14 0.9422465644918989 18 47.0
15 0.0 20 46.0
16 4.157215984244132 10 43.0
17 1.7671982244942679 16 43.0
18 1.9916331579350162 14 29.0
19 4.870065799252943 6 22.0
20 1.5351159842434057 17 20.0
1 3.293226449177662 4 93.0
2 0.0 20 79.0
3 4.094765651118916 2 76.0
4 1.2593126125640617 16 73.0
5 2.185248476678368 9 61.0
6 2.9610617524939604 5 60.0
7 2.3086780264222324 8 58.0
8 2.124527174440572 10 55.0
9 1.4598126125640531 14 51.0
10 1.249757174440633 17 51.0
11 4.53611261256405 1 49.0
12 2.313917576166114 7 49.0
13 3.525668910757549 3 49.0
14 1.1857241682394104 18 47.0
15 1.6981371744405505 12 46.0
16 1.2903828255594738 15 43.0
17 0.39790317605831027 19 43.0
18 1.8001834915071746 11 29.0
19 2.3593026799676986 6 22.0
20 1.4727505338366265 13 20.0
1 6.5072316118107105 1 93.0
2 1.2806876797715667 15 79.0
3 5.536115277807029 2 76.0
4 2.1905262902822074 11 73.0
5 3.419348815747615 9 61.0
6 3.849548815747614 7 60.0
7 4.762836369024644 3 58.0
8 0.0 20 55.0
9 4.298567618884229 5 51.0
10 1.4622893179732566 12 51.0
11 4.480773077739712 4 49.0
12 1.0736043146451508 16 49.0
13 4.133935838982698 6 49.0
14 1.4463635505515822 13 47.0
15 0.7356262902822035 19 46.0
16 1.441646894556597 14 43.0
17 0.8082623246506679 18 43.0
18 2.2953927615663083 10 29.0
19 3.6815509561749455 8 22.0
20 0.9919023492644958 17 20.0
1 6.85341252206475 3 93.0
2 2.271784017116591 15 79.0
3 4.942356493714899 9 76.0
4 3.869113434073257 11 73.0
5 4.168548502273366 10 61.0
6 6.8382839663012955 4 60.0
7 6.963097496656779 2 58.0
8 3.24782830703397 13 55.0
9 4.986998502273549 8 51.0
10 0.502630072211987 19 51.0
11 5.92342686814667 7 49.0
12 1.3446340171170128 18 49.0
13 5.988441027013143 6 49.0
14 3.2525591896230983 12 47.0
15 0.0 20 46.0
16 7.4760814148168375 1 43.0
17 2.8107300722113777 14 43.0
18 1.6156129874297958 16 29.0
19 6.2804488633325235 5 22.0
20 1.3930000000003986 17 20.0
1 8.989160000003139 4 93.0
2 8.326600000000726 7 79.0
3 10.3010666666693 1 76.0
4 6.402160000000724 13 73.0
5 8.810166666665936 5 61.0
6 8.779299999992801 6 60.0
7 7.098083333334024 9 58.0
8 4.881333333344868 15 55.0
9 3.7225333333340282 18 51.0
10 6.8726999999994165 10 51.0
11 6.798833333329534 11 49.0
12 4.765999999999249 16 49.0
13 9.157666666664227 3 49.0
14 4.740583333329532 17 47.0
15 0.0 20 46.0
16 6.475659999999151 12 43.0
17 5.869499999996005 14 43.0
18 8.115500000001859 8 29.0
19 9.206533333333562 2 22.0
20 3.4542599999991497 19 20.0
1 5.788760615493091 8 93.0
2 2.2278593078104683 18 79.0
3 6.464467944365051 2 76.0
4 2.967677978769906 17 73.0
5 4.004215798790893 10 61.0
6 6.180354867543069 6 60.0
7 5.361774782521211 9 58.0
8 0.0 20 55.0
9 3.7369810560160834 12 51.0
10 6.41061591587275 3 51.0
11 6.130980427275708 7 49.0
12 3.014703978769906 16 49.0
13 6.630140013174762 1 49.0
14 3.490403295816739 13 47.0
15 3.374274782521199 14 46.0
16 6.290500261963459 5 43.0
17 1.91868420120906 19 43.0
18 3.8337419400713495 11 29.0
19 6.302050775729435 4 22.0
20 3.1717507757294197 15 20.0
1 5.966017604157074 1 93.0
2 1.9117657952827432 15 79.0
3 5.333198668374143 2 76.0
4 2.138381949068445 14 73.0
5 3.906249830610796 8 61.0
6 3.9940910729784918 7 60.0
7 3.420388035533087 11 58.0
8 0.0 20 55.0
9 4.724699830610796 3 51.0
10 3.884172973672679 10 51.0
11 4.055312686739499 6 49.0
12 0.695270568020899 16 49.0
13 3.902203276870266 9 49.0
14 0.24434672312973582 19 47.0
15 0.5421041003285048 18 46.0
16 3.0513403387784117 12 43.0
17 0.6250032768702662 17 43.0
18 4.1978156809466824 5 29.0
19 4.65243281984508 4 22.0
20 2.8191115779360887 13 20.0
1 9.605031022452827 2 93.0
2 5.899251477376566 13 79.0
3 8.38542795161675 4 76.0
4 6.75594204618789 9 73.0
5 7.198738978092004 7 61.0
6 5.362999476719544 15 60.0
7 8.07174204466687 6 58.0
8 0.0 20 55.0
9 8.321399996972346 5 51.0
10 3.841238976445656 17 51.0
11 5.9617294765475055 12 49.0
12 4.805607500038177 16 49.0
13 8.836697954368141 3 49.0
14 3.590892500038095 18 47.0
15 5.600770680875769 14 46.0
16 9.947518521923623 1 43.0
17 3.0821999993167104 19 43.0
18 6.210114999143616 11 29.0
19 6.980199318159544 8 22.0
20 6.458494999324511 10 20.0
1 5.62898414994897 1 93.0
2 1.0629470406644153 15 79.0
3 3.8843549051251878 4 76.0
4 2.490736741285707 9 73.0
5 2.3146280765569442 12 61.0
6 2.8573646514488877 7 60.0
7 3.80653674128584 5 58.0
8 0.0 20 55.0
9 2.415104373289443 11 51.0
10 4.1502171273656465 3 51.0
11 2.444288629480727 10 49.0
12 2.9647006805036544 6 49.0
13 4.750676304150305 2 49.0
14 0.7074080717031066 16 47.0
15 0.0439879090257187 18 46.0
16 2.589435625250613 8 43.0
17 1.462842190353767 14 43.0
18 0.008742876006924138 19 29.0
19 2.1189646514489393 13 22.0
20 0.3450737259163592 17 20.0
1 4.674019764690578 5 93.0
2 2.88106835524803 13 79.0
3 5.118332563594511 4 76.0
4 3.262655771671949 12 73.0
5 5.7095651781948495 3 61.0
6 4.108231644752434 7 60.0
7 3.750619649580427 8 58.0
8 1.6081013702136362 17 55.0
9 8.066690061135493 1 51.0
10 3.473405771671519 10 51.0
11 1.6952457122655538 16 49.0
12 2.5786593555169928 14 49.0
13 7.1041861474395755 2 49.0
14 0.06432999491081448 19 47.0
15 1.520068857772083 18 46.0
16 3.566557028161862 9 43.0
17 0.0 20 43.0
18 4.1390683552478436 6 29.0
19 3.355747654408546 11 22.0
20 2.3837693260095945 15 20.0
1 6.255876290302836 2 93.0
2 3.464924920472244 14 79.0
3 5.85477891111479 3 76.0
4 4.803925067530161 6 73.0
5 4.299130089649263 9 61.0
6 4.7864694109028525 7 60.0
7 5.2354249204722425 5 58.0
8 0.0 20 55.0
9 3.7154331464533126 11 51.0
10 3.2328623121961244 16 51.0
11 6.414765872097751 1 49.0
12 3.236270626283284 15 49.0
13 5.600205253837242 4 49.0
14 1.6260502677297386 19 47.0
15 4.018355006677803 10 46.0
16 3.6336740804054948 12 43.0
17 2.916160593808889 18 43.0
18 3.1236204376912875 17 29.0
19 4.65693927835751 8 22.0
20 3.6161741610088227 13 20.0
1 6.610268474408755 7 93.0
2 7.211585839805042 5 79.0
3 9.379378028800184 1 76.0
4 5.731920393478381 12 73.0
5 7.773847275410251 3 61.0
6 5.26047610569059 15 60.0
7 7.483539937633769 4 58.0
8 6.4356386065221205 8 55.0
9 5.681660164012374 13 51.0
10 6.337800843139771 9 51.0
11 8.866347275410549 2 49.0
12 0.0 20 49.0
13 4.858799999997642 17 49.0
14 5.1422712687501475 16 47.0
15 5.496039937632324 14 46.0
16 6.156378028815792 10 43.0
17 4.065555944297403 18 43.0
18 6.135718894317079 11 29.0
19 6.796555839766434 6 22.0
20 3.167024842652362 19 20.0
1 7.683154059642242 5 93.0
2 5.291774282390295 16 79.0
3 8.274923926713347 3 76.0
4 5.308461886378526 15 73.0
5 7.424537006718573 7 61.0
6 5.680147029821586 14 60.0
7 7.152894961748895 8 58.0
8 0.0 20 55.0
9 6.528252970180038 11 51.0
10 6.231454129447057 12 51.0
11 8.517037006719814 2 49.0
12 6.6613307868050855 10 49.0
13 7.800209289347885 4 49.0
14 3.7965618863769053 18 47.0
15 3.4059634016524782 19 46.0
16 9.55364064433308 1 43.0
17 4.421954139475715 17 43.0
18 7.577640644332835 6 29.0
19 6.8264866061035265 9 22.0
20 6.05319805409687 13 20.0
1 4.2402778594889075 3 93.0
2 1.8941200277176957 12 79.0
3 1.6369999999999993 13 76.0
4 1.0840381389089182 17 73.0
5 3.741606543138669 6 61.0
6 4.250631728430665 2 60.0
7 3.1318968307297923 9 58.0
8 1.1036496294160063 16 55.0
9 4.5600565431386695 1 51.0
10 0.9836746114715984 19 51.0
11 3.896858777537447 4 49.0
12 1.076344334935512 18 49.0
13 2.3285358019706806 11 49.0
14 1.3737498630938056 14 47.0
15 1.1209410840342904 15 46.0
16 3.317718642153329 8 43.0
17 0.0 20 43.0
18 3.776192715693343 5 29.0
19 3.629568271569334 7 22.0
20 2.5139410840342857 10 20.0
1 7.040556452317713 2 93.0
2 3.419856452516442 13 79.0
3 5.511497465871708 6 76.0
4 2.7987808142057133 18 73.0
5 4.254006823431634 10 61.0
6 6.286096912166555 4 60.0
7 4.716285622090788 9 58.0
8 0.0 20 55.0
9 5.072456823359487 7 51.0
10 4.09218557426556 12 51.0
11 5.540847753136919 5 49.0
12 3.355470598075489 14 49.0
13 7.418906823359489 1 49.0
14 1.2139564525212507 19 47.0
15 2.9021969122011892 17 46.0
16 4.831847320920536 8 43.0
17 3.0821999999486036 15 43.0
18 2.9228190675776213 16 29.0
19 6.583266452516446 3 22.0
20 4.131056452486639 11 20.0
1 12.508760690076267 1 93.0
2 8.395576064068162 5 79.0
3 4.936751899072882 8 76.0
4 9.482091438059722 4 73.0
5 3.810375836090479 12 61.0
6 3.8794448601716853 11 60.0
7 10.166076064078421 3 58.0
8 1.3308068120562146 18 55.0
9 5.445360690025512 6 51.0
10 11.096360690084744 2 51.0
11 4.472553865616372 10 49.0
12 2.388539974074627 15 49.0
13 5.307823599138385 7 49.0
14 1.792556869945697 16 47.0
15 0.0 20 46.0
16 2.945108780028362 14 43.0
17 3.188070863066656 13 43.0
18 0.969108780016124 19 29.0
19 4.479393732369402 9 22.0
20 1.3929999999754235 17 20.0
1 5.167877996137619 9 93.0
2 3.38196979003438 15 79.0
3 6.675825599634559 3 76.0
4 6.412865725228917 5 73.0
5 6.509051567765163 4 61.0
6 4.961406399909163 10 60.0
7 7.728665725196232 1 58.0
8 2.142208114088878 18 55.0
9 4.604914303143965 11 51.0
10 6.1821767989164575 7 51.0
11 5.8962579961392105 8 49.0
12 3.1884936002865434 16 49.0
13 7.141374213847085 2 49.0
14 2.1495016891217325 17 47.0
15 0.0 20 46.0
16 6.400362262425009 6 43.0
17 1.2875936000910233 19 43.0
18 4.532166026194377 12 29.0
19 3.788009183863248 13 22.0
20 3.451793451858221 14 20.0
1 4.4132991665004475 4 93.0
2 2.595802291343522 11 79.0
3 4.541917917614208 2 76.0
4 1.846044856095383 14 73.0
5 1.4642910215972957 15 61.0
6 3.886999999171147 5 60.0
7 4.475906249803622 3 58.0
8 0.0 20 55.0
9 1.9683095181082098 13 51.0
10 3.317338333774341 7 51.0
11 3.8005258351036657 6 49.0
12 0.45033833299701165 18 49.0
13 3.0038600697642375 9 49.0
14 2.8939662498027703 10 47.0
15 0.0426371870869362 19 46.0
16 3.1568299999947778 8 43.0
17 0.6018710215884637 17 43.0
18 2.5876102081471664 12 29.0
19 5.2055522913426735 1 22.0
20 0.7241233525837765 16 20.0
1 4.481661136573692 4 93.0
2 4.453866356806272 5 79.0
3 5.042682838937543 2 76.0
4 3.0043394754645765 12 73.0
5 2.8406999996279065 13 61.0
6 4.291010823191182 7 60.0
7 3.495015050996142 11 58.0
8 0.0 20 55.0
9 4.361985149814915 6 51.0
10 5.835416916074456 1 51.0
11 4.51634435274298 3 49.0
12 1.8462460901274407 15 49.0
13 3.9666557232518036 9 49.0
14 1.4243741261143643 17 47.0
15 0.6140304439765685 19 46.0
16 4.016099787386519 8 43.0
17 0.8865881886768863 18 43.0
18 2.6355218255779556 14 29.0
19 3.648528892394836 10 22.0
20 1.7735806479003187 16 20.0
1 6.332031642609193 1 93.0
2 2.7816698870145964 14 79.0
3 5.570765856071786 3 76.0
4 3.381185457679873 12 73.0
5 3.3917688515791604 11 61.0
6 5.04978716085466 5 60.0
7 4.064064988233188 10 58.0
8 1.9380251358963196 17 55.0
9 4.812554981118319 7 51.0
10 5.769351354869274 2 51.0
11 4.856456588708841 6 49.0
12 1.8885991961421817 18 49.0
13 5.264143868708425 4 49.0
14 0.0 20 47.0
15 1.5116351343671393 19 46.0
16 4.428994822082731 8 43.0
17 2.8312456542072693 13 43.0
18 1.9981744187107202 16 29.0
19 4.408461616397806 9 22.0
20 2.1727397129902344 15 20.0
1 3.3074252356075693 11 93.0
2 2.8708710653782137 14 79.0
3 5.084619331595805 4 76.0
4 3.7376787776434184 10 73.0
5 3.9148309485573467 9 61.0
6 5.582519874457468 1 60.0
7 5.164191531845093 3 58.0
8 1.6521630483371446 16 55.0
9 4.366195828000543 7 51.0
10 1.8950252349559173 15 51.0
11 5.372902654431829 2 49.0
12 3.0895011063518742 13 49.0
13 4.91550868513346 6 49.0
14 1.518733340627296 18 47.0
15 0.0 20 46.0
16 4.931556951069281 5 43.0
17 1.5658840762249584 17 43.0
18 3.2503020796406497 12 29.0
19 4.1141931286005935 8 22.0
20 1.2649111411127958 19 20.0
1 6.056211925849956 3 93.0
2 1.8243790468940217 14 79.0
3 6.45183390912605 2 76.0
4 2.902911925844156 11 73.0
5 3.100753693220537 10 61.0
6 4.219005630224432 6 60.0
7 3.3104890724257814 8 58.0
8 1.6142339091270697 16 55.0
9 5.184631336721351 4 51.0
10 2.1589649979087913 12 51.0
11 8.26093133671783 1 49.0
12 2.024842830781494 13 49.0
13 5.178426020910883 5 49.0
14 0.521241968328098 19 47.0
15 1.0118270050789615 18 46.0
16 3.1831081790870996 9 43.0
17 0.0 20 43.0
18 1.703359639171827 15 29.0
19 3.3480000000005576 7 22.0
20 1.4741729949184015 17 20.0
1 4.780646155649005 2 93.0
2 1.246977213499822 15 79.0
3 3.6310049671433684 5 76.0
4 2.3747398046014405 8 73.0
5 2.0975492018003066 9 61.0
6 2.54256587024764 7 60.0
7 2.970392536914336 6 58.0
8 0.0 20 55.0
9 4.3498772133993455 3 51.0
10 2.076453006777621 10 51.0
11 0.9970802072313891 16 49.0
12 1.9799000651995644 11 49.0
13 5.2624492035797825 1 49.0
14 0.3422189404670697 18 47.0
15 0.08029450389030579 19 46.0
16 1.672198077047934 12 43.0
17 1.2855950983429039 14 43.0
18 1.3942074081462446 13 29.0
19 4.010271405383238 4 22.0
20 0.3576950326267563 17 20.0
1 10.809119995086894 4 93.0
2 1.418999998746778 19 79.0
3 9.01269999996676 5 76.0
4 3.0609899997154386 12 73.0
5 2.8567999995973916 14 61.0
6 7.501899999631413 7 60.0
7 4.379399999745497 11 58.0
8 1.9534200013324758 18 55.0
9 4.521900000020759 10 51.0
10 2.2517099996827477 17 51.0
11 11.537500002337648 2 49.0
12 4.659520000743957 9 49.0
13 8.983220000743952 6 49.0
14 11.027909999884745 3 47.0
15 0.0 20 46.0
16 2.9243999997458943 13 43.0
17 2.285299999520837 16 43.0
18 2.3814999996821045 15 29.0
19 12.358909998856078 1 22.0
20 6.930799998831827 8 20.0
1 6.249286375666828 1 93.0
2 1.2537712473042457 17 79.0
3 2.3088570139640487 12 76.0
4 1.5507770139640449 16 73.0
5 2.334377323872322 11 61.0
6 4.602189632100891 5 60.0
7 2.8671426108227305 10 58.0
8 1.6375159990213404 15 55.0
9 2.8941382283698416 9 51.0
10 6.022706580778859 2 51.0
11 4.816773455185777 4 49.0
12 4.094626914232484 6 49.0
13 5.577874933187783 3 49.0
14 0.0 20 47.0
15 1.2425422874604783 18 46.0
16 3.003984193812736 8 43.0
17 0.326032377028846 19 43.0
18 1.7417870139640772 14 29.0
19 3.689902844616741 7 22.0
20 1.765101541004409 13 20.0
1 7.409200376978613 1 93.0
2 3.231875022736462 16 79.0
3 6.824937494506996 4 76.0
4 5.96653261873746 7 73.0
5 7.072891236415572 2 61.0
6 5.3141374942387865 8 60.0
7 6.826385733066219 3 58.0
8 1.9602173765138948 18 55.0
9 6.526870450290573 5 51.0
10 2.4351573797318533 17 51.0
11 4.6134129375845605 11 49.0
12 4.766000001697407 10 49.0
13 6.1399257430863 6 49.0
14 1.9107816135841693 19 47.0
15 0.0 20 46.0
16 4.384249663631493 12 43.0
17 4.244203520772438 13 43.0
18 3.5431704455415414 14 29.0
19 5.211610145583698 9 22.0
20 3.515491225286861 15 20.0
1 6.399683501630566 1 93.0
2 2.7596693079126218 7 79.0
3 3.5163125195794027 4 76.0
4 0.891196737205717 16 73.0
5 1.8365455083040192 13 61.0
6 2.550271727941531 9 60.0
7 2.342210642412918 11 58.0
8 2.157035863970766 12 55.0
9 2.600507591912293 8 51.0
10 1.1019467372057188 15 51.0
11 4.043252473134775 3 49.0
12 0.3146752695532531 18 49.0
13 4.573783501630564 2 49.0
14 0.043004524172936875 19 47.0
15 0.0 20 46.0
16 3.1324858824991404 5 43.0
17 0.7145634611393583 17 43.0
18 2.4312936925745223 10 29.0
19 2.836774541768252 6 22.0
20 1.3081358639707656 14 20.0
1 5.443802618103058 3 93.0
2 0.8588299171424727 16 79.0
3 5.917599999999999 2 76.0
4 3.125314531690379 11 73.0
5 3.481771209413232 10 61.0
6 4.298537381896926 7 60.0
7 4.308347629595124 6 58.0
8 0.5920117243984411 18 55.0
9 4.434441132695515 5 51.0
10 3.9394000000000045 8 51.0
11 0.0 20 49.0
12 0.6050068664062294 17 49.0
13 4.676018701589418 4 49.0
14 0.0565445157322344 19 47.0
15 1.6177425057460653 14 46.0
16 2.302663332416187 13 43.0
17 2.6406108628410565 12 43.0
18 6.326418701589423 1 29.0
19 3.6791010410002087 9 22.0
20 1.2631149404339648 15 20.0
1 6.916051192955596 2 93.0
2 0.0 20 79.0
3 5.662934997532735 4 76.0
4 4.999169268871713 5 73.0
5 3.656950182505471 10 61.0
6 4.505175466999917 7 60.0
7 6.95282455501968 1 58.0
8 0.037311529822856127 19 55.0
9 4.358550091252745 8 51.0
10 0.512251529822858 17 51.0
11 4.543819398654567 6 49.0
12 2.2177242330375737 13 49.0
13 6.266364555019681 3 49.0
14 1.2531285376904637 15 47.0
15 0.9977874987663831 16 46.0
16 3.4393670023451377 11 43.0
17 2.354700808138811 12 43.0
18 1.2579999999999278 14 29.0
19 3.669056875467712 9 22.0
20 0.31319044389764006 18 20.0
1 4.685849028484248 2 93.0
2 0.927149999999995 13 79.0
3 4.565361524435333 3 76.0
4 0.6145417345638988 16 73.0
5 2.338196530843586 10 61.0
6 2.6708657445157207 9 60.0
7 3.0865870716108796 7 58.0
8 0.4250087257193489 18 55.0
9 3.5935823767431483 6 51.0
10 4.019230013841874 4 51.0
11 3.822906262031403 5 49.0
12 0.0 20 49.0
13 5.314651396437496 1 49.0
14 0.5365671257047915 17 47.0
15 0.19955575614152332 19 46.0
16 2.002149990682792 11 43.0
17 0.8928177805536148 14 43.0
18 1.2315820413144045 12 29.0
19 2.9121674607558976 8 22.0
20 0.69302444067217 15 20.0
1 7.603499720153065 1 93.0
2 0.4004994500571484 16 79.0
3 3.65673377322804 8 76.0
4 3.9310910506414247 6 73.0
5 3.5196856130605947 9 61.0
6 5.840291111478832 3 60.0
7 5.330323483978711 4 58.0
8 0.30114848154765506 18 55.0
9 6.088775456346028 2 51.0
10 0.9504338188523413 15 51.0
11 3.461855218291129 10 49.0
12 0.0 20 49.0
13 4.588448620055078 5 49.0
14 0.35526751295478176 17 47.0
15 2.6532711558702005 12 46.0
16 2.395349302755894 13 43.0
17 2.0195984197105825 14 43.0
18 3.2184598438095624 11 29.0
19 3.929851160830893 7 22.0
20 0.0928193601578653 19 20.0
1 8.855700000000041 2 93.0
2 4.72475505666457 17 79.0
3 8.300941557224519 4 76.0
4 5.196083028332283 15 73.0
5 7.007506187386436 10 61.0
6 8.267405470991607 6 60.0
7 7.046887670669825 9 58.0
8 0.0 20 55.0
9 7.139389721251315 7 51.0
10 4.810478840908031 16 51.0
11 8.736467076919844 3 49.0
12 5.888995166018024 12 49.0
13 8.288258236369808 5 49.0
14 4.345094878079202 18 47.0
15 5.556067076919867 14 46.0
16 8.941706187386451 1 43.0
17 4.2162232551161765 19 43.0
18 5.813572098967789 13 29.0
19 7.113153671015652 8 22.0
20 6.000493784979697 11 20.0
1 11.214862413513451 2 93.0
2 9.507700451140012 10 79.0
3 10.80306068713902 5 76.0
4 8.783099999889435 15 73.0
5 9.86516496990314 7 61.0
6 11.029647526302526 4 60.0
7 9.391266135351348 13 58.0
8 0.0 20 55.0
9 9.441621663629853 12 51.0
10 9.820108426751595 8 51.0
11 11.874139168182813 1 49.0
12 9.453102270636284 11 49.0
13 9.302494466537794 14 49.0
14 7.033766135319504 17 47.0
15 5.991222929462413 19 46.0
16 11.033760082691614 3 43.0
17 8.268462413557021 16 43.0
18 10.182066817339807 6 29.0
19 9.669410831830534 9 22.0
20 6.95915869799483 18 20.0
