1 10.284606244581727 1 93.0
2 2.408937761163572 18 79.0
3 5.567563922521993 5 76.0
4 4.727948079609337 9 73.0
5 3.658911562708438 13 61.0
6 5.004889261723275 8 60.0
7 5.246210767382353 7 58.0
8 0.0 20 55.0
9 6.255603595358367 3 51.0
10 2.8288314039102413 15 51.0
11 1.0538999823533737 19 49.0
12 2.590302344046484 16 49.0
13 5.818516905025774 4 49.0
14 3.7212784807507937 12 47.0
15 2.5245088365332427 17 46.0
16 5.432285364632021 6 43.0
17 4.579321464748999 10 43.0
18 4.182300653743376 11 29.0
19 8.584018778799312 2 22.0
20 3.19485317050297 14 20.0
1 6.962876384365256 1 93.0
2 3.568997430610745 13 79.0
3 3.3426243760717536 15 76.0
4 5.393490382255912 4 73.0
5 4.983404377630567 5 61.0
6 3.6465056402121183 12 60.0
7 4.007393508265146 11 58.0
8 0.0 20 55.0
9 4.509778538246586 7 51.0
10 4.316452803851216 8 51.0
11 4.038107119732522 10 49.0
12 2.975329284523256 17 49.0
13 5.5683292417324886 3 49.0
14 1.2148056737223931 19 47.0
15 3.504870982921041 14 46.0
16 4.080000756038872 9 43.0
17 2.896404359593059 18 43.0
18 4.8638568931009845 6 29.0
19 5.991637365880157 2 22.0
20 3.0288604789242144 16 20.0
1 7.801394576945986 1 93.0
2 4.570542721195316 11 79.0
3 6.036791467145665 7 76.0
4 4.213374146081711 12 73.0
5 4.658051621669144 10 61.0
6 7.4596305216710785 2 60.0
7 6.292271300100248 5 58.0
8 0.0 20 55.0
9 6.2653949649525185 6 51.0
10 1.9515516216685707 18 51.0
11 7.363448337106561 3 49.0
12 2.810944425833605 17 49.0
13 5.401955733574263 9 49.0
14 1.4337284986936885 19 47.0
15 4.024417853792719 13 46.0
16 5.61460339785746 8 43.0
17 3.6633995651459053 14 43.0
18 3.2445241460715657 15 29.0
19 6.59172846276089 4 22.0
20 3.060522774881319 16 20.0
1 3.6904667409220866 9 93.0
2 2.3723289233326392 15 79.0
3 5.302809321566194 4 76.0
4 3.183555533872335 11 73.0
5 3.7104257292848124 8 61.0
6 5.756633806004984 1 60.0
7 5.078036501429022 6 58.0
8 1.0544015448492257 19 55.0
9 3.4151155338722887 10 51.0
10 2.8633038246321987 13 51.0
11 5.547361407829408 3 49.0
12 3.1527906784337683 12 49.0
13 5.579847273948612 2 49.0
14 1.3886914247289401 18 47.0
15 0.0 20 46.0
16 5.106640908342303 5 43.0
17 2.1841785195137993 16 43.0
18 2.827849657211974 14 29.0
19 4.195208519513798 7 22.0
20 1.7485085195137826 17 20.0
1 5.202191630041105 2 93.0
2 2.812987178869105 14 79.0
3 4.368990290636618 6 76.0
4 2.9291819044950134 13 73.0
5 4.355684501889709 7 61.0
6 5.052086589333919 3 60.0
7 4.747358758191132 4 58.0
8 0.0 20 55.0
9 4.228199999999875 8 51.0
10 1.9101116032373762 19 51.0
11 5.328716671600173 1 49.0
12 2.636088676777925 16 49.0
13 3.8394592137832912 10 49.0
14 2.0384873672806165 18 47.0
15 2.297178631963148 17 46.0
16 3.806211603237594 11 43.0
17 3.1815412418080418 12 43.0
18 4.449777927823458 5 29.0
19 4.010280251194499 9 22.0
20 2.764324304543972 15 20.0
1 7.434107946334105 1 93.0
2 3.028638306643438 13 79.0
3 4.618584609667552 6 76.0
4 3.909806313809187 11 73.0
5 4.2709500865132775 9 61.0
6 4.790682930168476 4 60.0
7 5.749668497354101 3 58.0
8 0.0 20 55.0
9 5.8333562079199375 2 51.0
10 4.541891320317626 7 51.0
11 3.0655621634637784 12 49.0
12 2.1271081706774853 17 49.0
13 4.3810651331247925 8 49.0
14 1.196660257207653 19 47.0
15 2.0874077219907257 18 46.0
16 4.255743812899096 10 43.0
17 2.344261487759243 16 43.0
18 2.759219379782144 14 29.0
19 4.7490987696864 5 22.0
20 2.5080681706774874 15 20.0
1 4.338258475612274 2 93.0
2 2.656841661505741 12 79.0
3 2.7284754062247916 11 76.0
4 0.9012644561167191 17 73.0
5 4.155888708348592 4 61.0
6 3.458150188447274 7 60.0
7 4.297935930276118 3 58.0
8 0.05489882233923149 19 55.0
9 3.885263904680409 5 51.0
10 1.4813993759977244 15 51.0
11 3.2340869614259042 8 49.0
12 0.859250624002317 18 49.0
13 5.060349099168465 1 49.0
14 1.5763490991684685 14 47.0
15 0.0 20 46.0
16 3.1140538039051426 9 43.0
17 1.216148427626309 16 43.0
18 2.8631250875423326 10 29.0
19 3.8324315154498967 6 22.0
20 2.0721953398027173 13 20.0
1 5.8117987623592775 1 93.0
2 3.2631394883573894 13 79.0
3 3.819966063226073 12 76.0
4 3.2522305221159944 14 73.0
5 3.8314904839727486 11 61.0
6 4.411401460558938 5 60.0
7 4.529864807640431 4 58.0
8 0.0 20 55.0
9 5.01768725715238 2 51.0
10 3.969966825501751 8 51.0
11 3.9043986600169127 10 49.0
12 1.4244545869854015 18 49.0
13 4.91575568811167 3 49.0
14 1.1537920969026851 19 47.0
15 1.5933175111444333 17 46.0
16 3.9691103734607522 9 43.0
17 2.9781602320871317 15 43.0
18 3.9956744320436943 6 29.0
19 3.98043606461286 7 22.0
20 2.1035687248932695 16 20.0
1 7.045579292284502 4 93.0
2 3.636766149108203 13 79.0
3 3.8310183883167923 12 76.0
4 4.127088516383491 9 73.0
5 4.218702516358371 8 61.0
6 8.457181119330828 1 60.0
7 3.6243556577499847 14 58.0
8 2.8284811192682624 16 55.0
9 8.185566149340314 2 51.0
10 7.7529111193191405 3 51.0
11 3.8823811195930764 11 49.0
12 2.330594733948004 18 49.0
13 4.345733849186338 7 49.0
14 1.2580661493403182 19 47.0
15 2.9304792920071483 15 46.0
16 5.987452570740758 5 43.0
17 0.0 20 43.0
18 3.9964744618915313 10 29.0
19 4.546279292059081 6 22.0
20 2.3932322992256365 17 20.0
1 4.167464878056419 9 93.0
2 2.200802276209994 16 79.0
3 5.1544761033850754 6 76.0
4 3.809659953798282 11 73.0
5 4.037124878056343 10 61.0
6 5.194810116476422 5 60.0
7 4.526449543759711 8 58.0
8 0.0 20 55.0
9 4.758198128837135 7 51.0
10 3.19407334694425 13 51.0
11 5.745913160405708 3 49.0
12 3.651112736964558 12 49.0
13 6.251612736964567 1 49.0
14 1.7759005958727265 17 47.0
15 2.6907745343558265 15 46.0
16 5.608400364864077 4 43.0
17 1.0580718340970257 19 43.0
18 3.175051786455613 14 29.0
19 5.87943010276644 2 22.0
20 1.5273587393667958 18 20.0
1 7.72677453051276 1 93.0
2 0.27859374477747423 18 79.0
3 6.859429746705894 3 76.0
4 4.793774530487061 7 73.0
5 4.934932493303114 6 61.0
6 4.321997489552503 9 60.0
7 6.950745590224412 2 58.0
8 0.20689000000467628 19 55.0
9 6.046714465565715 4 51.0
10 2.323578785244958 14 51.0
11 4.1777629045674205 10 49.0
12 0.7506837618252247 16 49.0
13 2.579397489558023 13 49.0
14 0.0 20 47.0
15 1.8310324934157216 15 46.0
16 5.361529746740362 5 43.0
17 4.135076372727595 11 43.0
18 3.8943375236555853 12 29.0
19 4.6773483195812435 8 22.0
20 0.7442900000296269 17 20.0
1 7.474483565478657 1 93.0
2 3.501288570875438 15 79.0
3 6.960439991312374 4 76.0
4 5.420105611628018 8 73.0
5 5.305225223255104 9 61.0
6 7.353928872940481 2 60.0
7 3.622673602937731 13 58.0
8 0.0 20 55.0
9 5.606605817501361 6 51.0
10 4.10433877225069 12 51.0
11 5.52836402337502 7 49.0
12 3.4687160869045846 16 49.0
13 6.169757754568241 5 49.0
14 4.220439991309925 10 47.0
15 3.5648577545710074 14 46.0
16 2.934264481271109 18 43.0
17 2.991605817501882 17 43.0
18 4.195468570872332 11 29.0
19 7.120909991309928 3 22.0
20 2.527050240635273 19 20.0
1 5.615602682912417 1 93.0
2 3.5682687283478516 9 79.0
3 4.633383141860221 2 76.0
4 2.8263213061004917 13 73.0
5 3.089134130403573 11 61.0
6 4.302624000056291 3 60.0
7 4.251360598887 4 58.0
8 0.15126020594776213 19 55.0
9 4.181488645194094 6 51.0
10 3.4014341173408216 10 51.0
11 3.5918754141276414 8 49.0
12 0.0 20 49.0
13 2.8638974735788945 12 49.0
14 1.8920905649681503 16 47.0
15 2.5570962163508906 14 46.0
16 3.9095453888192635 7 43.0
17 0.8597956198940424 17 43.0
18 2.284986216350889 15 29.0
19 4.183845307719558 5 22.0
20 0.8522737836491152 18 20.0
1 8.002354197003212 5 93.0
2 4.875477582142316 15 79.0
3 7.320353771956555 8 76.0
4 5.069354197457104 14 73.0
5 6.221277674439101 11 61.0
6 7.519675465966608 7 60.0
7 8.621902464976834 3 58.0
8 5.33971724896972 13 55.0
9 9.108974960791041 2 51.0
10 0.0 20 51.0
11 7.57219144997635 6 49.0
12 6.783528105390615 10 49.0
13 9.405752885883212 1 49.0
14 3.6100725202436577 18 47.0
15 3.9436950372905173 17 46.0
16 8.008857804805164 4 43.0
17 4.063372551656613 16 43.0
18 6.088269999904882 12 29.0
19 6.947900011293667 9 22.0
20 3.532454199592007 19 20.0
1 8.463180679071305 1 93.0
2 3.0601353074592335 11 79.0
3 3.0216164793781344 12 76.0
4 4.5293363215825675 6 73.0
5 5.269040626472636 2 61.0
6 4.58053785348329 5 60.0
7 2.5824422796861306 13 58.0
8 0.0313127216068092 19 55.0
9 5.2322385003265826 3 51.0
10 0.3768164793787596 17 51.0
11 4.193210359677554 7 49.0
12 1.924580679073323 15 49.0
13 3.944967376900782 8 49.0
14 0.0 20 47.0
15 0.20246272160665013 18 46.0
16 5.039235480459551 4 43.0
17 0.433857720314764 16 43.0
18 3.9400406264738996 9 29.0
19 3.843374142837006 10 22.0
20 2.240437853483721 14 20.0
1 6.511922800341275 1 93.0
2 3.0473973207296607 12 79.0
3 3.3079796127461476 11 76.0
4 2.362122230773119 14 73.0
5 3.383755175393578 9 61.0
6 5.62869999999636 2 60.0
7 3.5977812270042016 8 58.0
8 0.0 20 55.0
9 4.264103120867116 6 51.0
10 4.7366414998972415 3 51.0
11 4.074388626704726 7 49.0
12 2.091555175445078 15 49.0
13 4.692055175393588 4 49.0
14 1.1513650409698117 18 47.0
15 1.734355036153499 16 46.0
16 4.362979878898183 5 43.0
17 1.6342417772350744 17 43.0
18 2.803192631627175 13 29.0
19 3.350155036143818 10 22.0
20 0.5530176785234091 19 20.0
1 6.4802617981425215 1 93.0
2 1.700537819120702 15 79.0
3 4.548044172536009 5 76.0
4 4.021922214847936 10 73.0
5 4.113536214847985 8 61.0
6 5.690606121833369 2 60.0
7 3.1770041147664476 12 58.0
8 0.0 20 55.0
9 4.277794232903965 7 51.0
10 0.8632664218745805 18 51.0
11 4.573740820639974 4 49.0
12 2.398726695148407 13 49.0
13 4.085683677368745 9 49.0
14 1.5050831926969805 16 47.0
15 1.4151714162469495 17 46.0
16 4.415415318841112 6 43.0
17 2.1568591793601133 14 43.0
18 3.2002955065818153 11 29.0
19 4.713875508771309 3 22.0
20 0.6893408206405449 19 20.0
1 7.602124839506199 6 93.0
2 5.856131999999979 12 79.0
3 10.350335456790187 2 76.0
4 4.936082740740725 14 73.0
5 8.735121753086466 4 61.0
6 6.137487000000057 10 60.0
7 6.04925113580241 11 58.0
8 3.412641567901258 19 55.0
9 10.306588049382789 3 51.0
10 4.326652864197483 16 51.0
11 7.287722432098754 7 49.0
12 6.14571434567898 9 49.0
13 4.416200000000008 15 49.0
14 4.202122432098798 17 47.0
15 3.6019406419753053 18 46.0
16 8.470561753086185 5 43.0
17 0.0 20 43.0
18 6.173799999999975 8 29.0
19 10.892679160493813 1 22.0
20 5.107761753086468 13 20.0
1 6.2128983420273 3 93.0
2 2.9665187854992414 12 79.0
3 5.00182210144878 5 76.0
4 3.2370518376775266 11 73.0
5 3.577647063764666 10 61.0
6 5.340477898545021 4 60.0
7 4.8817187855153055 6 58.0
8 1.2477187855075726 17 55.0
9 7.1300987855059805 2 51.0
10 4.63620789855066 7 51.0
11 1.0848087855064508 18 49.0
12 2.274378785507574 14 49.0
13 1.9030987855059756 15 49.0
14 0.5893487855075725 19 47.0
15 0.0 20 46.0
16 4.030710231883396 8 43.0
17 2.8303944666664655 13 43.0
18 3.66069878550837 9 29.0
19 7.822738785506461 1 22.0
20 1.3855334000007065 16 20.0
1 8.434899999999967 1 93.0
2 5.593158855917941 11 79.0
3 6.692813033742521 7 76.0
4 3.9364573699341316 17 73.0
5 7.0239588559178605 6 61.0
6 7.2280020077392795 4 60.0
7 6.378668145852658 9 58.0
8 0.0 20 55.0
9 7.382852951972631 3 51.0
10 5.44413829228258 12 51.0
11 7.526041550942096 2 49.0
12 4.85103401428492 14 49.0
13 6.48594457682597 8 49.0
14 4.796302007739293 15 47.0
15 3.0586144992340003 19 46.0
16 7.160346179993225 5 43.0
17 3.397355903945231 18 43.0
18 5.145913033742511 13 29.0
19 5.827301731293417 10 22.0
20 4.038352517955541 16 20.0
1 5.853239024771779 1 93.0
2 2.125300914344213 14 79.0
3 4.915551931543872 3 76.0
4 3.8495989086448494 6 73.0
5 3.411837034956683 9 61.0
6 4.855857194579665 4 60.0
7 4.67489468242387 5 58.0
8 0.15362453956367483 19 55.0
9 5.641889251000588 2 51.0
10 1.7549578472681646 15 51.0
11 3.3673887838047576 10 49.0
12 1.1059992940808314 18 49.0
13 3.838746801458981 7 49.0
14 1.4468494971386925 16 47.0
15 0.0 20 46.0
16 3.7344009136101626 8 43.0
17 2.761091804277144 12 43.0
18 2.4516718006118072 13 29.0
19 2.814010424912802 11 22.0
20 1.2920012922186832 17 20.0
1 4.723993664476758 5 93.0
2 1.2995758339990775 18 79.0
3 4.572653244756451 6 76.0
4 1.311261572525879 17 73.0
5 3.4483627832594435 10 61.0
6 5.3379380035635045 3 60.0
7 4.143138003561714 7 58.0
8 0.0 20 55.0
9 6.002498970121522 2 51.0
10 1.4680880035930115 15 51.0
11 4.141919534907357 8 49.0
12 2.156162783264183 12 49.0
13 4.964015204699297 4 49.0
14 1.8084979402941257 13 47.0
15 1.289338003555081 19 46.0
16 3.9117869546025883 9 43.0
17 1.3613627832817836 16 43.0
18 2.245485825044259 11 29.0
19 6.762242971910249 1 22.0
20 1.7392403617636947 14 20.0
1 6.255029401352617 2 93.0
2 2.8731735173803408 14 79.0
3 5.027215392664449 7 76.0
4 3.192096183223332 13 73.0
5 4.23960295366415 10 61.0
6 5.262328199856064 5 60.0
7 5.185142901576983 6 58.0
8 0.0 20 55.0
9 6.248735448297147 3 51.0
10 6.860459847619653 1 51.0
11 4.014059841695615 12 49.0
12 2.624847878799145 15 49.0
13 4.288632804897978 9 49.0
14 1.771507643687534 19 47.0
15 1.9851971202032037 17 46.0
16 5.401495969427605 4 43.0
17 2.031629786143225 16 43.0
18 4.2119170898472635 11 29.0
19 4.701285214392356 8 22.0
20 1.9146623627590555 18 20.0
1 5.975026301095018 2 93.0
2 2.3849516946904035 16 79.0
3 4.491786678599838 9 76.0
4 2.7489484416797154 14 73.0
5 3.8503888177401464 10 61.0
6 4.792102882634837 8 60.0
7 3.316474517650615 12 58.0
8 0.0 20 55.0
9 5.021930054617428 5 51.0
10 4.9255189299973186 6 51.0
11 5.441671264180924 4 49.0
12 1.5216252880595262 19 49.0
13 4.859014208011935 7 49.0
14 1.5258576809380013 18 47.0
15 1.644132195624373 17 46.0
16 6.045294924944715 1 43.0
17 2.9658559951241332 13 43.0
18 3.4810126914657746 11 29.0
19 5.962831369069377 3 22.0
20 2.6116580536446135 15 20.0
1 5.461851902224463 3 93.0
2 1.4916940482867356 16 79.0
3 5.53002289664863 2 76.0
4 2.9578940482867435 10 73.0
5 4.112460390964685 6 61.0
6 4.079982120524005 7 60.0
7 4.290851902226864 5 58.0
8 0.0 20 55.0
9 5.623130994992481 1 51.0
10 3.1626287162579914 8 51.0
11 2.1372194568943645 13 49.0
12 1.8560403682291087 14 49.0
13 3.006177235806811 9 49.0
14 1.508971062105783 15 47.0
15 0.8035315000310193 17 46.0
16 2.2823718000152633 12 43.0
17 0.2642412568277481 19 43.0
18 2.923708743089086 11 29.0
19 5.064449582723382 4 22.0
20 0.39100874309012346 18 20.0
1 11.093470406657644 2 93.0
2 3.566300000000863 15 79.0
3 7.256430848556422 4 76.0
4 4.214087788130757 13 73.0
5 5.402998603818893 8 61.0
6 5.966330498653965 5 60.0
7 5.509651207066043 7 58.0
8 2.6585704066578097 17 55.0
9 11.411920406657671 1 51.0
10 3.9592227923620076 14 51.0
11 7.466570405492781 3 49.0
12 5.9464530228565335 6 49.0
13 4.715688193442753 12 49.0
14 2.4366968387939196 18 47.0
15 2.172059964758228 19 46.0
16 5.175399999999999 10 43.0
17 0.0 20 43.0
18 5.157862174257662 11 29.0
19 5.333817456007341 9 22.0
20 2.731737242878042 16 20.0
1 7.144483681073629 16 93.0
2 8.133899999999992 9 79.0
3 10.583376440343311 1 76.0
4 8.266079706564716 8 73.0
5 7.3982724761676195 13 61.0
6 9.71730222916679 3 60.0
7 8.638453090896235 6 58.0
8 0.0 20 55.0
9 8.343874197541151 7 51.0
10 8.75890738541786 5 51.0
11 7.564868481734044 12 49.0
12 7.61129199122815 11 49.0
13 9.373371518235189 4 49.0
14 6.075453090895162 18 47.0
15 7.204224295802118 14 46.0
16 6.78518188598479 17 43.0
17 4.56760000003771 19 43.0
18 10.367591991220499 2 29.0
19 8.08602848168225 10 22.0
20 7.152675500734572 15 20.0
1 11.034907681894584 1 93.0
2 4.217506971234225 9 79.0
3 6.14854598984885 5 76.0
4 2.6684677834179027 14 73.0
5 4.000817225042194 12 61.0
6 6.182047106599902 4 60.0
7 6.047007326564725 6 58.0
8 2.6000076818983198 15 55.0
9 8.75070590524668 2 51.0
10 0.0 20 51.0
11 5.135760998309782 7 49.0
12 4.029473536375227 11 49.0
13 7.481252893399812 3 49.0
14 0.3465172250423403 19 47.0
15 1.3808372081210778 17 46.0
16 4.183788460237009 10 43.0
17 3.010500000000089 13 43.0
18 2.2312078341796453 16 29.0
19 4.326779103214706 8 22.0
20 0.8209884602361566 18 20.0
1 7.326483636792779 5 93.0
2 4.088243431141742 12 79.0
3 8.830613454713337 2 76.0
4 4.292653754855543 11 73.0
5 3.556315034566273 14 61.0
6 6.1932067273585165 7 60.0
7 8.269013454706622 3 58.0
8 1.7213999999088774 18 55.0
9 7.375713454744952 4 51.0
10 10.118013454707619 1 51.0
11 4.323648116039827 10 49.0
12 2.8623564111225885 16 49.0
13 6.444929232831292 6 49.0
14 2.276029313457633 17 47.0
15 3.4806038188879658 15 46.0
16 4.531486164998634 9 43.0
17 1.5039038188849854 19 43.0
18 3.8504503384445616 13 29.0
19 6.0278882707792585 8 22.0
20 0.0 20 20.0
1 4.914575920215005 3 93.0
2 1.460046775658755 15 79.0
3 3.9441943396346586 6 76.0
4 2.7348821972272064 13 73.0
5 2.8264961972272076 12 61.0
6 4.2035913815001615 5 60.0
7 8.207499296184054 1 58.0
8 0.9731119845118483 17 55.0
9 3.68224237119703 7 51.0
10 4.610616395140909 4 51.0
11 3.1712739690236673 11 49.0
12 1.1642463671952412 16 49.0
13 3.363180903610578 10 49.0
14 0.7662219845118456 18 47.0
15 0.0 20 46.0
16 5.970099296184058 2 43.0
17 1.9752950982703612 14 43.0
18 3.5164691285601917 8 29.0
19 3.3785068427853187 9 22.0
20 0.3175423711970402 19 20.0
1 6.607699991262397 1 93.0
2 1.419942116231738 14 79.0
3 3.729715425892482 7 76.0
4 1.0067028259171322 17 73.0
5 4.900315752889442 3 61.0
6 4.324599944709684 5 60.0
7 2.417841757456498 10 58.0
8 0.0 20 55.0
9 5.6698842323645735 2 51.0
10 1.142237624692486 15 51.0
11 3.7539738943882393 6 49.0
12 0.9095368753666226 18 49.0
13 4.572263894429682 4 49.0
14 0.8417410168929014 19 47.0
15 2.0597128487927026 12 46.0
16 2.3797898349161732 11 43.0
17 1.4342664540829386 13 43.0
18 3.5713157533487547 8 29.0
19 2.9480008744195176 9 22.0
20 1.038615752888771 16 20.0
1 7.070863330552033 1 93.0
2 3.8302934512504314 14 79.0
3 6.1197073967709095 6 76.0
4 4.0527702877526455 13 73.0
5 5.190729829017186 9 61.0
6 5.7048823825276935 7 60.0
7 5.670912205487819 8 58.0
8 0.0 20 55.0
9 6.727598140698892 4 51.0
10 3.710287708732445 15 51.0
11 4.914560939655483 10 49.0
12 2.6937939991676108 17 49.0
13 6.3099405755052995 5 49.0
14 2.188534942095274 19 47.0
15 2.3488117302588085 18 46.0
16 6.959965658866761 2 43.0
17 4.359322042878574 12 43.0
18 4.712637448574826 11 29.0
19 6.9531566889862315 3 22.0
20 3.5971656588667575 16 20.0
1 8.487223334593228 1 93.0
2 4.057679984209104 12 79.0
3 8.3293733330018 2 76.0
4 1.4963900007899702 17 73.0
5 5.065005007706958 10 61.0
6 5.768804999781774 7 60.0
7 4.719100000940902 11 58.0
8 1.3578000014232963 18 55.0
9 3.189700001336818 13 51.0
10 5.931999999231287 6 51.0
11 3.085600006557259 16 49.0
12 6.30236666678446 4 49.0
13 5.327390002316315 8 49.0
14 0.0 20 47.0
15 3.088070006407298 15 46.0
16 7.259900000762219 3 43.0
17 0.49138000404083826 19 43.0
18 5.177700002299159 9 29.0
19 6.037329995361572 5 22.0
20 3.1671550059610922 14 20.0
1 7.766089717312184 1 93.0
2 2.229291378090117 15 79.0
3 4.503560999999997 10 76.0
4 4.776630070670387 7 73.0
5 3.963654982333597 12 61.0
6 4.667454982330595 9 60.0
7 4.74083908127268 8 58.0
8 1.9427641696099194 16 55.0
9 6.474527773850804 2 51.0
10 5.077209575970325 5 51.0
11 5.544918586565375 4 49.0
12 3.307430070669979 14 49.0
13 4.4161999999939 11 49.0
14 1.185550282685519 19 47.0
15 1.8103505653709657 17 46.0
16 1.8029626653697628 18 43.0
17 0.0 20 43.0
18 6.063730070670399 3 29.0
19 4.872789717319518 6 22.0
20 3.5310300706703113 13 20.0
1 6.705748673172163 1 93.0
2 2.4855864886003514 17 79.0
3 5.277317538650156 3 76.0
4 3.3746541755092636 12 73.0
5 4.204752883047429 8 61.0
6 4.832320439148299 4 60.0
7 4.393960480101283 6 58.0
8 0.0 20 55.0
9 3.979320041117943 10 51.0
10 5.439493064797132 2 51.0
11 4.298243355247195 7 49.0
12 2.2127476452923664 18 49.0
13 4.6908736534985 5 49.0
14 1.5385281824913002 19 47.0
15 2.503042227202601 16 46.0
16 3.1375359329263777 13 43.0
17 3.0953829912543105 14 43.0
18 3.9587208994785117 11 29.0
19 3.989718765378229 9 22.0
20 2.65971299125431 15 20.0
1 8.33503090916886 2 93.0
2 2.589742727270379 14 79.0
3 8.411705454568578 1 76.0
4 6.213605454425391 5 73.0
5 4.942740000028808 9 61.0
6 5.728914545338558 7 60.0
7 2.237399999989883 16 58.0
8 0.8709427272708625 19 55.0
9 7.2567400002167926 3 51.0
10 3.037472727272415 13 51.0
11 6.522769999952017 4 49.0
12 2.558372727285218 15 49.0
13 5.158872727264873 8 49.0
14 1.2884399998963754 18 47.0
15 3.885850000000782 10 46.0
16 0.0 20 43.0
17 3.359370000000782 12 43.0
18 3.613739999984781 11 29.0
19 5.868812727272038 6 22.0
20 2.0327300000276147 17 20.0
1 3.0520493295801594 10 93.0
2 2.209132381921913 13 79.0
3 2.775589329589952 11 76.0
4 3.3994593619978426 6 73.0
5 3.072119295791663 9 61.0
6 4.81488145181449 2 60.0
7 3.2233214518242486 8 58.0
8 0.6746670167648257 16 55.0
9 3.3704993295917265 7 51.0
10 0.3806306272883351 19 51.0
11 4.6922214518128555 3 49.0
12 0.9694134907447749 15 49.0
13 3.5925823910994232 5 49.0
14 0.0 20 47.0
15 1.9857904069105294 14 46.0
16 4.443267016753561 4 43.0
17 0.6228676180568999 17 43.0
18 2.3862593634425044 12 29.0
19 5.027961800121967 1 22.0
20 0.4724799615187756 18 20.0
1 8.434899999999061 2 93.0
2 6.958370000001503 4 79.0
3 5.454547826093714 8 76.0
4 1.536186826087282 18 73.0
5 5.47907000000216 7 61.0
6 8.926681739130608 1 60.0
7 5.301857391297017 11 58.0
8 0.0 20 55.0
9 4.8174669565387145 14 51.0
10 6.60023521738586 5 51.0
11 5.4519382608623115 9 49.0
12 1.038466956517631 19 49.0
13 5.367186826084572 10 49.0
14 6.24086347826127 6 47.0
15 4.878081739129164 13 46.0
16 5.214509999999289 12 43.0
17 3.392069999992498 16 43.0
18 4.605971739133581 15 29.0
19 7.779981739130177 3 22.0
20 2.9564000000022324 17 20.0
1 3.903124772247122 7 93.0
2 0.7264734655405598 18 79.0
3 4.9262785471317105 4 76.0
4 2.161222158833997 13 73.0
5 3.5922608512004643 9 61.0
6 4.115536930154017 5 60.0
7 3.2689444309387166 11 58.0
8 2.1249410906835653 14 55.0
9 5.926205508322117 2 51.0
10 5.654462073262784 3 51.0
11 4.070873055842123 6 49.0
12 1.957051090683954 16 49.0
13 8.587941090683639 1 49.0
14 0.09746664642061154 19 47.0
15 0.0 20 46.0
16 3.752220313114309 8 43.0
17 3.3112055083224963 10 43.0
18 3.055536781148957 12 29.0
19 1.563707490649572 17 22.0
20 2.0833673660318706 15 20.0
1 7.241325362624481 2 93.0
2 4.075814202065929 13 79.0
3 6.734431529216752 5 76.0
4 1.9298171322150335 16 73.0
5 5.465831123453899 10 61.0
6 7.970391198356559 1 60.0
7 6.923892456441957 4 58.0
8 1.8140678637850987 17 55.0
9 7.0831957355575925 3 51.0
10 4.224038528864755 12 51.0
11 5.63709910592849 9 49.0
12 2.179434264432005 15 49.0
13 6.226334525516039 7 49.0
14 4.360892456441267 11 47.0
15 0.0 20 46.0
16 6.120138528861866 8 43.0
17 6.381667863787194 6 43.0
18 3.613795735566562 14 29.0
19 1.7151971322146302 18 22.0
20 1.4464871322146906 19 20.0
1 10.499379432873923 1 93.0
2 6.325761721885511 17 79.0
3 9.749385766946546 6 76.0
4 7.388816695959767 11 73.0
5 8.904569463402622 8 61.0
6 10.338939325942391 3 60.0
7 9.290962814539698 7 58.0
8 0.0 20 55.0
9 10.344295766946603 2 51.0
10 7.269576502258255 12 51.0
11 9.778025706099763 5 49.0
12 6.25359999999999 18 49.0
13 9.78040202541027 4 49.0
14 6.612271895249036 16 47.0
15 6.830270536596953 13 46.0
16 8.464155092481962 10 43.0
17 4.567600000000002 19 43.0
18 6.78905112924148 14 29.0
19 8.654807288240175 9 22.0
20 6.6345600000000715 15 20.0
1 9.222983878115784 1 93.0
2 4.9583778891948045 15 79.0
3 7.936177889196477 3 76.0
4 6.289983878116483 9 73.0
5 5.946433925761892 10 61.0
6 6.338693734071296 8 60.0
7 7.837613872575719 4 58.0
8 0.7099937340716131 19 55.0
9 8.6780937340728 2 51.0
10 0.0 20 51.0
11 6.996084240443238 5 49.0
12 5.277788987256793 13 49.0
13 6.365383845983076 7 49.0
14 3.6478999999999964 17 47.0
15 3.7604838459829004 16 46.0
16 5.641043899168396 12 43.0
17 1.3920778891964822 18 43.0
18 5.870413944598751 11 29.0
19 6.947899999997018 6 22.0
20 5.053653819389592 14 20.0
1 6.177017569412559 1 93.0
2 2.2936324230174967 12 79.0
3 4.177762204717576 4 76.0
4 2.271061917763491 13 73.0
5 3.00361441376662 10 61.0
6 4.493433901303479 3 60.0
7 3.1776436499277567 8 58.0
8 0.0 20 55.0
9 2.5026219055746024 11 51.0
10 1.047442657357493 16 51.0
11 3.2628823078821907 7 49.0
12 1.2313627955414899 14 49.0
13 3.890792792987817 6 49.0
14 1.1257783054889337 15 47.0
15 0.5913479478842012 19 46.0
16 4.793980256443646 2 43.0
17 1.0347972569941133 17 43.0
18 3.1422080457694817 9 29.0
19 4.1729528922027015 5 22.0
20 0.7357705568515378 18 20.0
1 7.250388924444571 3 93.0
2 0.9696100000289523 19 79.0
3 4.686414057180896 9 76.0
4 2.294350163373932 14 73.0
5 2.7515847855618167 13 61.0
6 5.843990993873684 5 60.0
7 6.6506393124626 4 58.0
8 2.8525059791295666 12 55.0
9 11.580132645796198 2 51.0
10 1.7921665963319917 15 51.0
11 4.566600000006358 10 49.0
12 1.0855868550112548 18 49.0
13 4.935675690953689 8 49.0
14 5.611832645796175 6 47.0
15 0.0 20 46.0
16 4.413239312463601 11 43.0
17 1.457188924443646 16 43.0
18 4.93647264579626 7 29.0
19 12.272772645796191 1 22.0
20 1.1957011776810398 17 20.0
1 5.589262857142833 6 93.0
2 2.4440628571428764 15 79.0
3 6.336031260020656 2 76.0
4 2.521671828365823 14 73.0
5 1.2922000000000002 17 61.0
6 3.723065714285722 9 60.0
7 3.6711000000000094 10 58.0
8 0.017156190476200983 19 55.0
9 7.4760991377184265 1 51.0
10 3.1807228571428605 12 51.0
11 6.197173382322313 5 49.0
12 0.0 20 49.0
13 6.217216051387617 4 49.0
14 2.9761176053444123 13 47.0
15 1.4741628571429901 16 46.0
16 6.2202871428571544 3 43.0
17 4.5847561904762 7 43.0
18 3.9485895238095328 8 29.0
19 3.5967871428571425 11 22.0
20 1.2210385714285765 18 20.0
1 6.242180464876624 2 93.0
2 3.0969804648766557 13 79.0
3 5.043819465494297 4 76.0
4 0.2751327142905531 18 73.0
5 4.1308382645090065 9 61.0
6 4.978825493049216 6 60.0
7 3.6870103293262715 10 58.0
8 0.2623044806075838 19 55.0
9 8.64402641426744 1 51.0
10 3.536472900808113 12 51.0
11 5.343495519392435 3 49.0
12 1.986030069630052 15 49.0
13 4.273085398956294 8 49.0
14 0.5941227142905579 17 47.0
15 2.671573284876497 14 46.0
16 4.388310249741882 7 43.0
17 1.1650071640720867 16 43.0
18 3.676858728767563 11 29.0
19 5.034443733017532 5 22.0
20 0.0 20 20.0
1 8.475116543262265 1 93.0
2 3.488882328515389 15 79.0
3 5.565816914655562 5 76.0
4 4.502905727041591 10 73.0
5 4.314142285572249 11 61.0
6 6.4114989758316 2 60.0
7 4.9096276179245235 8 58.0
8 1.7228706474883704 18 55.0
9 5.381477224027325 6 51.0
10 6.297070647488415 3 51.0
11 5.348767304174468 7 49.0
12 3.4595140045010355 16 49.0
13 4.61471425911426 9 49.0
14 0.27194574157059304 19 47.0
15 0.0 20 46.0
16 3.8113673041747473 14 43.0
17 4.056096096446916 12 43.0
18 5.793295794017896 4 29.0
19 3.9610918568169 13 22.0
20 2.5769847423445826 17 20.0
1 5.943880371430309 1 93.0
2 2.00438552050563 18 79.0
3 5.380467356324772 5 76.0
4 3.7374131215868527 12 73.0
5 3.527362667806147 13 61.0
6 5.172887935537939 6 60.0
7 4.402909835194308 9 58.0
8 0.0 20 55.0
9 5.536278503115621 3 51.0
10 3.145384537336353 15 51.0
11 5.690757975147818 2 49.0
12 3.1388652452597468 16 49.0
13 5.481845524874346 4 49.0
14 2.369516724790497 17 47.0
15 0.6880527086970631 19 46.0
16 5.084550910982802 7 43.0
17 3.859412519062932 11 43.0
18 4.8280692414084845 8 29.0
19 3.879854589895212 10 22.0
20 3.226266981824354 14 20.0
1 6.164961357078222 2 93.0
2 2.7128701427614788 10 79.0
3 4.444847357162061 4 76.0
4 2.2467473570677114 12 73.0
5 5.233880714188443 3 61.0
6 3.313961357077261 9 60.0
7 2.075486571316773 14 58.0
8 0.9940701428045327 16 55.0
9 6.66368071443242 1 51.0
10 0.0 20 51.0
11 3.5443865716757723 8 49.0
12 2.565761356969222 11 49.0
13 4.36267657131677 5 49.0
14 0.8822613571102966 18 47.0
15 0.4088953571098455 19 46.0
16 4.336661357082338 6 43.0
17 2.0237773570846005 15 43.0
18 2.178499999583818 13 29.0
19 4.011058357030626 7 22.0
20 0.9738613570834385 17 20.0
1 8.66730193548388 1 93.0
2 1.9441445161290614 16 79.0
3 5.542848494623661 5 76.0
4 1.9717867741935706 15 73.0
5 3.5990554838710054 12 61.0
6 7.60606000000002 2 60.0
7 2.744791827957006 13 58.0
8 0.0 20 55.0
9 6.315351505376361 3 51.0
10 4.574200000000022 7 51.0
11 3.8409968817204403 11 49.0
12 2.128701935483914 14 49.0
13 3.9787694623656 9 49.0
14 5.174360000000017 6 47.0
15 1.2197068817204362 17 46.0
16 6.078148494623667 4 43.0
17 0.4959118279570012 19 43.0
18 3.995948494623673 8 29.0
19 3.9382769892473255 10 22.0
20 0.6219289247311797 18 20.0
1 6.541077422829412 1 93.0
2 3.225378391464998 13 79.0
3 5.399676309077072 4 76.0
4 1.789874402513714 17 73.0
5 4.605463080880572 7 61.0
6 4.939224205492893 5 60.0
7 3.6587981759711763 9 58.0
8 0.2829928162762516 18 55.0
9 6.014924694978667 2 51.0
10 2.8031731464967606 14 51.0
11 3.502805963149548 10 49.0
12 3.2752574095289244 12 49.0
13 4.937223902944341 6 49.0
14 2.5075242054928752 15 47.0
15 0.10966685930277231 19 46.0
16 5.612058477357826 3 43.0
17 3.2807752846631075 11 43.0
18 2.5015195679895594 16 29.0
19 4.266701220574167 8 22.0
20 0.0 20 20.0
1 5.226997834483518 3 93.0
2 3.5852746523438324 9 79.0
3 4.9452928852186995 6 76.0
4 2.610793483722818 13 73.0
5 3.2064445698459245 11 61.0
6 5.722203253178691 2 60.0
7 5.02026883537062 5 58.0
8 0.0 20 55.0
9 2.9972326254160513 12 51.0
10 5.894411767455264 1 51.0
11 4.337577834883501 8 49.0
12 2.3251248424250694 15 49.0
13 4.449986206675632 7 49.0
14 1.1026132179154038 17 47.0
15 0.7050966039858086 18 46.0
16 3.275734417439272 10 43.0
17 2.0335041323538015 16 43.0
18 0.4329866062592722 19 29.0
19 5.067618394805576 4 22.0
20 2.418854717860297 14 20.0
1 8.803699999999921 1 93.0
2 3.932363333333376 15 79.0
3 6.910163333333376 3 76.0
4 6.14930333333351 6 73.0
5 5.09609000000007 8 61.0
6 0.7042700000000597 19 60.0
7 5.007300000000048 9 58.0
8 4.377053333333407 11 55.0
9 4.114000000000038 14 51.0
10 0.0 20 51.0
11 6.65239333333335 4 49.0
12 5.5113800000000435 7 49.0
13 7.654163333333373 2 49.0
14 4.170163333333368 13 47.0
15 4.548203333333283 10 46.0
16 1.8961000000000654 18 43.0
17 3.0105000000001008 17 43.0
18 4.2760933333333995 12 29.0
19 6.213286666666654 5 22.0
20 3.046596666666759 16 20.0
1 6.18827622110379 1 93.0
2 1.9344270961066603 16 79.0
3 5.524250589089336 2 76.0
4 3.9649007384784363 10 73.0
5 2.5525012512022354 12 61.0
6 5.345360942806085 4 60.0
7 4.117852410220627 9 58.0
8 1.6334056026971318 18 55.0
9 4.851354192213332 6 51.0
10 2.8794505890892332 11 51.0
11 4.391726545209626 8 49.0
12 2.5480664117570764 13 49.0
13 5.484358898205937 3 49.0
14 0.970747954150466 19 47.0
15 1.8045556026971497 17 46.0
16 2.066822903893341 15 43.0
17 0.0 20 43.0
18 5.122623287821653 5 29.0
19 4.443761951507499 7 22.0
20 2.3308726328370684 14 20.0
1 6.5385999999979445 4 93.0
2 4.981313646335866 9 79.0
3 6.509466464619445 5 76.0
4 1.9561403849082084 17 73.0
5 10.02473232047888 1 61.0
6 4.9023992785026 11 60.0
7 5.335734252485254 8 58.0
8 1.1747365173155289 19 55.0
9 5.340762039659141 7 51.0
10 4.104502419094564 13 51.0
11 3.8088884511336736 15 49.0
12 0.0 20 49.0
13 3.904334252476551 14 49.0
14 1.6214884511336631 18 47.0
15 6.920832320476983 3 46.0
16 5.690877585417268 6 43.0
17 4.944132320489147 10 43.0
18 4.7850377308420775 12 29.0
19 7.674660828057219 2 22.0
20 2.3301480166798347 16 20.0
1 5.738222150494503 1 93.0
2 1.7991161643713474 15 79.0
3 4.479172411048856 4 76.0
4 2.9604003485007335 10 73.0
5 2.9228346976546598 11 61.0
6 5.3934191748383 3 60.0
7 3.736606662488901 8 58.0
8 0.37293120552439785 19 55.0
9 5.430087936788814 2 51.0
10 1.801872150494506 14 51.0
11 3.8337971186101347 7 49.0
12 2.215252418352825 12 49.0
13 3.9652994632550476 5 49.0
14 0.0 20 47.0
15 1.6231221504944708 17 46.0
16 3.8362522810617365 6 43.0
17 1.361378030679999 18 43.0
18 1.990785454870577 13 29.0
19 3.1339587944755833 9 22.0
20 1.7216997811812729 16 20.0
1 7.0445269808002084 1 93.0
2 2.7968591920163166 13 79.0
3 3.787025385465729 9 76.0
4 3.6439947226434297 10 73.0
5 4.984069965132463 3 61.0
6 5.334760313645935 2 60.0
7 4.345556503160481 7 58.0
8 0.34583662993909003 19 55.0
9 2.2769158717109974 15 51.0
10 3.5057909847733617 11 51.0
11 2.9817992122553196 12 49.0
12 4.179918355883282 8 49.0
13 4.3524639677683625 5 49.0
14 1.7595404557207939 18 47.0
15 2.018018399027958 16 46.0
16 4.622715364387979 4 43.0
17 0.0 20 43.0
18 2.4091031405550103 14 29.0
19 4.3474209812882645 6 22.0
20 1.8881556508671744 17 20.0
1 6.085865532189674 1 93.0
2 2.166401261162769 15 79.0
3 5.03462738988611 5 76.0
4 4.076446728599387 8 73.0
5 5.9555255324716505 2 61.0
6 5.322382959090912 4 60.0
7 4.3634535255122815 7 58.0
8 1.3437911220658014 18 55.0
9 5.543453271295165 3 51.0
10 2.4384712235579094 14 51.0
11 3.5705170554519694 12 49.0
12 2.8925606712570775 13 49.0
13 3.9924423414609835 9 49.0
14 1.1413599727213568 19 47.0
15 0.0 20 46.0
16 3.8390188606358757 11 43.0
17 1.7159294356365185 17 43.0
18 3.8422766855673736 10 29.0
19 4.920774377898752 6 22.0
20 1.893726681590919 16 20.0
1 10.067205880896491 1 93.0
2 2.8726365123200712 13 79.0
3 5.163996342399695 5 76.0
4 4.36468962205656 8 73.0
5 4.281529323584948 10 61.0
6 4.299461796378621 9 60.0
7 5.656717141464998 3 58.0
8 0.8186946203278347 19 55.0
9 5.478382524477898 4 51.0
10 1.3660144461499084 18 51.0
11 4.176801796378605 12 49.0
12 2.1881310181070273 15 49.0
13 4.911736512320012 6 49.0
14 2.0114607435832017 16 47.0
15 0.0 20 46.0
16 4.391057996176881 7 43.0
17 4.2740058808965165 11 43.0
18 2.843299361256303 14 29.0
19 7.1739058808964975 2 22.0
20 1.611238148716581 17 20.0
1 5.850556589560868 2 93.0
2 2.714109965374411 14 79.0
3 5.5913146087001415 3 76.0
4 3.191227271165094 10 73.0
5 3.7429476890386173 9 61.0
6 4.946516793507054 4 60.0
7 2.8864916027062444 12 58.0
8 0.08114768903866931 19 55.0
9 4.309347689038666 6 51.0
10 3.042317404059439 11 51.0
11 3.8711158013531266 8 49.0
12 0.563687689038666 18 49.0
13 4.903615287423218 5 49.0
14 2.8481235157564497 13 47.0
15 2.519944345483974 15 46.0
16 6.948157643711564 1 43.0
17 0.0 20 43.0
18 2.2102989306202376 16 29.0
19 3.908000000000037 7 22.0
20 0.9446476890386837 17 20.0
1 7.142699999637495 2 93.0
2 0.2869999995486907 19 79.0
3 6.129738799847274 7 76.0
4 7.082637657487823 3 73.0
5 5.257947748405779 11 61.0
6 6.110100002410445 8 60.0
7 0.32845000002036073 18 58.0
8 1.4335477437423245 17 55.0
9 7.48390234160728 1 51.0
10 0.0 20 51.0
11 6.953037651325889 4 49.0
12 5.613437658910515 9 49.0
13 6.5631852521294824 6 49.0
14 5.3271329140452846 10 47.0
15 3.9582852751158986 13 46.0
16 1.8961000001083934 16 43.0
17 3.647560237151275 14 43.0
18 4.651772905811296 12 29.0
19 6.867947715329363 5 22.0
20 3.153604686273363 15 20.0
1 8.665248287931853 1 93.0
2 4.252503895856252 11 79.0
3 6.337629896056013 3 76.0
4 4.859030273128606 10 73.0
5 3.7139634058694466 14 61.0
6 5.157130371196289 9 60.0
7 5.772197114981698 5 58.0
8 0.0 20 55.0
9 6.920448792644775 2 51.0
10 3.685838064086746 15 51.0
11 5.737137557995358 6 49.0
12 2.33305 18 49.0
13 5.807238064086748 4 49.0
14 2.5580107436574706 17 47.0
15 0.1711499999999999 19 46.0
16 5.29039944365357 7 43.0
17 3.002682772072194 16 43.0
18 4.140750019803239 12 29.0
19 5.1676356723371475 8 22.0
20 3.7910609035265663 13 20.0
1 8.12268714202706 1 93.0
2 1.6645212795352418 18 79.0
3 7.16248032081285 6 76.0
4 3.0187015118887928 15 73.0
5 6.694313731419307 8 61.0
6 7.487621279535244 4 60.0
7 7.333564515877788 5 58.0
8 1.8044723217395378 17 55.0
9 7.851895009894541 2 51.0
10 0.0 20 51.0
11 7.642990140725889 3 49.0
12 5.633445800173259 13 49.0
13 5.747814928521841 12 49.0
14 2.9083580138833383 16 47.0
15 1.4176015118886909 19 46.0
16 5.928617897706548 11 43.0
17 6.147906428986089 10 43.0
18 6.178110536234035 9 29.0
19 6.947899999999644 7 22.0
20 4.036619001915169 14 20.0
1 4.109482675518903 3 93.0
2 2.015936148333408 13 79.0
3 3.724568762617732 6 76.0
4 0.0 20 73.0
5 3.128773492409464 9 61.0
6 4.1809060381490175 2 60.0
7 3.966716001158523 4 58.0
8 0.6925813459615309 17 55.0
9 4.9545867207251835 1 51.0
10 3.5134968696979896 7 51.0
11 2.685034268694231 10 49.0
12 3.9176437907946067 5 49.0
13 2.4245770176378523 11 49.0
14 0.4546269465098405 18 47.0
15 1.8901736735600272 14 46.0
16 3.4285203022507194 8 43.0
17 1.6784915804306895 15 43.0
18 2.3605775295600275 12 29.0
19 1.2161826755189038 16 22.0
20 0.3424937578624814 19 20.0
1 9.27103756952848 1 93.0
2 5.997092230955296 4 79.0
3 5.0299624304719 10 76.0
4 5.632390902861829 6 73.0
5 5.630542781137118 7 61.0
6 5.277305175332682 9 60.0
7 4.123448784764273 14 58.0
8 0.0 20 55.0
9 7.060342781136626 2 51.0
10 2.4813284461911636 18 51.0
11 5.592348784764351 8 49.0
12 4.299085598548787 12 49.0
13 4.208105175332682 13 49.0
14 2.8200615840388275 17 47.0
15 0.6881965538089063 19 46.0
16 5.991810338573238 5 43.0
17 3.477837569528545 15 43.0
18 4.663540902861807 11 29.0
19 6.454504236195147 3 22.0
20 2.9372051753322275 16 20.0
1 4.389275705525117 2 93.0
2 1.0480419517125457 16 79.0
3 4.36145532681928 3 76.0
4 0.283700545568194 19 73.0
5 2.95539485389652 6 61.0
6 3.0911629361906954 5 60.0
7 1.94403144186142 12 58.0
8 2.1767096166073445 10 55.0
9 5.035025326813189 1 51.0
10 2.4042124304663983 8 51.0
11 2.476635543568703 7 49.0
12 1.792573492715059 13 49.0
13 2.203029440578333 9 49.0
14 1.9698196166073478 11 47.0
15 0.5302588811566746 18 46.0
16 3.3244826099770446 4 43.0
17 1.2343971039879764 15 43.0
18 0.608271092536353 17 29.0
19 1.49597570552513 14 22.0
20 0.0 20 20.0
1 1.4176179668427824 15 93.0
2 3.0995387538712693 10 79.0
3 6.196451503006032 3 76.0
4 2.6685579668426413 11 73.0
5 5.463520768810321 4 61.0
6 7.200590034614739 1 60.0
7 0.24661796684278636 19 58.0
8 0.0 20 55.0
9 6.833534815084781 2 51.0
10 4.57420000000006 8 51.0
11 4.18523203315722 9 49.0
12 0.7506979668427776 18 49.0
13 5.29322076881035 6 49.0
14 1.8092207688103643 14 47.0
15 1.923720249590139 13 46.0
16 4.657093159045347 7 43.0
17 1.048219584623888 17 43.0
18 2.5078725323373856 12 29.0
19 5.365110581162353 5 22.0
20 1.131657966842821 16 20.0
1 7.690659062320599 1 93.0
2 3.5380440600198297 15 79.0
3 5.885663475737026 7 76.0
4 3.5803542707306484 12 73.0
5 4.818118800563587 11 61.0
6 6.517914297762227 4 60.0
7 3.232328176496358 16 58.0
8 0.0 20 55.0
9 7.250086387929937 3 51.0
10 3.5639172976914004 13 51.0
11 6.269638212383738 6 49.0
12 3.5597372712731525 14 49.0
13 7.303503856883678 2 49.0
14 2.6893982323542396 19 47.0
15 2.8576238990055045 18 46.0
16 6.278954183379532 5 43.0
17 5.844004369076999 8 43.0
18 5.760332994083518 10 29.0
19 5.826068654664843 9 22.0
20 2.8986863943489767 17 20.0
1 9.33463052190141 1 93.0
2 2.3930599999959865 16 79.0
3 5.566811314073618 6 76.0
4 2.2864500000022168 17 73.0
5 6.544588285181586 2 61.0
6 6.246318201305044 4 60.0
7 5.168440000000087 8 58.0
8 3.7222583690587854 10 55.0
9 6.312831845294555 3 51.0
10 0.9567049999994515 18 51.0
11 2.993790000000829 13 49.0
12 3.7017341938490667 11 49.0
13 4.8652368406346325 9 49.0
14 2.605439999999245 15 47.0
15 0.0 20 46.0
16 5.298640000000087 7 43.0
17 3.0688036905864187 12 43.0
18 0.522744999999452 19 29.0
19 6.008253681267173 5 22.0
20 2.8555626281449347 14 20.0
1 5.9726100048034665 6 93.0
2 2.827409976051662 13 79.0
3 6.2964913410887045 4 76.0
4 3.866614671974541 10 73.0
5 4.258210005022504 9 61.0
6 8.586224008131367 1 60.0
7 3.8319799992376384 11 58.0
8 0.16788999923280512 19 55.0
9 6.291059998376535 5 51.0
10 1.5517099973478246 15 51.0
11 5.808991333155333 7 49.0
12 0.0 20 49.0
13 7.27061932939037 2 49.0
14 1.2689800000234217 16 47.0
15 0.7977999994001879 18 46.0
16 3.6102899992548863 12 43.0
17 2.7895913326070185 14 43.0
18 4.749591330709377 8 29.0
19 6.948242662177601 3 22.0
20 1.130379999194985 17 20.0
1 6.795308264019674 7 93.0
2 2.540342316522438 17 79.0
3 5.509582251599724 12 76.0
4 7.690159534249217 6 73.0
5 3.4305508044788557 16 61.0
6 6.188486234474986 10 60.0
7 5.716879534249194 11 58.0
8 0.0 20 55.0
9 6.352930152427914 8 51.0
10 8.655559534249214 5 51.0
11 4.487990627587295 13 49.0
12 6.220959534249229 9 49.0
13 8.821459534249215 4 49.0
14 1.5429976129094234 18 47.0
15 0.9480452578095999 19 46.0
16 4.376804598231157 14 43.0
17 4.082461583552888 15 43.0
18 11.478769534249215 1 29.0
19 11.392769534249211 2 22.0
20 8.946069534249217 3 20.0
1 6.1357056965079355 4 93.0
2 6.7056551394192265 3 79.0
3 3.8848852156526243 11 76.0
4 8.171855139404531 2 73.0
5 6.005365696114955 5 61.0
6 4.937210279309911 6 60.0
7 8.384265696160089 1 58.0
8 0.0 20 55.0
9 4.389936536070405 7 51.0
10 2.9006427121600376 13 51.0
11 2.688945696440175 14 49.0
12 0.7943026420275623 19 49.0
13 4.06227874844084 9 49.0
14 1.5418945144808518 16 47.0
15 0.888610278879046 17 46.0
16 4.234652217674536 8 43.0
17 3.139355139314641 12 43.0
18 2.6185044353846783 15 29.0
19 4.025647311857355 10 22.0
20 0.8323758735430875 18 20.0
1 7.3096375082919645 1 93.0
2 1.667430656044544 17 79.0
3 5.141748558454122 6 76.0
4 2.8384417670281072 14 73.0
5 3.136687691446589 13 61.0
6 4.704206014237528 9 60.0
7 5.606974908422845 4 58.0
8 2.219719014237529 16 55.0
9 5.976444607249315 2 51.0
10 0.0 20 51.0
11 5.804780412068306 3 49.0
12 1.3692417670283294 18 49.0
13 5.421226643142951 5 49.0
14 3.676552828690236 12 47.0
15 4.4764532910162815 10 46.0
16 4.469065391016051 11 43.0
17 2.580312308554444 15 43.0
18 4.740519014237677 8 29.0
19 4.896306173048391 7 22.0
20 1.1062653910162825 19 20.0
1 3.2568280965108847 13 93.0
2 4.534148096510151 7 79.0
3 4.3870422520078876 8 76.0
4 2.6897244504008384 16 73.0
5 4.070448096510847 9 61.0
6 3.849521849862067 10 60.0
7 6.449348096511061 3 58.0
8 0.0 20 55.0
9 9.082948096511023 1 51.0
10 0.521966648789904 19 51.0
11 3.5883122251958826 12 49.0
12 3.7055801340445473 11 49.0
13 6.168122171578028 4 49.0
14 1.1221266487885697 18 47.0
15 4.9054588739912 5 46.0
16 7.31452750670031 2 43.0
17 2.9287588739883343 14 43.0
18 2.7414480965108963 15 29.0
19 4.547512252000979 6 22.0
20 1.8051170509357224 17 20.0
1 8.845184285713412 1 93.0
2 4.29879000000005 11 79.0
3 5.059619999999099 8 76.0
4 1.6010999999975297 18 73.0
5 4.9500328571414425 9 61.0
6 4.878149999999997 10 60.0
7 5.967721428569571 5 58.0
8 2.2532057142844737 16 55.0
9 6.4814057142874075 4 51.0
10 3.7808542857143737 14 51.0
11 7.955764285714736 2 49.0
12 5.064817142857407 7 49.0
13 6.749248571429241 3 49.0
14 1.9200899999980439 17 47.0
15 0.0 20 46.0
16 4.225649999999997 12 43.0
17 0.7324899999992383 19 43.0
18 3.5127199999995087 15 29.0
19 5.220090000000104 6 22.0
20 4.071364285711268 13 20.0
1 7.901598232011567 1 93.0
2 6.169965213135825 6 79.0
3 6.60662071977302 3 76.0
4 2.6319999999999983 18 73.0
5 5.873737428374767 7 61.0
6 5.848249357092121 8 60.0
7 4.907893207544964 10 58.0
8 0.0 20 55.0
9 0.961490887486764 19 51.0
10 3.7037908875055723 15 51.0
11 5.1216639762378255 9 49.0
12 4.529289545771532 12 49.0
13 6.462999999985935 4 49.0
14 2.8457895457701117 16 47.0
15 2.7698374283690037 17 46.0
16 6.4282902166265075 5 43.0
17 3.8078939762202615 14 43.0
18 4.062263976242443 13 29.0
19 7.248380880502621 2 22.0
20 4.855965213135357 11 20.0
1 6.670099311420347 3 93.0
2 2.7624547323543722 17 79.0
3 4.972304313603135 9 76.0
4 3.7370992976204667 14 73.0
5 4.277338912289796 12 61.0
6 5.599906827114337 4 60.0
7 5.066049693781195 8 58.0
8 0.0 20 55.0
9 10.43249930959492 2 51.0
10 13.174799308772034 1 51.0
11 4.0766491095520765 13 49.0
12 5.249189309440954 7 49.0
13 5.2931101589618095 6 49.0
14 2.1469943097267334 18 47.0
15 2.1359993122121486 19 46.0
16 5.3830834855448915 5 43.0
17 3.563189311228033 16 43.0
18 3.6906898410539446 15 29.0
19 4.5978091115194335 10 22.0
20 4.44179492606361 11 20.0
1 9.294516194686093 2 93.0
2 4.97741929202824 11 79.0
3 7.091543097340476 6 76.0
4 7.368146194687503 5 73.0
5 4.94376964602006 12 61.0
6 5.951218230090897 9 60.0
7 9.499636194687236 1 58.0
8 3.2586192920364363 15 55.0
9 8.606336194705149 3 51.0
10 2.895069734514726 16 51.0
11 6.242365398229221 8 49.0
12 0.0 20 49.0
13 8.149969646016928 4 49.0
14 3.4316600000036788 14 47.0
15 4.007809292036438 13 46.0
16 5.204976902648607 10 43.0
17 2.331002389380295 19 43.0
18 2.7562999999987534 18 29.0
19 6.401216194690793 7 22.0
20 2.7717725663712134 17 20.0
1 10.567624713639699 1 93.0
2 7.921932290731853 7 79.0
3 8.205932290747981 5 76.0
4 7.413582158576229 9 73.0
5 8.523522290748268 3 61.0
6 8.229295418499916 4 60.0
7 7.929158854628673 6 58.0
8 3.1003929956000027 19 55.0
9 10.463038105733053 2 51.0
10 0.0 20 51.0
11 7.580338105727511 8 49.0
12 7.231322290754977 10 49.0
13 5.98689784141728 17 49.0
14 4.494738105725926 18 47.0
15 6.952322290801299 12 46.0
16 6.708032290749539 14 43.0
17 6.301834185018727 16 43.0
18 6.993638105702661 11 29.0
19 6.9479000000026145 13 22.0
20 6.607932290752482 15 20.0
1 6.11743915863157 3 93.0
2 6.351716309982019 2 79.0
3 5.959589158631655 5 76.0
4 0.28637488466977734 18 73.0
5 2.4637894914618483 11 61.0
6 3.492958163339419 8 60.0
7 2.8305626540790088 10 58.0
8 0.7170199954911247 17 55.0
9 5.976245435157935 4 51.0
10 6.799446309982297 1 51.0
11 3.9530463099802153 7 49.0
12 2.157497009436465 13 49.0
13 4.040970243166707 6 49.0
14 0.9052183787386414 16 47.0
15 0.0 20 46.0
16 1.4419573068505058 14 43.0
17 0.06340488467038607 19 43.0
18 2.351281625358365 12 29.0
19 3.440435855045836 9 22.0
20 1.2825246746728136 15 20.0
1 4.0456138592355115 7 93.0
2 3.1057212283244207 12 79.0
3 5.957469693144901 1 76.0
4 4.162951875623174 6 73.0
5 4.506443925555191 4 61.0
6 4.739106367406027 3 60.0
7 3.261525223911015 11 58.0
8 1.70209546073466 16 55.0
9 5.155923029641533 2 51.0
10 4.034836367406273 8 51.0
11 3.702699094819636 9 49.0
12 0.8482562725473706 17 49.0
13 3.049550211891703 13 49.0
14 0.5159781275479918 18 47.0
15 1.7693275769397745 15 46.0
16 4.190274506580575 5 43.0
17 0.0 20 43.0
18 2.13825135300154 14 29.0
19 3.5393625229219277 10 22.0
20 0.26201184865856764 19 20.0
1 6.378196427230145 6 93.0
2 5.737616413712673 11 79.0
3 6.155557723031238 8 76.0
4 1.9297708984686817 19 73.0
5 7.450202486186256 3 61.0
6 6.562974714630611 5 60.0
7 8.207633140842388 1 58.0
8 4.308870898468683 16 55.0
9 7.545962708891919 2 51.0
10 6.306523266131259 7 51.0
11 5.36277089844036 13 49.0
12 4.7267317062718455 14 49.0
13 6.951202486184657 4 49.0
14 0.0 20 47.0
15 4.346302486166992 15 46.0
16 5.738603572770931 10 43.0
17 5.3632024861814465 12 43.0
18 6.121202486181446 9 29.0
19 3.2999999999996437 18 22.0
20 4.302439561313195 17 20.0
1 10.052387049010541 1 93.0
2 5.568528840444123 12 79.0
3 7.882083035649647 5 76.0
4 6.30354876203188 11 73.0
5 6.829706446761073 9 61.0
6 8.957244350511134 3 60.0
7 3.361299999999999 19 58.0
8 0.0 20 55.0
9 8.026076779856705 4 51.0
10 4.574200000000001 17 51.0
11 7.691503356576311 6 49.0
12 4.981550136319754 14 49.0
13 7.520727524063767 7 49.0
14 4.574137279114009 18 47.0
15 4.809138143047823 15 46.0
16 9.053140505355938 2 43.0
17 5.1586095369458365 13 43.0
18 6.559172860578142 10 29.0
19 7.159798143047823 8 22.0
20 4.761553486648113 16 20.0
1 5.06930928684568 3 93.0
2 4.181532634055458 7 79.0
3 4.488315903351349 6 76.0
4 2.5923275242585 14 73.0
5 3.049233314910361 11 61.0
6 3.902886974615661 9 60.0
7 4.945845910855763 4 58.0
8 0.0 20 55.0
9 5.5320651323161085 1 51.0
10 3.010592893568675 12 51.0
11 3.9411713733204428 8 49.0
12 1.8484535638398418 16 49.0
13 4.692266866498914 5 49.0
14 1.428179318199085 17 47.0
15 0.42762071896495923 19 46.0
16 3.1807429214503955 10 43.0
17 2.412850465397021 15 43.0
18 2.7795360139038365 13 29.0
19 5.425232634055456 2 22.0
20 1.2891106662716738 18 20.0
1 6.976031586252223 4 93.0
2 3.56630000005196 10 79.0
3 4.522733965402825 8 76.0
4 1.8350238140108495 14 73.0
5 6.8456915862517995 5 61.0
6 3.715702861430146 9 60.0
7 2.4950000002720465 12 58.0
8 1.7314231722591318 16 55.0
9 7.2944815862501144 3 51.0
10 1.2329038870907443 18 51.0
11 5.51066150813766 6 49.0
12 3.257280793105304 11 49.0
13 4.728811508137214 7 49.0
14 1.7827339665529474 15 47.0
15 1.1866992060726242 19 46.0
16 10.86882237934723 1 43.0
17 0.0 20 43.0
18 2.4296949137791026 13 29.0
19 8.245322379405177 2 22.0
20 1.4125738870908475 17 20.0
1 7.148506770443882 4 93.0
2 2.8494051094419928 19 79.0
3 7.329828745860658 3 76.0
4 5.542548092395014 9 73.0
5 6.288774192303357 8 61.0
6 7.59463363899974 2 60.0
7 6.4607680129672955 7 58.0
8 0.0 20 55.0
9 6.482836560404649 6 51.0
10 3.5942122231327778 17 51.0
11 8.1787145125184 1 49.0
12 5.132383260294886 11 49.0
13 5.029368012940918 12 49.0
14 4.649044867676775 14 47.0
15 3.2578666922367723 18 46.0
16 5.488610124776047 10 43.0
17 4.218035009256653 15 43.0
18 4.783101636138396 13 29.0
19 7.066253906670996 5 22.0
20 4.070213947880778 16 20.0
1 2.7486945106939635 10 93.0
2 0.30804688641841294 17 79.0
3 4.680706077537672 5 76.0
4 2.4826060775642684 12 73.0
5 2.6183545101406476 11 61.0
6 3.368886785777707 7 60.0
7 3.010624523878671 8 58.0
8 1.7213999994513447 13 55.0
9 8.063733332884677 2 51.0
10 0.09460573429236296 19 51.0
11 5.915606077537305 3 49.0
12 0.6963503800236697 15 49.0
13 9.024666666234205 1 49.0
14 0.28961955313540955 18 47.0
15 0.6610695531605089 16 46.0
16 2.79394624918504 9 43.0
17 5.448733332905949 4 43.0
18 1.6961622616052765 14 29.0
19 4.655245905813475 6 22.0
20 0.0 20 20.0
1 7.980013800051052 2 93.0
2 5.202375400041599 9 79.0
3 5.664909999756449 7 76.0
4 0.5517900000012532 19 73.0
5 3.898710000045674 12 61.0
6 7.098899999982194 3 60.0
7 5.103310000045674 10 58.0
8 0.7384791999997242 18 55.0
9 9.029375400041598 1 51.0
10 0.0 20 51.0
11 6.029899999981956 5 49.0
12 4.6903000000821775 11 49.0
13 5.577549000045674 8 49.0
14 2.924910000148203 15 47.0
15 2.1029945999566553 16 46.0
16 6.8114753997804 4 43.0
17 3.010500000005562 14 43.0
18 1.8308846000091794 17 29.0
19 5.952200000004488 6 22.0
20 3.448675400041599 13 20.0
1 5.610988140224985 5 93.0
2 2.0018587988090037 18 79.0
3 8.2153189013805 2 76.0
4 3.5307124364751497 11 73.0
5 0.0 20 61.0
6 4.733191100625517 10 60.0
7 2.3789000001784233 16 58.0
8 3.1010796339664344 13 55.0
9 4.845855288393088 9 51.0
10 8.2270054268429 1 51.0
11 5.380605426810965 6 49.0
12 2.8829799990629086 14 49.0
13 4.894954267743907 8 49.0
14 2.2904571238639893 17 47.0
15 1.7656307452658622 19 46.0
16 6.767628535130573 4 43.0
17 7.718889267565022 3 43.0
18 4.980242713583083 7 29.0
19 3.182905161362509 12 22.0
20 2.5664789344525376 15 20.0
1 5.8477040367909385 1 93.0
2 3.472157202695012 7 79.0
3 3.3910400000000003 8 76.0
4 1.7166970551079461 12 73.0
5 1.3639178534878396 14 61.0
6 3.2261000000000832 9 60.0
7 4.739096074475928 4 58.0
8 0.3965766883141302 18 55.0
9 5.095138344157002 3 51.0
10 1.4741937532559377 13 51.0
11 2.176397288919332 11 49.0
12 0.07171785348792215 19 49.0
13 3.7597667243511443 6 49.0
14 1.0757642963820022 15 47.0
15 0.7055204041821199 17 46.0
16 2.4995499999999997 10 43.0
17 0.0 20 43.0
18 3.8990521375549134 5 29.0
19 5.3641183309141045 2 22.0
20 0.7197225182880036 16 20.0
1 4.272417900331726 2 93.0
2 2.005898189049846 16 79.0
3 3.373079060135773 11 76.0
4 4.1850538934238015 5 73.0
5 3.488342745691952 9 61.0
6 5.389334042467935 1 60.0
7 3.837776862946129 7 58.0
8 0.46830975579247003 19 55.0
9 4.142399774982129 6 51.0
10 3.2934834880248522 12 51.0
11 3.380587237748524 10 49.0
12 2.790999648473259 13 49.0
13 3.686842417558951 8 49.0
14 0.0 20 47.0
15 2.4705366762739387 14 46.0
16 4.2369097557924675 4 43.0
17 1.1825391132990815 18 43.0
18 2.253475094506975 15 29.0
19 4.252279469052995 3 22.0
20 1.2830490652581943 17 20.0
1 7.0533446106867395 2 93.0
2 2.680479192828097 15 79.0
3 6.090859991908028 5 76.0
4 3.2734374388573784 13 73.0
5 5.5733540888688395 8 61.0
6 5.940472223017677 6 60.0
7 7.452928657545687 1 58.0
8 2.6605543720521023 16 55.0
9 6.796193381195458 3 51.0
10 5.0751567372509365 10 51.0
11 6.706437438928116 4 49.0
12 1.9898691928452612 19 49.0
13 5.8934629661223985 7 49.0
14 2.546225371931638 17 47.0
15 0.0 20 46.0
16 5.215528656635621 9 43.0
17 3.6620858599249466 12 43.0
18 2.87712375356124 14 29.0
19 4.293342518243271 11 22.0
20 2.5365291896496958 18 20.0
1 5.488228186440454 4 93.0
2 1.1405715932180702 18 79.0
3 5.582456033899132 3 76.0
4 3.6022242372851294 10 73.0
5 3.911706440674289 9 61.0
6 4.928825050846736 6 60.0
7 2.8664793220308056 13 58.0
8 0.0 20 55.0
9 5.689371593215757 1 51.0
10 3.113028406765145 12 51.0
11 5.598796237285495 2 49.0
12 4.259196237285571 7 49.0
13 4.239534508471353 8 49.0
14 1.2329618474583475 17 47.0
15 1.8163793220346194 15 46.0
16 5.219789237285551 5 43.0
17 0.895827966098329 19 43.0
18 2.169252932201446 14 29.0
19 3.5646255423696904 11 22.0
20 1.7143962372859005 16 20.0
1 10.558780812679464 1 93.0
2 5.270062522276661 16 79.0
3 7.764470274221751 8 76.0
4 8.044780812679463 6 73.0
5 5.281617849566791 15 61.0
6 7.729435699130796 9 60.0
7 7.660517849567134 10 58.0
8 0.0 20 55.0
9 8.508931433562664 4 51.0
10 9.384380812675166 2 51.0
11 7.935310752166005 7 49.0
12 4.073130513207918 19 49.0
13 8.60404959286188 3 49.0
14 8.363770812675169 5 47.0
15 6.443680812659709 13 46.0
16 6.879162522313259 11 43.0
17 4.662282150436168 17 43.0
18 5.728701203072992 14 29.0
19 6.677417849568233 12 22.0
20 4.454090513218489 18 20.0
1 7.717255478261151 7 93.0
2 2.4201654782613917 18 79.0
3 8.534806956521429 4 76.0
4 6.503158086956924 12 73.0
5 9.249355478261151 2 61.0
6 8.243265478258822 5 60.0
7 6.909270956530002 10 58.0
8 0.8765580869564529 19 55.0
9 5.9682999999997906 13 51.0
10 6.542855478258971 11 51.0
11 8.56689469564897 3 49.0
12 7.393745826087998 8 49.0
13 7.769499999999826 6 49.0
14 0.0 20 47.0
15 5.329999999996857 14 46.0
16 10.121145826086739 1 43.0
17 3.353300000000858 16 43.0
18 3.1143454782607307 17 29.0
19 6.912249130432543 9 22.0
20 4.7047673043493505 15 20.0
1 6.094298422201826 3 93.0
2 2.6578124843456385 13 79.0
3 6.611004267070866 2 76.0
4 2.9927090113918653 10 73.0
5 2.9794213678233312 11 61.0
6 3.3063619084417164 8 60.0
7 3.702698722817332 7 58.0
8 0.0 20 55.0
9 7.205914267255491 1 51.0
10 3.7998965432299463 6 51.0
11 3.248347310839882 9 49.0
12 1.5235090115526138 15 49.0
13 4.06663731112386 5 49.0
14 0.6316556773201465 18 47.0
15 0.31730426836779513 19 46.0
16 2.049510350874613 14 43.0
17 1.0842587930567507 16 43.0
18 2.748788705428719 12 29.0
19 4.461957235297289 4 22.0
20 0.9118248820344292 17 20.0
1 8.088480176789055 1 93.0
2 5.477759574929928 10 79.0
3 4.879213410840351 14 76.0
4 4.858800871382267 15 73.0
5 7.958140176789069 2 61.0
6 7.0558801767891 3 60.0
7 3.7871407770495233 17 58.0
8 1.8296308722962245 19 55.0
9 5.559459222950798 8 51.0
10 5.535445148123614 9 51.0
11 6.743464510861214 4 49.0
12 5.560020176789064 7 49.0
13 6.55001180877543 5 49.0
14 5.177790871382667 12 47.0
15 0.0 20 46.0
16 4.118012053402121 16 43.0
17 4.963466044631263 13 43.0
18 6.329021340535922 6 29.0
19 5.195180176789068 11 22.0
20 3.220767643955112 18 20.0
1 4.576834068189255 5 93.0
2 1.2248214310232945 15 79.0
3 6.053006450531857 1 76.0
4 2.1652769973603685 11 73.0
5 3.3466462571457423 10 61.0
6 4.926331286045942 3 60.0
7 3.4523886858465946 9 58.0
8 0.0 20 55.0
9 5.1266026339371304 2 51.0
10 4.041504141703163 8 51.0
11 4.771009989010833 4 49.0
12 1.606904141703165 14 49.0
13 4.425150836850954 7 49.0
14 0.383371083268115 19 47.0
15 1.173232039764743 16 46.0
16 4.555106450531857 6 43.0
17 0.8159180869161995 17 43.0
18 1.6308255909208755 13 29.0
19 1.6835340681892448 12 22.0
20 0.3925598356500579 18 20.0
1 7.230934533409484 2 93.0
2 3.9464772288683356 16 79.0
3 5.524591934282548 7 76.0
4 4.025271893541334 14 73.0
5 6.055613667257905 4 61.0
6 5.893824095800975 5 60.0
7 5.670557437807044 6 58.0
8 0.0 20 55.0
9 7.488329622315234 1 51.0
10 4.759562857993103 11 51.0
11 3.9694721524785597 15 49.0
12 5.176645261186174 8 49.0
13 4.847772518825472 10 49.0
14 1.9723875998438993 19 47.0
15 2.4299846784935717 18 46.0
16 6.8088136672579065 3 43.0
17 4.4209716447865715 13 43.0
18 4.726613667257906 12 29.0
19 5.007369000186025 9 22.0
20 3.1791264215007526 17 20.0
1 8.72806538938907 2 93.0
2 4.836462409936019 8 79.0
3 5.340444398142108 7 76.0
4 4.730802496220254 9 73.0
5 3.517968046827917 13 61.0
6 3.7623254719720034 12 60.0
7 5.951684686041263 3 58.0
8 0.22462754707890564 19 55.0
9 5.764993982470917 4 51.0
10 4.171464304931194 10 51.0
11 3.4585575583050323 14 49.0
12 1.3537254719720528 17 49.0
13 5.6031064738471414 6 49.0
14 3.4453653893890275 15 47.0
15 1.1641924529210583 18 46.0
16 8.75289238938906 1 43.0
17 3.1828682388353635 16 43.0
18 3.769738735676028 11 29.0
19 5.67127481381384 5 22.0
20 0.0 20 20.0
