1 2.8472936687175205 9 93.0
2 0.0 20 79.0
3 1.574229595316346 16 76.0
4 2.670879549888312 11 73.0
5 0.9717806525413066 17 61.0
6 2.1077872243775864 14 60.0
7 3.480319099714653 3 58.0
8 3.3626041643521845 5 55.0
9 2.199259549908144 13 51.0
10 3.0445517146706327 6 51.0
11 1.8091095952762561 15 49.0
12 3.5414909531092293 1 49.0
13 2.8650037961442365 8 49.0
14 3.395104939361051 4 47.0
15 2.8472936686101216 10 46.0
16 2.9530324898228786 7 43.0
17 2.2102295953244835 12 43.0
18 3.490684080757772 2 29.0
19 0.7690523108171101 18 22.0
20 0.373729595082122 19 20.0
1 5.763147920667484 6 93.0
2 0.8836445568825977 17 79.0
3 7.288801822770576 4 76.0
4 1.5380673335506336 16 73.0
5 2.9346972658635515 15 61.0
6 0.0 20 60.0
7 4.895962601927009 9 58.0
8 8.361852165914538 2 55.0
9 5.718241687360367 7 51.0
10 6.598752165906834 5 51.0
11 8.17246216588079 3 49.0
12 3.3351209113891827 14 49.0
13 3.519444557042606 13 49.0
14 0.5724400000145304 19 47.0
15 0.7033018227139509 18 46.0
16 9.234582165906833 1 43.0
17 4.294783239422688 11 43.0
18 4.853610110192924 10 29.0
19 5.4939797748851635 8 22.0
20 4.080667333510722 12 20.0
1 7.755314146418525 8 93.0
2 5.1596248781219405 17 79.0
3 10.674964146418525 2 76.0
4 5.906994146364638 14 73.0
5 5.5750148781332864 15 61.0
6 6.165524877900371 12 60.0
7 8.726694146431672 6 58.0
8 6.332584634037786 11 55.0
9 8.773884634212031 5 51.0
10 4.569484634212031 18 51.0
11 9.59907731716514 3 49.0
12 11.52556048784579 1 49.0
13 5.9550197561117475 13 49.0
14 5.407934146380998 16 47.0
15 6.391000000223764 10 46.0
16 7.758519756249197 7 43.0
17 8.850714146173058 4 43.0
18 0.0 20 29.0
19 7.643760487821182 9 22.0
20 3.811914878076342 19 20.0
1 1.6799356209231067 19 93.0
2 3.4562165075635907 8 79.0
3 5.664643559953058 1 76.0
4 2.3188699024158774 14 73.0
5 4.190611538379955 5 61.0
6 1.9099532671371944 17 60.0
7 3.3622264153978776 10 58.0
8 0.0 20 55.0
9 4.966219032622497 2 51.0
10 4.6003402618928355 4 51.0
11 3.4181099723223656 9 49.0
12 2.7623752233488466 12 49.0
13 3.9559376401090955 6 49.0
14 1.9144823821022579 16 47.0
15 1.873819645856354 18 46.0
16 4.6265560929491585 3 43.0
17 3.66568351900958 7 43.0
18 3.1612540916610468 11 29.0
19 2.1119732165648104 15 22.0
20 2.4275115432416903 13 20.0
1 5.0583591786982485 5 93.0
2 3.3241265760361705 11 79.0
3 5.478720470192233 2 76.0
4 6.443210501165234 1 73.0
5 2.4233295893459124 15 61.0
6 3.6079151307701838 10 60.0
7 3.0850088104844104 12 58.0
8 2.1772972743862993 16 55.0
9 5.4553731362641775 3 51.0
10 0.14330546010005651 19 51.0
11 5.27051480322616 4 49.0
12 4.449473136236102 7 49.0
13 4.644408810483054 6 49.0
14 4.117265418632378 9 47.0
15 1.700629133522406 17 46.0
16 4.380726576034681 8 43.0
17 2.806996576034681 13 43.0
18 2.5700102954387183 14 29.0
19 0.5676731362641778 18 22.0
20 0.0 20 20.0
1 1.2299406318558797 11 93.0
2 0.5429505153844372 16 79.0
3 3.7637213642805545 2 76.0
4 1.6377395151711391 9 73.0
5 0.07110409284386954 19 61.0
6 1.8417524323539658 7 60.0
7 0.16188482612938326 18 58.0
8 0.3682127289932591 17 55.0
9 3.0522254571229372 4 51.0
10 2.9252967397019924 5 51.0
11 4.981782728562076 1 49.0
12 0.8907348261314247 14 49.0
13 1.6914632383398318 8 49.0
14 0.9615336566722953 13 47.0
15 1.2299406318549682 12 46.0
16 3.1031324565324185 3 43.0
17 0.6600067049218095 15 43.0
18 0.0 20 29.0
19 1.2739183524596671 10 22.0
20 1.9858980222789793 6 20.0
1 6.394341119503159 7 93.0
2 4.135036242223692 19 79.0
3 6.585500000000098 4 76.0
4 5.382650855255685 13 73.0
5 6.036299306743476 8 61.0
6 6.403807746424356 6 60.0
7 5.672249737531274 11 58.0
8 4.158175965147931 18 55.0
9 9.353988239953171 1 51.0
10 4.9087807582305665 16 51.0
11 6.408202989252764 5 49.0
12 5.9092191447438704 10 49.0
13 5.6197189900098605 12 49.0
14 4.644081469083188 17 47.0
15 0.0 20 46.0
16 7.784284485583607 2 43.0
17 5.099072508476577 14 43.0
18 5.933373490652854 9 29.0
19 7.361701737795932 3 22.0
20 5.014550758230357 15 20.0
1 2.5392144693723733 14 93.0
2 1.8747266375365041 16 79.0
3 5.142394984715848 2 76.0
4 2.53834179044016 15 73.0
5 0.9980583396806166 17 61.0
6 0.738480398241697 19 60.0
7 3.2547888573641033 9 58.0
8 3.5407911767155653 6 55.0
9 5.672216157678717 1 51.0
10 2.619298119135977 13 51.0
11 3.267916157671152 8 49.0
12 5.026555200270617 3 49.0
13 3.518546917931153 7 49.0
14 0.9429111117611755 18 47.0
15 0.0 20 46.0
16 4.523598272600123 4 43.0
17 2.669188074840409 12 43.0
18 4.232335200306759 5 29.0
19 2.7650250876789872 11 22.0
20 3.165709171725583 10 20.0
1 1.2617805179247297 14 93.0
2 4.307555189890581 6 79.0
3 4.817795847515941 3 76.0
4 1.2548331166057587 16 73.0
5 1.2613541532505106 15 61.0
6 0.4241054449178292 18 60.0
7 4.717864671571315 4 58.0
8 4.349222469993062 5 55.0
9 3.222735714916366 9 51.0
10 3.3635490924417715 8 51.0
11 5.769995414218826 2 49.0
12 3.779743634931446 7 49.0
13 6.2772646715709985 1 49.0
14 0.20518051792450898 19 47.0
15 0.0 20 46.0
16 1.2331253209481 17 43.0
17 1.5570805179205842 13 43.0
18 2.631780517925577 11 29.0
19 1.9730055688960757 12 22.0
20 2.8637954838866997 10 20.0
1 2.600509839861602 12 93.0
2 0.9182400000129674 19 79.0
3 5.218925121709901 5 76.0
4 6.601364681497562 2 73.0
5 2.066170895547618 17 61.0
6 2.656680895190051 11 60.0
7 1.977642169877025 18 58.0
8 2.2687160849426444 15 55.0
9 6.48645412708637 3 51.0
10 2.489114240942046 14 51.0
11 7.650400367605359 1 49.0
12 2.7064921694970314 10 49.0
13 5.392464681538354 4 49.0
14 0.0 20 47.0
15 2.600509839219585 13 46.0
16 3.60526825603905 8 43.0
17 3.9347646814981574 6 43.0
18 3.8974082544333988 7 29.0
19 2.254819787639131 16 22.0
20 3.39180036783602 9 20.0
1 3.26458966973952 10 93.0
2 2.6478456870101885 13 79.0
3 6.160511958681612 1 76.0
4 1.5365967377182104 19 73.0
5 2.5591713411530406 16 61.0
6 4.390235499690243 7 60.0
7 3.2208000000014394 11 58.0
8 4.2338254996897975 8 55.0
9 0.0 20 51.0
10 2.827795271821519 12 51.0
11 5.003777045657074 4 49.0
12 3.3935142579255455 9 49.0
13 4.715915709376457 6 49.0
14 2.3274142579389006 18 47.0
15 2.5972157093737964 15 46.0
16 4.901565290006217 5 43.0
17 5.716419202496415 2 43.0
18 5.188792799535441 3 29.0
19 2.6134211678330774 14 22.0
20 2.536467005947073 17 20.0
1 2.2519000000453726 18 93.0
2 0.0 20 79.0
3 11.618792174860445 1 76.0
4 4.540504240117953 12 73.0
5 0.2770999999921644 19 61.0
6 3.1022500591389774 16 60.0
7 6.362477083923023 9 58.0
8 3.50635988170583 15 55.0
9 6.789550059181306 7 51.0
10 2.9849799408480866 17 51.0
11 9.106228662645849 2 49.0
12 7.162456751530114 5 49.0
13 4.366350058911323 13 49.0
14 6.549758835255049 8 47.0
15 6.791707264497338 6 46.0
16 8.524558835667408 3 43.0
17 5.263249645394226 10 43.0
18 3.6240271930734718 14 29.0
19 5.015354667901099 11 22.0
20 8.438807265859722 4 20.0
1 5.269842801247869 5 93.0
2 1.061357340935352 19 79.0
3 6.558011695690523 4 76.0
4 2.63570379132529 14 73.0
5 1.6526287948232348 18 61.0
6 3.909300000003301 9 60.0
7 4.145266050513726 7 58.0
8 3.6102712052426678 11 55.0
9 2.6031937913252894 16 51.0
10 2.9775816921241085 13 51.0
11 7.524157198736704 2 49.0
12 3.6974660504811356 10 49.0
13 2.297831532142284 17 49.0
14 2.6313660504745284 15 47.0
15 3.1585212051031397 12 46.0
16 4.385092179176094 6 43.0
17 0.0 20 43.0
18 7.04277120510314 3 29.0
19 7.559971205103141 1 22.0
20 3.926642801284438 8 20.0
1 3.683560173913038 9 93.0
2 1.210760034782604 16 79.0
3 3.8974407304347802 6 76.0
4 3.282651582608695 11 73.0
5 1.0953101043478206 17 61.0
6 0.6335975478260845 18 60.0
7 2.287160034782602 14 58.0
8 0.5788057043478205 19 55.0
9 2.9365505739130273 13 51.0
10 3.2712899826086974 12 51.0
11 5.858812017391301 4 49.0
12 1.297889391304332 15 49.0
13 3.8465600347826063 7 49.0
14 0.0 20 47.0
15 6.428052017391299 2 46.0
16 6.3054420173913 3 43.0
17 3.669778399999994 10 43.0
18 6.732089982608688 1 29.0
19 4.630123860869561 5 22.0
20 3.8292649913043384 8 20.0
1 5.504637441936571 4 93.0
2 0.9173148835443317 19 79.0
3 4.749749535085924 5 76.0
4 5.7817374415479605 3 73.0
5 1.733814879466661 17 61.0
6 3.55560232813512 11 60.0
7 6.1302425575499635 1 58.0
8 4.465814884705138 7 55.0
9 4.026382790851159 10 51.0
10 2.823414884470408 14 51.0
11 6.0588374431998435 2 49.0
12 4.341986279336159 8 49.0
13 1.4577000000316405 18 49.0
14 2.010223023182877 16 47.0
15 3.227872325122277 13 46.0
16 2.790414884510502 15 43.0
17 0.0 20 43.0
18 4.288099999909944 9 29.0
19 4.535757441850291 6 22.0
20 3.5492495337527545 12 20.0
1 0.35504489778559534 17 93.0
2 2.2182038450298043 10 79.0
3 4.949355933052372 2 76.0
4 0.6554525156036308 15 73.0
5 0.0 20 61.0
6 2.8904163705848642 7 60.0
7 2.953523201874159 6 58.0
8 2.0521689156872247 11 55.0
9 3.503918819419081 5 51.0
10 0.28906891568721216 18 51.0
11 1.578701887614143 13 49.0
12 8.133842562671063 1 49.0
13 4.254993244989089 3 49.0
14 0.5744592188499207 16 47.0
15 3.8054425626710393 4 46.0
16 2.7524745563783766 9 43.0
17 1.8568188194190915 12 43.0
18 0.9177893336724707 14 29.0
19 0.2772079057349077 19 22.0
20 2.7697263705848734 8 20.0
1 3.6003074191815294 5 93.0
2 1.0520809913844074 18 79.0
3 4.221153713364391 3 76.0
4 1.8785937320359303 15 73.0
5 0.0 20 61.0
6 1.7774835460602447 16 60.0
7 3.3952000000006652 7 58.0
8 2.579770679484055 11 55.0
9 2.710067464071928 9 51.0
10 7.011352064541844 1 51.0
11 3.579696709902196 6 49.0
12 2.526928927415925 13 49.0
13 4.2432493612331985 2 49.0
14 0.8602685716743694 19 47.0
15 2.6730093235351067 10 46.0
16 4.212065255099751 4 43.0
17 2.5557613032845174 12 43.0
18 3.286868571674346 8 29.0
19 1.700821837020721 17 22.0
20 2.201594463707899 14 20.0
1 2.785502136186125 10 93.0
2 1.7429505501728841 14 79.0
3 3.81062771676637 3 76.0
4 1.6064951750851846 16 73.0
5 0.07237654220841838 19 61.0
6 3.2357090972870663 6 60.0
7 3.058680421469777 8 58.0
8 3.6786852996344637 4 55.0
9 3.6781362195395264 5 51.0
10 1.6513133406870453 15 51.0
11 2.8906661997932503 9 49.0
12 4.026950306171445 1 49.0
13 3.9311599207237435 2 49.0
14 0.3495806390613867 18 47.0
15 0.0 20 46.0
16 1.4478875806672233 17 43.0
17 2.089783108369029 11 43.0
18 1.9455337789480163 12 29.0
19 3.1644504214697773 7 22.0
20 1.7760982568950783 13 20.0
1 4.472011849833718 5 93.0
2 2.8987466531254418 10 79.0
3 4.733658490996805 4 76.0
4 1.011277979525063 17 73.0
5 0.33446294867347204 19 61.0
6 1.0222565529195957 16 60.0
7 2.8653118498335335 11 58.0
8 1.7591064743365072 15 55.0
9 5.183828792112838 2 51.0
10 5.121034715198785 3 51.0
11 3.3981767957832836 8 49.0
12 4.178358481746053 6 49.0
13 2.8293442013764882 12 49.0
14 0.9080584909976748 18 47.0
15 0.0 20 46.0
16 1.8540331793935565 14 43.0
17 3.140037566674254 9 43.0
18 5.588446619774133 1 29.0
19 4.145937566674286 7 22.0
20 2.41834802883605 13 20.0
1 4.371863590733585 8 93.0
2 1.8433580308880215 16 79.0
3 6.000509999999981 3 76.0
4 8.372070733590714 1 73.0
5 4.719484324324327 7 61.0
6 2.295058030888022 14 60.0
7 2.769515675675692 12 58.0
8 1.6893707335907082 17 55.0
9 5.982358030888017 4 51.0
10 5.063783436293371 6 51.0
11 6.452606447876422 2 49.0
12 4.325170733590745 9 49.0
13 5.3394999999999975 5 49.0
14 1.4576999999999511 19 47.0
15 3.4907493050193255 10 46.0
16 1.6719580308880242 18 43.0
17 1.9773580308880254 15 43.0
18 2.51731864864864 13 29.0
19 0.0 20 22.0
20 3.1584686486486273 11 20.0
1 4.000952090464298 8 93.0
2 2.453049303175196 17 79.0
3 5.198178435208812 2 76.0
4 3.7530277689490945 9 73.0
5 2.824498606369624 16 61.0
6 2.991058270167537 14 60.0
7 2.924669303179311 15 58.0
8 5.140290229214326 3 55.0
9 4.5193531845966755 5 51.0
10 3.4482999999954083 11 51.0
11 3.255279303179311 12 49.0
12 2.058400000001311 18 49.0
13 4.873682090464827 4 49.0
14 3.2539677689488147 13 47.0
15 4.000952090466684 7 46.0
16 5.596811852081723 1 43.0
17 4.501905229214326 6 43.0
18 1.7951986002449432 19 29.0
19 3.6301941809277425 10 22.0
20 0.0 20 20.0
1 1.7974764936437277 15 93.0
2 2.02168533258097 14 79.0
3 3.461642841455789 8 76.0
4 2.511301233032394 11 73.0
5 1.6656840980692964 17 61.0
6 2.36817528611325 12 60.0
7 0.1891900916403313 19 58.0
8 4.983934641165581 1 55.0
9 4.701680363681636 2 51.0
10 1.7784678902145108 16 51.0
11 3.4994209864899735 7 49.0
12 3.760389060493977 5 49.0
13 3.522559249128233 6 49.0
14 2.524796758953817 10 47.0
15 0.0 20 46.0
16 3.9142858225924413 4 43.0
17 2.750216224170718 9 43.0
18 4.359150636188052 3 29.0
19 0.18939003670703602 18 22.0
20 2.2474852182683054 13 20.0
1 2.9646949728127434 10 93.0
2 0.9181999999866335 17 79.0
3 5.115445600422618 3 76.0
4 3.485355863692551 8 73.0
5 0.8902790271527454 18 61.0
6 2.5843158637107124 12 60.0
7 3.0640737181628337 9 58.0
8 1.1435751090720392 16 55.0
9 6.271615863615029 2 51.0
10 0.5433914819311632 19 51.0
11 1.5281699999996619 15 49.0
12 2.0482000000709455 13 49.0
13 2.844803936311877 11 49.0
14 0.0 20 47.0
15 6.3226603546152 1 46.0
16 1.9748000004409412 14 43.0
17 4.920260354540192 4 43.0
18 3.9131148363614336 6 29.0
19 4.453873827367054 5 22.0
20 3.766031727287504 7 20.0
1 0.0 20 93.0
2 1.9548369003933113 15 79.0
3 5.290608473693846 1 76.0
4 1.4650084736985343 16 73.0
5 1.07877967102347 17 61.0
6 0.5306979492565933 19 60.0
7 3.5463436052812782 9 58.0
8 3.7379000000019293 8 55.0
9 4.842188473693419 3 51.0
10 1.974800000050744 14 51.0
11 2.214900000010918 12 49.0
12 3.928608473691895 7 49.0
13 4.276216757539871 5 49.0
14 1.0698674248198234 18 47.0
15 2.1575167575260688 13 46.0
16 5.08292699624762 2 43.0
17 3.9656734736937715 6 43.0
18 4.27850109211089 4 29.0
19 2.5124372349710273 11 22.0
20 3.044089236841357 10 20.0
1 5.98792864287152 2 93.0
2 0.7632904971848018 19 79.0
3 4.66427202795103 4 76.0
4 2.6658929222803565 13 73.0
5 1.5509089664186515 17 61.0
6 2.945202282224032 12 60.0
7 4.9442476022521715 3 58.0
8 4.0131286428715445 9 55.0
9 4.220781578725141 7 51.0
10 7.436247602252184 1 51.0
11 4.158711395636493 8 49.0
12 3.5492541910315683 10 49.0
13 2.1682299614920724 14 49.0
14 3.0242221589583766 11 47.0
15 2.076126962195869 15 46.0
16 4.306651711793711 6 43.0
17 4.612051711793665 5 43.0
18 1.5461720279509363 18 29.0
19 1.7591917117936744 16 22.0
20 0.0 20 20.0
1 3.6557747560965486 7 93.0
2 0.5060874390408996 19 79.0
3 4.1240547560976655 6 76.0
4 5.808834756100236 3 73.0
5 0.7831874390222242 17 61.0
6 1.0666364634181416 15 60.0
7 2.074621097557329 12 58.0
8 1.0020947560998357 16 55.0
9 10.218074756099579 1 51.0
10 5.63057475610038 4 51.0
11 5.036136463416288 5 49.0
12 1.832546463411103 14 49.0
13 3.141887439023329 8 49.0
14 0.0 20 47.0
15 2.8739874390275184 11 46.0
16 5.907674756099294 2 43.0
17 2.0660704878061438 13 43.0
18 2.8819147561062994 10 29.0
19 3.0633774390261235 9 22.0
20 0.6848852439051138 18 20.0
1 1.93826988927082 10 93.0
2 0.8418371806046159 15 79.0
3 2.350512552270556 5 76.0
4 2.961843666328745 3 73.0
5 0.0 20 61.0
6 1.5094380571439723 11 60.0
7 0.39041701698415987 18 58.0
8 0.23604570531643332 19 55.0
9 4.182004729920408 1 51.0
10 3.628873324498553 2 51.0
11 2.1644117239451526 8 49.0
12 2.164409327889599 9 49.0
13 2.304309275513519 6 49.0
14 1.0489047299204088 13 47.0
15 0.4906405621269556 16 46.0
16 2.237919918820237 7 43.0
17 2.761173627634273 4 43.0
18 0.954898655779203 14 29.0
19 0.43037703764021473 17 22.0
20 1.0545341240414392 12 20.0
1 1.463175677226565 16 93.0
2 2.2446184960507547 14 79.0
3 5.510244362261885 2 76.0
4 3.748840582731068 9 73.0
5 1.3942261259893687 17 61.0
6 3.1749743229174534 12 60.0
7 3.984528307102864 7 58.0
8 4.641540582740208 5 55.0
9 4.2091453700969605 6 51.0
10 2.878440582689549 13 51.0
11 4.8961646141819095 4 49.0
12 3.588585748053226 11 49.0
13 3.7670626691480997 8 49.0
14 0.40657567717801024 19 47.0
15 0.4966044882030727 18 46.0
16 5.342794614194218 3 43.0
17 0.0 20 43.0
18 5.634934614192005 1 29.0
19 2.1767049921470685 15 22.0
20 3.7190904882377853 10 20.0
1 1.9543708216017155 16 93.0
2 0.0 20 79.0
3 5.525465123627971 5 76.0
4 2.2314708216016426 15 73.0
5 1.635187812397315 17 61.0
6 4.880684878592056 8 60.0
7 4.268027993122764 11 58.0
8 4.724274878594664 9 55.0
9 3.9042394256689614 12 51.0
10 1.3243605743462825 18 51.0
11 6.097905123631315 3 49.0
12 4.28133619913587 10 49.0
13 5.297021148689758 6 49.0
14 5.034675904204429 7 47.0
15 3.2702051236305913 14 46.0
16 5.850676519575062 4 43.0
17 7.1469754939595 2 43.0
18 7.841475699082778 1 29.0
19 0.5677700000033026 19 22.0
20 3.6723813593551986 13 20.0
1 3.1389203072987346 10 93.0
2 0.0 20 79.0
3 5.72215652474757 3 76.0
4 1.0760994301807218 17 73.0
5 3.5913565295132233 7 61.0
6 0.5904797124635981 18 60.0
7 1.6781479743439607 13 58.0
8 1.1641202908424926 15 55.0
9 9.10848304630189 1 51.0
10 1.0896000031220583 16 51.0
11 4.852636667352393 5 49.0
12 3.4585784095275676 8 49.0
13 6.460578409097671 2 49.0
14 0.5316565256461319 19 47.0
15 1.594527976337018 14 46.0
16 4.798083045425058 6 43.0
17 5.036356528602736 4 43.0
18 3.3254098545944624 9 29.0
19 1.7839179739480253 12 22.0
20 2.5140565090810356 11 20.0
1 3.3414 19 93.0
2 4.75406999999996 18 79.0
3 7.946326087659649 4 76.0
4 7.182827004307458 9 73.0
5 0.0 20 61.0
6 7.095129183782931 10 60.0
7 6.471257820826729 15 58.0
8 6.700326087659636 12 55.0
9 10.12650470497999 1 51.0
10 7.296026942038841 7 51.0
11 5.556300000000015 16 49.0
12 9.485579162623738 2 49.0
13 6.669167139424233 13 49.0
14 7.277960942038847 8 47.0
15 6.558038502229303 14 46.0
16 7.5731269420388845 6 43.0
17 4.8462140891710614 17 43.0
18 8.530511320940136 3 29.0
19 7.756520033476791 5 22.0
20 7.01071782082671 11 20.0
1 1.8843013495995709 11 93.0
2 3.80475331284872 6 79.0
3 3.173049325189818 8 76.0
4 1.0703457669931449 16 73.0
5 1.631746625763857 13 61.0
6 0.6810493247336535 18 60.0
7 7.566156932493218 2 58.0
8 0.0 20 55.0
9 4.342473374193642 5 51.0
10 10.058156932450142 1 51.0
11 5.190256932668092 4 49.0
12 1.114060061327762 15 49.0
13 2.594320122611501 10 49.0
14 1.209373374206769 14 47.0
15 0.35331932518978526 19 46.0
16 2.688346625586322 9 43.0
17 3.287623312887573 7 43.0
18 7.473953312856423 3 29.0
19 1.0037079755394807 17 22.0
20 1.8504733742600665 12 20.0
1 2.6055685436270912 7 93.0
2 1.520876076719087 15 79.0
3 5.084530646351233 2 76.0
4 3.7007259991773376 3 73.0
5 2.0846330366256636 9 61.0
6 3.0981634547275827 6 60.0
7 1.7636828312958204 14 58.0
8 1.9014759034789805 11 55.0
9 5.534048499264548 1 51.0
10 0.0 20 51.0
11 1.8721130564172985 13 49.0
12 0.7041574065068898 16 49.0
13 3.3098834547276264 4 49.0
14 0.29549991989865987 18 47.0
15 0.502061683977786 17 46.0
16 1.9231912835869012 10 43.0
17 1.887702831295822 12 43.0
18 2.2671756652801927 8 29.0
19 0.059850641793447235 19 22.0
20 3.1705220505394056 5 20.0
1 4.204594450704381 16 93.0
2 8.372165239464897 4 79.0
3 9.004817070424542 2 76.0
4 6.662276281721693 13 73.0
5 8.649265239279288 3 61.0
6 7.799466168899236 6 60.0
7 0.0 20 58.0
8 1.319399999986274 18 55.0
9 7.690117802861727 7 51.0
10 6.742217070392463 12 51.0
11 2.4698337183173646 17 49.0
12 9.502165239430255 1 49.0
13 7.875110704098375 5 49.0
14 5.083334816889877 15 47.0
15 7.034175943667632 10 46.0
16 7.615015239310957 8 43.0
17 7.382841520966992 9 43.0
18 6.65615256321344 14 29.0
19 1.300374084502101 19 22.0
20 6.886165240188898 11 20.0
1 4.610068646899421 15 93.0
2 6.052578417065894 11 79.0
3 7.1995341589904465 3 76.0
4 5.726836363250646 12 73.0
5 4.300199999999981 18 61.0
6 4.410688152080399 16 60.0
7 3.7016341589905517 19 58.0
8 7.0322000000001115 4 55.0
9 8.285624854249278 1 51.0
10 6.891899671080985 5 51.0
11 5.693100608751292 13 49.0
12 7.514328024968688 2 49.0
13 4.370201165534715 17 49.0
14 5.227776363251848 14 47.0
15 6.391000000000703 10 46.0
16 6.564446927465014 8 43.0
17 6.582920721017124 7 43.0
18 0.0 20 29.0
19 6.620348417064548 6 22.0
20 6.424400328917229 9 20.0
1 5.992006666686096 9 93.0
2 0.0 20 79.0
3 6.945753333334654 5 76.0
4 2.9202533334214498 17 73.0
5 4.12915333344218 14 61.0
6 6.307920000080053 7 60.0
7 5.757986666787464 10 58.0
8 3.7030666666854763 15 55.0
9 4.139000000117389 13 51.0
10 3.142886666748915 16 51.0
11 8.20690666666086 2 49.0
12 6.48683666666602 6 49.0
13 7.493853333334653 3 49.0
14 2.4211933333379125 19 47.0
15 13.526566666684957 1 46.0
16 4.5757966666821766 11 43.0
17 4.406253332975233 12 43.0
18 7.135566666667815 4 29.0
19 2.491899999999997 18 22.0
20 6.187230000005884 8 20.0
1 2.2002398000046064 16 93.0
2 1.1187416000047814 19 79.0
3 5.684239800006408 1 76.0
4 4.026724800005281 8 73.0
5 2.131489800007701 17 61.0
6 0.0 20 60.0
7 1.5903615999999805 18 58.0
8 4.863489800003122 4 55.0
9 3.6873000000047758 10 51.0
10 3.545730800013194 11 51.0
11 3.4328692000047702 13 49.0
12 2.855842400004785 15 49.0
13 5.4961897999915195 2 49.0
14 3.527664799997694 12 47.0
15 4.658530800001997 6 46.0
16 5.022254800002477 3 43.0
17 4.8613648000101835 5 43.0
18 3.3023398000009996 14 29.0
19 3.8343548000040792 9 22.0
20 4.293404800010616 7 20.0
1 2.9464397123577646 4 93.0
2 0.40797921826573447 19 79.0
3 2.5229714753012296 6 76.0
4 0.7032129506024574 18 73.0
5 1.371349820009495 14 61.0
6 1.3195691375814862 15 60.0
7 1.7544408318260445 10 58.0
8 1.0363197190134499 17 55.0
9 3.8707401719986905 2 51.0
10 1.5338697323248176 13 51.0
11 5.332961903634191 1 49.0
12 2.152219712357764 9 49.0
13 2.286876436526726 8 49.0
14 0.0 20 47.0
15 3.7870934960230027 3 46.0
16 1.6124118340108469 11 43.0
17 2.376342921986223 7 43.0
18 1.0632910004742602 16 29.0
19 2.598530287134042 5 22.0
20 1.5555813765180462 12 20.0
1 2.0163769255561905 12 93.0
2 0.37676716324336335 18 79.0
3 3.6290648526679226 5 76.0
4 0.0 20 73.0
5 0.6839663106948353 16 61.0
6 3.0048829650999447 7 60.0
7 3.464474954449197 6 58.0
8 2.383064841571437 11 55.0
9 2.9210668743262076 8 51.0
10 3.9911769301014317 4 51.0
11 0.5167668929936462 17 49.0
12 2.8989947993527707 9 49.0
13 4.048666316178245 3 49.0
14 0.3607311963405575 19 47.0
15 2.67715296580924 10 46.0
16 5.151082964386161 2 43.0
17 1.2747529615849083 13 43.0
18 5.443222963655602 1 29.0
19 0.8928530196234434 14 22.0
20 0.8405948186764547 15 20.0
1 3.0715810760616344 9 93.0
2 1.1233569834222028 16 79.0
3 4.002617108685445 2 76.0
4 1.9530725874778005 11 73.0
5 0.6340438164506303 19 61.0
6 1.3133665315412966 14 60.0
7 1.4032270920741317 13 58.0
8 3.3660438164506234 7 55.0
9 4.38627638372704 1 51.0
10 0.0 20 51.0
11 3.6654126381549403 5 49.0
12 3.931561617150036 3 49.0
13 3.1425404249276703 8 49.0
14 0.6641882260450125 18 47.0
15 3.52564679687918 6 46.0
16 3.73863253680066 4 43.0
17 2.253542234982777 10 43.0
18 1.1756019575043377 15 29.0
19 1.9135442814184342 12 22.0
20 0.6726962439205646 17 20.0
1 2.4773039205408267 10 93.0
2 1.5996075699583336 16 79.0
3 3.96700972902745 3 76.0
4 2.0129986994845597 13 73.0
5 2.1833060201464862 11 61.0
6 2.072000000000002 12 60.0
7 2.484045214654401 9 58.0
8 1.8186036695750492 15 55.0
9 5.2295909710275765 1 51.0
10 3.2571426197080697 6 51.0
11 2.9515953535230164 8 49.0
12 3.927984769635966 4 49.0
13 4.023351386743102 2 49.0
14 0.8524420454461019 19 47.0
15 1.3209453914076483 17 46.0
16 3.615245501353533 5 43.0
17 3.2395292263882505 7 43.0
18 0.0 20 29.0
19 1.9569780740048728 14 22.0
20 1.1341039205408268 18 20.0
1 2.434905748718182 6 93.0
2 0.0 20 79.0
3 3.876971204160547 2 76.0
4 0.7262831715708147 18 73.0
5 0.7993032738785237 17 61.0
6 1.8425582564560556 11 60.0
7 2.124096733557165 8 58.0
8 1.6049798922429543 12 55.0
9 4.115922987437038 1 51.0
10 3.5977533725659585 3 51.0
11 0.1669245747850887 19 49.0
12 1.1315921802184952 16 49.0
13 1.4268174512237253 13 49.0
14 1.8552884328357682 10 47.0
15 2.3075666113158393 7 46.0
16 1.3682712638447785 14 43.0
17 1.1686571802184968 15 43.0
18 2.460006204160546 5 29.0
19 1.938239134442569 9 22.0
20 2.4833817308766366 4 20.0
1 4.637852130604973 5 93.0
2 4.095845450797849 10 79.0
3 7.1111150882801 2 76.0
4 3.0120147758208238 17 73.0
5 1.4750831764265895 18 61.0
6 0.0 20 60.0
7 3.7064108104616382 15 58.0
8 4.182986588213305 8 55.0
9 7.627757049130592 1 51.0
10 4.930131102131831 4 51.0
11 3.969499999999988 13 49.0
12 3.9877459562966804 12 49.0
13 4.126609932050462 9 49.0
14 3.747063713478402 14 47.0
15 3.0461814705332464 16 46.0
16 4.450477271931769 6 43.0
17 5.6502219761590275 3 43.0
18 4.086328635965897 11 29.0
19 0.8646999999999969 19 22.0
20 4.33307189930082 7 20.0
1 1.6502743427558455 8 93.0
2 0.3489057755660421 18 79.0
3 3.6873968550048506 2 76.0
4 1.441723554142435 10 73.0
5 0.5713663122497504 17 61.0
6 0.9514486855116888 14 60.0
7 0.2192867002866763 19 58.0
8 2.134678235563621 5 55.0
9 4.372368932102875 1 51.0
10 1.6571050628323722 7 51.0
11 3.367147596876892 3 49.0
12 2.6493596982196537 4 49.0
13 0.6000541023639462 15 49.0
14 1.5832596982196554 9 47.0
15 0.9840378010371085 13 46.0
16 0.5783198265081664 16 43.0
17 1.3974883377409912 11 43.0
18 1.1349617481175351 12 29.0
19 1.6814299691642336 6 22.0
20 0.0 20 20.0
1 2.3381103766153086 18 93.0
2 1.8101093261081846 19 79.0
3 7.08201037661596 4 76.0
4 5.634048350452845 11 73.0
5 7.441725337533732 3 61.0
6 2.8160093261082704 17 60.0
7 5.068226066204441 15 58.0
8 5.577497978323401 12 55.0
9 8.241564608863326 2 51.0
10 4.534190673892226 16 51.0
11 8.295846494287499 1 49.0
12 6.761976412600692 5 49.0
13 6.309866366791247 7 49.0
14 5.402170510731681 14 47.0
15 5.646990673894088 10 46.0
16 5.706218652216137 8 43.0
17 6.735870510731819 6 43.0
18 0.0 20 29.0
19 5.437866922371176 13 22.0
20 5.678625337533627 9 20.0
1 1.4545457258838412 11 93.0
2 1.0029342866683832 15 79.0
3 4.242630304730544 3 76.0
4 0.35410197327584525 19 73.0
5 0.727357381502955 18 61.0
6 1.9488190327598478 10 60.0
7 2.920124866409549 6 58.0
8 1.0631531435190085 14 55.0
9 2.6020441153647864 7 51.0
10 0.7790219694278933 17 51.0
11 1.3394637031039474 12 49.0
12 6.013777653969086 1 49.0
13 3.1818587012357176 5 49.0
14 0.0 20 47.0
15 4.050180421652879 4 46.0
16 4.581702251980597 2 43.0
17 1.1917297148938975 13 43.0
18 2.15298930264902 8 29.0
19 0.9549442209473735 16 22.0
20 2.067744159984124 9 20.0
1 3.788055132219998 5 93.0
2 2.2849162461844874 13 79.0
3 5.161085884856591 2 76.0
4 2.6599546081278422 11 73.0
5 0.6149897600369458 18 61.0
6 3.1112089254898447 8 60.0
7 4.744922184082352 3 58.0
8 0.949046472824689 17 55.0
9 6.798508925489724 1 51.0
10 3.6171371977422044 7 51.0
11 1.2247373022403747 16 49.0
12 2.459957335991539 12 49.0
13 0.0 20 49.0
14 0.4211747089790068 19 47.0
15 2.6967892455690805 10 46.0
16 2.119350582041947 14 43.0
17 1.228412115717539 15 43.0
18 4.455302184082367 4 29.0
19 2.852686246184471 9 22.0
20 3.740945021829694 6 20.0
1 1.0290724739844723 15 93.0
2 1.5903062808441095 11 79.0
3 4.849096695677242 1 76.0
4 2.7549491513361106 6 73.0
5 0.0 20 61.0
6 0.30684123699220955 19 60.0
7 2.94291449910333 4 58.0
8 0.49439560413513406 17 55.0
9 2.3354999999999313 8 51.0
10 1.2997378823829069 14 51.0
11 2.158709778686389 10 49.0
12 2.985472995518986 3 49.0
13 3.3646999999999316 2 49.0
14 1.452553237181809 12 47.0
15 1.328521782571792 13 46.0
16 2.441145569029102 7 43.0
17 2.8450784908567837 5 43.0
18 2.201008998206747 9 29.0
19 0.46381902150679255 18 22.0
20 0.6808600073478317 16 20.0
1 11.34238142841774 3 93.0
2 0.0 20 79.0
3 11.217557142961818 4 76.0
4 10.231199999861508 5 73.0
5 10.143497000045972 6 61.0
6 8.810580000004096 15 60.0
7 9.459721428413863 9 58.0
8 3.548500000058323 18 55.0
9 11.946244285884813 2 51.0
10 9.424184285545678 10 51.0
11 13.55728142862004 1 49.0
12 1.1300000000158503 19 49.0
13 9.022300000057616 12 49.0
14 7.303541428588035 17 47.0
15 8.821308571018875 14 46.0
16 9.27834142856986 11 43.0
17 9.583741428635694 8 43.0
18 8.128768571415693 16 29.0
19 9.010698571564822 13 22.0
20 9.99918142915617 7 20.0
1 4.321430258650003 6 93.0
2 1.1546423935726278 19 79.0
3 3.8256000003468027 8 76.0
4 1.8040760491993109 16 73.0
5 2.148574049221846 14 61.0
6 4.17625715402724 7 60.0
7 1.5200300002981895 18 58.0
8 4.880574049099959 5 55.0
9 6.0912795990096456 2 51.0
10 5.474407969036784 3 51.0
11 6.970771112596723 1 49.0
12 3.7453338296678758 9 49.0
13 5.203191228969248 4 49.0
14 0.0 20 47.0
15 2.932617024937169 10 46.0
16 2.307854786832784 13 43.0
17 2.857875049198352 11 43.0
18 1.8049619667228152 15 29.0
19 1.62579999821661 17 22.0
20 2.7121711125529435 12 20.0
1 2.7812529901049876 12 93.0
2 1.0682906534734724 19 79.0
3 3.379459897504417 8 76.0
4 3.027075458798288 10 73.0
5 0.0 20 61.0
6 2.85670649334423 11 60.0
7 3.7478641961340187 7 58.0
8 7.815935344739021 3 55.0
9 2.7454958357969352 13 51.0
10 6.052835344738959 4 51.0
11 4.514759795008848 5 49.0
12 4.098821306947236 6 49.0
13 3.36469999999975 9 49.0
14 2.0208678524585717 17 47.0
15 2.4189638237341513 15 46.0
16 8.688665344739007 2 43.0
17 9.762435344739021 1 43.0
18 2.7366273173804956 14 29.0
19 2.0353277515404575 16 22.0
20 1.2339683168418683 18 20.0
1 2.7022656140527452 10 93.0
2 1.4106503648658208 16 79.0
3 4.080318030278196 3 76.0
4 2.979365614052745 8 73.0
5 0.6769053825915581 19 61.0
6 3.0519004465036526 7 60.0
7 2.2200870740810803 12 58.0
8 4.459395018796039 2 55.0
9 6.648953693117479 1 51.0
10 2.8911584668631956 9 51.0
11 3.9387977171004516 5 49.0
12 3.9646284190562464 4 49.0
13 3.4193080302781977 6 49.0
14 0.0 20 47.0
15 1.2070244457992674 18 46.0
16 2.5990319187887327 11 43.0
17 2.0008959820022296 13 43.0
18 1.8723011025647343 14 29.0
19 1.3777855122552116 17 22.0
20 1.4665935154121659 15 20.0
1 5.052033223395619 16 93.0
2 6.757229549875202 10 79.0
3 9.044506327655743 2 76.0
4 6.867655759577891 9 73.0
5 3.0597000000003005 19 61.0
6 7.1870175353354115 6 60.0
7 6.454899999998267 12 58.0
8 6.295889715116827 15 55.0
9 9.435098649626543 1 51.0
10 4.732815097630146 17 51.0
11 8.928413847120023 4 49.0
12 6.518660119134752 11 49.0
13 6.923427538027632 8 49.0
14 0.0 20 47.0
15 8.548267536233505 5 46.0
16 8.936988243761062 3 43.0
17 7.014049099749377 7 43.0
18 6.33541931108625 14 29.0
19 6.361220884163424 13 22.0
20 4.460260119134838 18 20.0
1 1.847896090298631 13 93.0
2 0.6632875965084131 18 79.0
3 3.198612178338945 7 76.0
4 4.0578966238023595 3 73.0
5 1.4700567457685132 15 61.0
6 0.6909281255359496 17 60.0
7 2.6961278250702856 12 58.0
8 1.7064630500772182 14 55.0
9 4.151192110784572 2 51.0
10 3.0013034621067103 9 51.0
11 4.431160963232957 1 49.0
12 1.053676090298631 16 49.0
13 3.269201540441117 5 49.0
14 0.0 20 47.0
15 3.3022305901879196 4 46.0
16 2.898657550252989 10 43.0
17 3.214296231141941 6 43.0
18 3.131251644412897 8 29.0
19 2.712785929312446 11 22.0
20 0.17256096323295944 19 20.0
1 5.390303389957486 6 93.0
2 4.569400473270578 11 79.0
3 5.902422451834612 5 76.0
4 5.257327694003149 7 73.0
5 0.9350315052747402 19 61.0
6 0.0 20 60.0
7 2.6929342473595757 16 58.0
8 1.9001047816773138 17 55.0
9 8.708400473280644 1 51.0
10 1.7738657526320294 18 51.0
11 6.1864506563733395 4 49.0
12 5.158536981050619 8 49.0
13 4.1256996813425415 13 49.0
14 3.4656504658279528 15 47.0
15 6.198715593302878 3 46.0
16 6.604876150078715 2 43.0
17 5.0715290857733475 9 43.0
18 3.9994315053303002 14 29.0
19 4.32235029022809 12 22.0
20 4.605850465844677 10 20.0
1 2.320436872425995 7 93.0
2 0.9875404289860051 14 79.0
3 2.019404321607119 8 76.0
4 0.0 20 73.0
5 0.5730100601148194 16 61.0
6 0.1401073800270458 19 60.0
7 0.16525560152756413 18 58.0
8 1.4846556015275192 11 55.0
9 4.493333522966881 2 51.0
10 7.4739202579765225 1 51.0
11 2.6060202579765623 5 49.0
12 0.7059782562340435 15 49.0
13 1.3098203869801912 13 49.0
14 1.8857756015275626 9 47.0
15 4.131373072399468 3 46.0
16 2.6008516324495905 6 43.0
17 1.5655019157636407 10 43.0
18 1.4505688157997243 12 29.0
19 2.836159972412728 4 22.0
20 0.5650114951243932 17 20.0
1 2.3303999999999987 13 93.0
2 3.9621789247941064 10 79.0
3 4.92281531780766 6 76.0
4 1.930581409177684 14 73.0
5 1.8284232730020447 15 61.0
6 6.998787985348275 2 60.0
7 4.014117985351058 9 58.0
8 0.0 20 55.0
9 10.686087985347392 1 51.0
10 6.770967045884504 3 51.0
11 3.827180803730684 11 49.0
12 4.394181409187837 8 49.0
13 5.529177188106625 5 49.0
14 1.4315214091794788 16 47.0
15 0.13906162680031686 19 46.0
16 6.375687985352419 4 43.0
17 4.407531103207939 7 43.0
18 3.432500000001461 12 29.0
19 0.7223808037026216 18 22.0
20 0.9257424499039488 17 20.0
1 7.17770888051667 9 93.0
2 3.999752328310025 18 79.0
3 10.427364955866556 1 76.0
4 6.001717522066717 16 73.0
5 4.276852328309971 17 61.0
6 7.078647433799693 12 60.0
7 7.78618247793326 8 58.0
8 7.008852328310131 13 55.0
9 3.962100000000005 19 51.0
10 7.128599707212091 10 51.0
11 9.833152328310026 4 49.0
12 9.165562685683554 5 49.0
13 8.050438880516694 6 49.0
14 7.8746416544671085 7 47.0
15 6.391000000000017 14 46.0
16 9.901208880516695 3 43.0
17 10.212297896663065 2 43.0
18 0.0 20 29.0
19 6.208828880516746 15 22.0
20 7.096163570505945 11 20.0
1 4.621996894363472 9 93.0
2 3.9827246444835502 15 79.0
3 7.326234574831215 1 76.0
4 4.199511881306927 12 73.0
5 5.9686435482406806 5 61.0
6 4.0727061255893195 13 60.0
7 2.5968961255865306 18 58.0
8 3.9162961264208245 16 55.0
9 6.668239229762245 3 51.0
10 3.612760384940069 17 51.0
11 4.258599999743459 11 49.0
12 5.519294118722153 7 49.0
13 4.43482307149507 10 49.0
14 3.9941666745194446 14 47.0
15 1.4309000000027061 19 46.0
16 7.025243548318089 2 43.0
17 5.286572255212985 8 43.0
18 6.494659983029033 4 29.0
19 5.789036976376158 6 22.0
20 0.0 20 20.0
1 6.390910000000915 4 93.0
2 1.6801 18 79.0
3 6.347891818182223 5 76.0
4 11.9113 1 73.0
5 2.476820909092412 16 61.0
6 5.385009999996861 7 60.0
7 5.211424090909073 10 58.0
8 5.228600000001966 9 55.0
9 6.87974000000051 3 51.0
10 4.085291818182102 13 51.0
11 9.634045909092055 2 49.0
12 5.056520909091 11 49.0
13 5.686881818181658 6 49.0
14 1.7671050000009965 17 47.0
15 3.8856945454544256 14 46.0
16 3.3986709090920275 15 43.0
17 1.4757100000009133 19 43.0
18 4.155728181815682 12 29.0
19 5.317194090911191 8 22.0
20 0.0 20 20.0
1 1.5610874861669304 18 93.0
2 2.825051535063545 15 79.0
3 5.488329301479483 3 76.0
4 4.269487565964984 11 73.0
5 2.339596518997519 16 61.0
6 4.638620032605728 7 60.0
7 4.244530451540952 12 58.0
8 1.3296506659147975 19 55.0
9 6.001980418271514 1 51.0
10 0.0 20 51.0
11 4.592645670854381 8 49.0
12 4.529943027907859 9 49.0
13 5.060499937121071 5 49.0
14 3.661423521695229 14 47.0
15 1.8787880611976648 17 46.0
16 5.742091465198545 2 43.0
17 3.7096000000000022 13 43.0
18 5.400126216703618 4 29.0
19 4.354892651855569 10 22.0
20 4.801623521695231 6 20.0
1 5.698884240070533 2 93.0
2 2.975384240160198 12 79.0
3 5.535698452755054 3 76.0
4 3.6937646134416005 7 73.0
5 2.3249642400841175 14 61.0
6 3.234004986543272 10 60.0
7 2.037798453518861 15 58.0
8 4.289698453518875 5 55.0
9 6.673103866394557 1 51.0
10 1.7196043998590063 17 51.0
11 4.226700000097143 6 49.0
12 4.904664240087143 4 49.0
13 0.0 20 49.0
14 1.475886746823062 19 47.0
15 1.9074953599119084 16 46.0
16 1.5821007736587263 18 43.0
17 2.602064240084696 13 43.0
18 3.6768350932428393 8 29.0
19 3.1144992268850946 11 22.0
20 3.554595361222121 9 20.0
1 3.566621476103703 11 93.0
2 1.954881685192856 15 79.0
3 4.788724826154208 3 76.0
4 1.0612182706727422 17 73.0
5 3.218156480622728 12 61.0
6 1.3843331268109087 16 60.0
7 3.884040238846895 9 58.0
8 0.40020314883567076 19 55.0
9 4.372029971935448 5 51.0
10 4.290097690564388 6 51.0
11 5.340676546068769 2 49.0
12 4.019807532526685 8 49.0
13 4.127714826201202 7 49.0
14 0.8013231488347503 18 47.0
15 4.683748602496812 4 46.0
16 5.929153135158673 1 43.0
17 3.756827399070615 10 43.0
18 0.0 20 29.0
19 2.2358765460824284 14 22.0
20 2.584389817052875 13 20.0
1 1.6533204745478987 17 93.0
2 4.236737497141343 12 79.0
3 8.824157497139726 1 76.0
4 1.9304204745045972 16 73.0
5 0.0 20 61.0
6 4.899792593174133 10 60.0
7 4.561037689291222 11 58.0
8 6.622812401076853 6 55.0
9 8.375737497141753 2 51.0
10 6.682044559318981 5 51.0
11 5.556299999751941 8 49.0
12 7.4621574971495415 4 49.0
13 4.043537305036229 13 49.0
14 1.4313604745479016 18 47.0
15 7.649836372830754 3 46.0
16 5.1512204745479035 9 43.0
17 6.102428186450007 7 43.0
18 1.2588363728501806 19 29.0
19 2.170142259887636 15 22.0
20 3.1906673051399426 14 20.0
1 6.888865810056494 9 93.0
2 5.059837653630792 13 79.0
3 6.868374078212464 10 76.0
4 7.81027536312946 6 73.0
5 4.337231620111271 15 61.0
6 5.051996480447286 14 60.0
7 7.306226201117226 8 58.0
8 3.8818453072621986 17 55.0
9 9.198837653631522 4 51.0
10 10.117077653631334 3 51.0
11 13.092326201117157 1 49.0
12 13.051930201117434 2 49.0
13 8.86562620111821 5 49.0
14 6.1475207821225295 12 47.0
15 7.465699999998645 7 46.0
16 3.6533028491622215 18 43.0
17 0.0 20 43.0
18 1.0747000000005098 19 29.0
19 6.641348826816271 11 22.0
20 4.2149776536314905 16 20.0
1 3.9473337363906 13 93.0
2 4.555087510417243 10 79.0
3 7.727805653199214 1 76.0
4 2.194081272345347 17 73.0
5 0.0 20 61.0
6 2.763277297866332 16 60.0
7 5.575968129787199 6 58.0
8 7.08613846277243 4 55.0
9 7.552033736392006 2 51.0
10 6.047581272345583 5 51.0
11 5.556300000000098 7 49.0
12 4.657681272349143 9 49.0
13 7.3632384627715 3 49.0
14 1.6950212723461466 18 47.0
15 4.428265209996363 11 46.0
16 4.700047831750795 8 43.0
17 3.680081272346146 14 43.0
18 1.2484608359544556 19 29.0
19 3.594291057645293 15 22.0
20 4.303020665070401 12 20.0
1 3.047223979984676 8 93.0
2 1.0038584517544893 15 79.0
3 4.914514647023022 2 76.0
4 2.1930340601709184 10 73.0
5 0.005191879865765969 19 61.0
6 0.9737452986445181 16 60.0
7 1.9969649651962342 11 58.0
8 0.6224656092906431 18 55.0
9 5.290395321446677 1 51.0
10 1.2119428277873343 14 51.0
11 1.6701115692177 13 49.0
12 3.2137534655860622 5 49.0
13 4.155816279522519 3 49.0
14 0.785989806109628 17 47.0
15 1.7592475590257344 12 46.0
16 3.294189340273298 4 43.0
17 3.1374964016232436 7 43.0
18 3.1759240698016433 6 29.0
19 0.0 20 22.0
20 2.5653393402732974 9 20.0
1 4.407189431376219 14 93.0
2 0.0 20 79.0
3 4.411499999999799 13 76.0
4 3.030901807652582 18 73.0
5 2.5669401404001317 19 61.0
6 5.713139898210495 5 60.0
7 5.3275042681627305 8 58.0
8 5.119679045277547 10 55.0
9 6.173689999999832 3 51.0
10 5.59956839593517 6 51.0
11 8.12324014040005 1 49.0
12 3.5821374271656756 16 49.0
13 3.7504900000008954 15 49.0
14 3.350589431379958 17 47.0
15 5.2955401404002895 9 46.0
16 6.051406458407789 4 43.0
17 4.516901807651641 12 43.0
18 5.05146056862116 11 29.0
19 6.8263896946298175 2 22.0
20 5.573501807648201 7 20.0
1 3.3444662418126154 7 93.0
2 2.713912064107234 10 79.0
3 4.51891397875575 2 76.0
4 0.1699693447468129 19 73.0
5 0.8059974956636309 18 61.0
6 3.3926153215035857 5 60.0
7 1.7377662665234843 15 58.0
8 3.9974988771828937 4 55.0
9 4.644912063802577 1 51.0
10 2.2902350107947864 13 51.0
11 3.104800002001448 8 49.0
12 2.2978894084686248 12 49.0
13 4.274598909923352 3 49.0
14 1.0630624855819875 17 47.0
15 3.356752081636145 6 46.0
16 2.8025987832492243 9 43.0
17 1.908069169613436 14 43.0
18 1.5036693982417155 16 29.0
19 0.0 20 22.0
20 2.601661682788039 11 20.0
1 3.093285886859939 13 93.0
2 1.4087717197386893 17 79.0
3 5.632418897613338 1 76.0
4 4.2815904351313225 8 73.0
5 2.009470949029599 16 61.0
6 2.1935243577671604 15 60.0
7 3.2337771529245147 11 58.0
8 2.6898187423113358 14 55.0
9 5.334258444125405 2 51.0
10 5.29654055829841 3 51.0
11 4.697773963674735 5 49.0
12 4.145492798521575 9 49.0
13 0.6064990509751902 19 49.0
14 3.782530435137395 10 47.0
15 0.6869653086761884 18 46.0
16 5.144403963684918 4 43.0
17 4.669231218336204 6 43.0
18 3.190528101949419 12 29.0
19 4.332229435137393 7 22.0
20 0.0 20 20.0
1 3.5633197272579165 7 93.0
2 1.600344172118746 15 79.0
3 3.496346043036977 9 76.0
4 6.70399222138366 2 73.0
5 1.6643022213836567 14 61.0
6 1.0002588046257697 17 60.0
7 4.10415776474842 5 58.0
8 2.208797221397901 13 55.0
9 2.7854582846766984 11 51.0
10 4.9414072214303415 3 51.0
11 3.918429064582403 6 49.0
12 9.167592221395578 1 49.0
13 2.8353360430737706 10 49.0
14 2.3429077881945513 12 47.0
15 0.12261000000225497 19 46.0
16 0.0 20 43.0
17 3.496346043044162 8 43.0
18 4.728702221395578 4 29.0
19 0.47404587258417274 18 22.0
20 1.1756839569192938 16 20.0
1 1.9748000000000285 14 93.0
2 2.470798602026562 10 79.0
3 3.4255560267004137 7 76.0
4 1.683113668581218 16 73.0
5 0.0 20 61.0
6 1.3525612077250602 18 60.0
7 2.5753487943417688 9 58.0
8 1.8931183030325376 15 55.0
9 4.1906119110981495 2 51.0
10 2.331593210028328 12 51.0
11 8.337057341705568 1 49.0
12 2.1442617199199896 13 49.0
13 4.1103573417058925 4 49.0
14 1.031000415265997 19 47.0
15 2.948667700822436 8 46.0
16 3.724432299177433 5 43.0
17 3.6835727676776147 6 43.0
18 4.145399530813004 3 29.0
19 2.435905184701994 11 22.0
20 1.428904904875747 17 20.0
1 1.499738464962071 13 93.0
2 0.0 20 79.0
3 4.696458703811748 1 76.0
4 2.444964723630835 9 73.0
5 1.2167476951171414 14 61.0
6 0.7825666837942176 16 60.0
7 0.781436701755992 17 58.0
8 1.0564131754443582 15 55.0
9 4.469866694338739 2 51.0
10 1.5657723794185792 10 51.0
11 3.2900906404205004 3 49.0
12 2.8609557864527995 8 49.0
13 1.500712459313457 12 49.0
14 0.6469451770929986 19 47.0
15 2.99306004061314 7 46.0
16 3.2158287556825425 5 43.0
17 3.224828942259248 4 43.0
18 3.1944473524155077 6 29.0
19 0.6820402505654783 18 22.0
20 1.5299356706769398 11 20.0
1 5.175474571299611 3 93.0
2 2.9588068418193694 15 79.0
3 6.469095438464788 2 76.0
4 0.0 20 73.0
5 1.6805038956069565 19 61.0
6 4.4387023007193465 6 60.0
7 3.7253624705131645 10 58.0
8 3.258703807965686 13 55.0
9 3.8269620586028434 8 51.0
10 4.6510045616196045 5 51.0
11 7.390374571319462 1 49.0
12 3.7606542285441407 9 49.0
13 5.045203895544289 4 49.0
14 2.427478954474926 16 47.0
15 4.110972300796809 7 46.0
16 3.2207999999778067 14 43.0
17 3.68480305439472 11 43.0
18 3.4875338782477656 12 29.0
19 2.1798620585756954 17 22.0
20 2.1139468418038074 18 20.0
1 1.7503133758124356 11 93.0
2 0.8175695358204538 14 79.0
3 7.459503231744293 1 76.0
4 1.213682943607999 12 73.0
5 0.06944894302978089 19 61.0
6 0.47283689569298115 17 60.0
7 0.2465770220031278 18 58.0
8 0.6605368278277348 16 55.0
9 3.3992886910891356 5 51.0
10 2.7385770220031636 9 51.0
11 3.4714232558208296 3 49.0
12 3.0785183039804123 8 49.0
13 2.263996755125535 10 49.0
14 0.0 20 47.0
15 3.851377022003126 2 46.0
16 3.469193087676163 4 43.0
17 3.1155833039806136 6 43.0
18 3.1107868326647687 7 29.0
19 0.7789457400257109 15 22.0
20 1.1196834375488784 13 20.0
1 2.030344017038634 15 93.0
2 0.9777069966393306 18 79.0
3 4.68874714453755 2 76.0
4 3.458883375335358 10 73.0
5 0.0 20 61.0
6 1.8625957175838046 16 60.0
7 2.918461375575026 11 58.0
8 2.435387930049551 13 55.0
9 4.881377933877509 1 51.0
10 3.9206583996545863 9 51.0
11 4.039763796633738 8 49.0
12 4.150654200236634 7 49.0
13 2.4065050733111155 14 49.0
14 2.7227517658517417 12 47.0
15 4.278817570593549 6 46.0
16 4.342076098144163 4 43.0
17 0.2771000000000021 19 43.0
18 4.559226641783141 3 29.0
19 1.7891337644651548 17 22.0
20 4.329149008679084 5 20.0
1 2.7616305398393854 13 93.0
2 2.2079832455596673 17 79.0
3 5.366319736679004 1 76.0
4 2.350211796671612 14 73.0
5 0.7519831572234739 19 61.0
6 1.9809233646453512 18 60.0
7 3.491171521296957 7 58.0
8 2.8107055671856807 12 55.0
9 5.084790921509977 3 51.0
10 0.0 20 51.0
11 4.533347038075192 4 49.0
12 2.2543660533544974 16 49.0
13 3.737899999999999 6 49.0
14 2.298397200033576 15 47.0
15 3.1744950072005107 11 46.0
16 3.845113994021662 5 43.0
17 3.4376909215099776 9 43.0
18 3.4010469738366593 10 29.0
19 5.112533946645501 2 22.0
20 3.438597200033577 8 20.0
1 3.1383065200105684 7 93.0
2 0.0 20 79.0
3 4.881410026927087 4 76.0
4 5.023023536627074 3 73.0
5 2.2440136272226874 12 61.0
6 2.6963243961944054 10 60.0
7 1.3288689926721116 18 58.0
8 3.4080976887672403 6 55.0
9 5.149665042884628 2 51.0
10 5.447943536627077 1 51.0
11 3.996133203147042 5 49.0
12 1.563385435620183 17 49.0
13 2.666536475045955 11 49.0
14 0.7522295656781397 19 47.0
15 1.7278089154254523 16 46.0
16 2.0238293804660668 13 43.0
17 1.8091464975282667 15 43.0
18 1.8964979853442312 14 29.0
19 2.849706045886954 9 22.0
20 2.956278450384844 8 20.0
1 6.999714023613906 3 93.0
2 0.1589609430611696 19 79.0
3 3.8139024556531425 9 76.0
4 4.109242455652727 7 73.0
5 0.0 20 61.0
6 7.499097768819526 1 60.0
7 3.3850968201048066 10 58.0
8 2.346056533218991 13 55.0
9 2.9087095171433135 12 51.0
10 1.551302455650554 14 51.0
11 4.386342455652628 6 49.0
12 1.0278386834627016 15 49.0
13 4.02983868346103 8 49.0
14 0.8281749112661201 16 47.0
15 7.171367768811838 2 46.0
16 0.29015682010480726 18 43.0
17 6.099210278400839 5 43.0
18 3.360453598977112 11 29.0
19 0.45507622785139645 17 22.0
20 6.410035683884606 4 20.0
1 0.6390100624988271 15 93.0
2 1.4863401249990855 13 79.0
3 2.7426658749996973 6 76.0
4 0.9010400000001688 14 73.0
5 1.7670658124984617 10 61.0
6 0.0 20 60.0
7 2.7501333750007193 5 58.0
8 3.00251224999982 4 55.0
9 4.383291500001185 1 51.0
10 0.4800658750019451 16 51.0
11 1.7461011250001603 11 49.0
12 0.27912293749964623 18 49.0
13 3.0890286874989346 3 49.0
14 0.40198000000006373 17 47.0
15 1.565254499998041 12 46.0
16 2.5429401250042907 7 43.0
17 2.387040000000019 8 43.0
18 3.9408658749996976 2 29.0
19 0.2117200000000674 19 22.0
20 2.2361586875002857 9 20.0
1 1.8667640974237332 10 93.0
2 1.1382280281990578 13 79.0
3 6.2472787972259995 1 76.0
4 1.4659810484444638 12 73.0
5 0.432927860309412 18 61.0
6 0.5649410484444632 17 60.0
7 3.5175299228352315 3 58.0
8 2.7605414350600412 5 55.0
9 4.960058564939963 2 51.0
10 0.9939122365348834 14 51.0
11 2.420951222961919 8 49.0
12 0.9068625034792701 16 49.0
13 2.4351697839966224 6 49.0
14 0.9519565575551354 15 47.0
15 1.6100067749839777 11 46.0
16 2.423949476115102 7 43.0
17 3.4695964448707084 4 43.0
18 0.24228827949029874 19 29.0
19 2.0346357912450492 9 22.0
20 0.0 20 20.0
1 2.119904956506475 17 93.0
2 2.5813195331692764 12 79.0
3 6.7840607843672025 2 76.0
4 3.394588458128595 8 73.0
5 1.7737532428270426 18 61.0
6 2.470647926313597 14 60.0
7 8.23520176319396 1 58.0
8 4.2325854297676 6 55.0
9 5.014401763194008 4 51.0
10 2.5183350682593697 13 51.0
11 3.341805012382982 9 49.0
12 5.300507579644515 3 49.0
13 4.110884373880846 7 49.0
14 2.3322155049338353 15 47.0
15 2.1950655711475777 16 46.0
16 2.795435068259086 11 43.0
17 2.8325145702329495 10 43.0
18 4.838153242827072 5 29.0
19 0.874515504934537 19 22.0
20 0.0 20 20.0
1 3.25965431372833 8 93.0
2 1.1108856862781737 16 79.0
3 5.2628543137504495 1 76.0
4 3.4129677244857817 7 73.0
5 1.2848543137291224 14 61.0
6 3.4712768482216845 6 60.0
7 2.302595894454003 11 58.0
8 4.016854313724517 4 55.0
9 2.9413477245306274 9 51.0
10 1.1893677245232757 15 51.0
11 2.735709675640854 10 49.0
12 3.5690874752003197 5 49.0
13 4.1331494335638475 3 49.0
14 0.19264568627276146 19 47.0
15 0.0 20 46.0
16 1.4664677245250881 13 43.0
17 4.898967724531905 2 43.0
18 1.6172236359162964 12 29.0
19 0.9595777245250916 17 22.0
20 0.36774165577556106 18 20.0
1 2.9732918156182104 10 93.0
2 0.0 20 79.0
3 3.0512532342339402 8 76.0
4 1.7476018490785155 16 73.0
5 0.34609838808895566 19 61.0
6 2.8685301590609864 11 60.0
7 1.3274933977361265 17 58.0
8 3.5484999999999687 6 55.0
9 4.822519760124985 1 51.0
10 3.7719249394314307 5 51.0
11 4.630754194044483 2 49.0
12 2.056343397736109 14 49.0
13 3.050520811161449 9 49.0
14 3.9496199999999972 4 47.0
15 3.224968891844902 7 46.0
16 4.250074164479423 3 43.0
17 1.826257757437656 15 43.0
18 0.464367451785928 18 29.0
19 2.2026925192580973 13 22.0
20 2.719218181982541 12 20.0
1 5.761728849457358 4 93.0
2 3.36024380049897 16 79.0
3 11.379064205558858 1 76.0
4 2.7953286759206595 18 73.0
5 4.2201059885062575 12 61.0
6 4.178439522590921 13 60.0
7 3.7846997351903173 14 58.0
8 3.353751710401373 17 55.0
9 6.6143663590155555 2 51.0
10 4.523141500756671 8 51.0
11 4.257521428585228 11 49.0
12 4.312173056727545 10 49.0
13 5.055861662727016 6 49.0
14 2.225759593453951 19 47.0
15 3.7387336409763154 15 46.0
16 6.423464205560108 3 43.0
17 4.658641428592785 7 43.0
18 0.0 20 29.0
19 5.615163434731121 5 22.0
20 4.418528849456402 9 20.0
1 2.44011961786735 7 93.0
2 0.0 20 79.0
3 4.732376415754113 1 76.0
4 1.176793677223854 12 73.0
5 0.2640148225820933 17 61.0
6 0.7172091224177113 14 60.0
7 1.4568840497492266 10 58.0
8 2.6160765787393783 6 55.0
9 4.412633313863161 2 51.0
10 1.1032956959691984 13 51.0
11 3.9387363284292647 3 49.0
12 3.02965570714038 4 49.0
13 1.2512078427108937 11 49.0
14 0.21155705343547293 19 47.0
15 0.44143821967058927 15 46.0
16 1.6030502431320701 9 43.0
17 1.8735643878727282 8 43.0
18 2.9482643771394192 5 29.0
19 0.21924307592242354 18 22.0
20 0.4006647434856949 16 20.0
1 2.61144348285067 8 93.0
2 1.2274537757368347 17 79.0
3 4.08774311902088 3 76.0
4 1.346662147546104 15 73.0
5 0.7210154572523215 18 61.0
6 1.8849680522987355 12 60.0
7 3.4608898932046115 4 58.0
8 1.7285580163867629 14 55.0
9 4.439749108841743 1 51.0
10 3.1140336069490884 5 51.0
11 4.280583620730743 2 49.0
12 2.7450525986197993 6 49.0
13 2.3130077816294468 9 49.0
14 0.0 20 47.0
15 2.7147706030720427 7 46.0
16 1.9521074649367178 11 43.0
17 2.260569794989264 10 43.0
18 1.8724270054413557 13 29.0
19 1.2598118193023884 16 22.0
20 0.5163451428188959 19 20.0
1 3.6988997332510007 9 93.0
2 2.3470923925274914 18 79.0
3 6.133955316077337 1 76.0
4 2.748381972136917 16 73.0
5 2.7650723440530203 15 61.0
6 2.8521449394646656 14 60.0
7 3.33566125780664 12 58.0
8 3.8670272802375885 8 55.0
9 5.854377656628539 2 51.0
10 4.546290640591948 5 51.0
11 4.460882191566299 6 49.0
12 5.231756272087796 3 49.0
13 1.5394820252174304 19 49.0
14 0.0 20 47.0
15 3.4821161170327146 10 46.0
16 4.666289565036585 4 43.0
17 4.291954705136017 7 43.0
18 2.721227660633411 17 29.0
19 3.0782272961814385 13 22.0
20 3.3623776623895982 11 20.0
1 10.176580334970506 3 93.0
2 7.063579116183943 15 79.0
3 10.714569030585274 2 76.0
4 10.10538973617303 5 73.0
5 7.897969030675943 12 61.0
6 6.097693920125202 17 60.0
7 7.182899999994432 14 58.0
8 4.681986828132297 18 55.0
9 3.9621000000015085 19 51.0
10 9.271012644063955 9 51.0
11 10.163700000026234 4 49.0
12 10.099807085246075 6 49.0
13 7.360828652884132 13 49.0
14 9.143326864755874 10 47.0
15 7.0292610121094645 16 46.0
16 12.900080334964564 1 43.0
17 9.447730334942534 7 43.0
18 0.0 20 29.0
19 9.336540669984615 8 22.0
20 7.931787306014494 11 20.0
1 4.965959349301044 6 93.0
2 2.7414087962953717 16 79.0
3 7.572770552623327 2 76.0
4 2.8349400413570547 15 73.0
5 2.9058055735359334 14 61.0
6 1.9116129320984623 18 60.0
7 4.997398698984361 5 58.0
8 2.17876323501588 17 55.0
9 4.507004162207873 10 51.0
10 4.867899999999997 7 51.0
11 0.0 20 49.0
12 4.78235749962257 8 49.0
13 5.083453857253855 4 49.0
14 3.7148586175079417 12 47.0
15 10.980346925331837 1 46.0
16 5.635033157382251 3 43.0
17 3.4043297153948617 13 43.0
18 4.589346925331842 9 29.0
19 3.973644398147697 11 22.0
20 1.8437358641969301 19 20.0
1 2.809147028249988 9 93.0
2 0.0 20 79.0
3 5.370185660120952 3 76.0
4 0.37385082552205784 19 73.0
5 1.455598051242414 16 61.0
6 2.3338784411282383 13 60.0
7 1.8722856601209485 15 58.0
8 2.409175622575569 12 55.0
9 6.000821940686855 2 51.0
10 0.8921830581593133 18 51.0
11 5.271658049765023 4 49.0
12 2.740904672903471 11 49.0
13 6.0682554694026525 1 49.0
14 1.9683618645704732 14 47.0
15 4.167649074234841 5 46.0
16 2.9923303806673607 8 43.0
17 3.5357644156779715 6 43.0
18 2.776043171234974 10 29.0
19 1.3387599571677429 17 22.0
20 3.0132016510441204 7 20.0
1 5.021013425025633 11 93.0
2 3.3373739112322065 19 79.0
3 7.678066886817825 3 76.0
4 4.44716103831496 13 73.0
5 3.855558845192583 16 61.0
6 4.3512694788651824 14 60.0
7 7.239678671039407 5 58.0
8 0.0 20 55.0
9 7.817061549777672 2 51.0
10 7.36036947886517 4 51.0
11 5.9511298048414005 8 49.0
12 7.985717119836297 1 49.0
13 5.456864056862345 9 49.0
14 3.71551285154674 17 47.0
15 3.6573171198362537 18 46.0
16 5.117457124726312 10 43.0
17 6.016077004862534 7 43.0
18 6.210761372536869 6 29.0
19 3.9496999999999503 15 22.0
20 4.855712851546754 12 20.0
1 2.3355291980099326 16 93.0
2 3.3294339289930623 9 79.0
3 6.271798649117937 2 76.0
4 0.0 20 73.0
5 1.5982495438779352 19 61.0
6 2.8012634290618745 13 60.0
7 4.728101510208732 5 58.0
8 3.998771248480412 8 55.0
9 5.6507409942256075 4 51.0
10 3.022844512784466 11 51.0
11 5.894971098392518 3 49.0
12 2.605094181263932 14 49.0
13 3.012812998775102 12 49.0
14 2.2035892563922332 17 47.0
15 3.263213928256228 10 46.0
16 4.015272154820028 7 43.0
17 4.338851628389359 6 43.0
18 1.857201024135138 18 29.0
19 6.39117137934457 1 22.0
20 2.542600000000001 15 20.0
1 6.328099999591752 8 93.0
2 10.282869999941958 4 79.0
3 11.077099999704782 2 76.0
4 10.559970000031896 3 73.0
5 5.149000000273139 11 61.0
6 3.4748999997470924 16 60.0
7 8.079599999827312 5 58.0
8 4.3533000001254445 14 55.0
9 1.671959999968168 18 51.0
10 2.5901999999097587 17 51.0
11 11.110499999812397 1 49.0
12 3.8817999997612844 15 49.0
13 6.883800000637391 6 49.0
14 4.754419999922243 13 47.0
15 6.328100000693877 7 46.0
16 5.621100000684674 9 43.0
17 5.426099998486008 10 43.0
18 1.4029000000031733 19 29.0
19 0.0 20 22.0
20 4.984900000036128 12 20.0
1 5.432367881898044 7 93.0
2 3.1124676927814985 13 79.0
3 9.505314611716637 1 76.0
4 0.9943412076186346 19 73.0
5 3.43669038028136 12 61.0
6 2.8854665983017913 14 60.0
7 6.831890380277528 4 58.0
8 6.660967692786864 5 55.0
9 7.913750431052434 3 51.0
10 2.559537764008792 17 51.0
11 8.320129131086697 2 49.0
12 4.369771403574935 8 49.0
13 6.297437764008966 6 49.0
14 2.8389806273215026 15 47.0
15 4.06295879238193 10 46.0
16 4.216260126758735 9 43.0
17 3.895433300136847 11 43.0
18 0.0 20 29.0
19 2.204675361372718 18 22.0
20 2.665307764010083 16 20.0
1 1.2755441221468 16 93.0
2 1.5738057653044395 13 79.0
3 3.04096874045338 5 76.0
4 2.3427170919192535 10 73.0
5 2.772240187091357 7 61.0
6 1.5076670340631717 14 60.0
7 6.167440187091387 1 58.0
8 0.23276083583157003 18 55.0
9 3.9015310625513067 2 51.0
10 0.7085991416596973 17 51.0
11 3.30970163999307 3 49.0
12 2.914310823364766 6 49.0
13 2.6204169807914335 8 49.0
14 0.0 20 47.0
15 0.1413639083115279 19 46.0
16 3.2859715306091415 4 43.0
17 1.9473895467815865 12 43.0
18 2.4265999999997883 9 29.0
19 2.073420374182943 11 22.0
20 1.5049022833196384 15 20.0
1 0.8400027509829799 19 93.0
2 1.3480572489774816 17 79.0
3 8.502393933660107 1 76.0
4 2.5159344979476987 12 73.0
5 2.35445174718899 14 61.0
6 5.673807511155072 6 60.0
7 6.434772489364802 4 58.0
8 5.5173975101702055 7 55.0
9 7.030184649217467 3 51.0
10 2.9408544978520155 10 51.0
11 2.5517055022197996 11 49.0
12 7.152008211948829 2 49.0
13 1.3070344979283663 18 49.0
14 5.921275364341792 5 47.0
15 3.8520282532163086 9 46.0
16 2.144228253217151 15 43.0
17 2.449628252321876 13 43.0
18 1.9421027510331241 16 29.0
19 5.383084649361519 8 22.0
20 0.0 20 20.0
1 2.8636703164445647 17 93.0
2 3.1035090412697715 16 79.0
3 7.213790986666696 1 76.0
4 4.085247091174699 14 73.0
5 4.264156441142832 11 61.0
6 4.854666441142936 6 60.0
7 3.171709045968247 15 58.0
8 4.0876890506666985 13 55.0
9 6.464152932063415 2 51.0
10 4.193109041269846 12 51.0
11 5.112006347936641 5 49.0
12 5.897549699301534 4 49.0
13 4.852144525333323 7 49.0
14 1.4576999999999414 19 47.0
15 2.725685158222192 18 46.0
16 4.852117553396751 8 43.0
17 4.450998758857283 10 43.0
18 4.4531257911107005 9 29.0
19 0.0 20 22.0
20 6.013290986666649 3 20.0
1 1.9098284924876432 13 93.0
2 0.9326465616202486 16 79.0
3 5.344146561621587 5 76.0
4 1.9674712283479932 12 73.0
5 0.3580562162836314 18 61.0
6 0.0 20 60.0
7 3.682705741101998 6 58.0
8 0.9879629661329021 15 55.0
9 5.530707913832761 4 51.0
10 0.820268439983127 17 51.0
11 6.033986967273015 2 49.0
12 6.855365498692035 1 49.0
13 0.21172000000065472 19 49.0
14 2.397607913829328 11 47.0
15 3.3887400301163617 8 46.0
16 5.5537897786764185 3 43.0
17 2.9740574922832748 9 43.0
18 1.1541054154635872 14 29.0
19 2.4219960920462795 10 22.0
20 3.4390146946702513 7 20.0
1 4.229300000027619 7 93.0
2 1.5057999999575131 16 79.0
3 4.9684899999507515 2 76.0
4 2.1698130000061453 12 73.0
5 2.082109999993766 14 61.0
6 1.7156200000049775 15 60.0
7 1.470590000014565 17 58.0
8 0.0 20 55.0
9 4.520070000030452 5 51.0
10 4.724719999994976 4 51.0
11 2.1157699999907593 13 49.0
12 2.6358000000174333 9 49.0
13 5.274419999998846 1 49.0
14 0.5875600000135046 18 47.0
15 4.245889999990487 6 46.0
16 2.5624000000200153 10 43.0
17 3.9059900000212124 8 43.0
18 0.557969999997272 19 29.0
19 2.2204520000025436 11 22.0
20 4.830490000031212 3 20.0
