n1,n2,weight
1,2,9.9338e-01
1,3,2.6004e+00
1,4,1.5273e+00
1,5,4.0441e+00
1,6,2.1564e+00
1,7,3.8695e+00
1,8,3.9936e+00
1,9,2.2080e+00
1,10,3.9068e+00
1,11,4.0033e+00
1,12,3.8007e+00
1,13,3.7083e+00
1,14,4.6712e+00
1,15,5.6789e+00
1,16,5.1127e+00
1,17,2.8868e+00
1,18,2.8435e+00
1,19,4.9480e+00
1,20,4.4293e+00
2,1,-9.8598e-01
2,3,-2.0964e+00
2,4,-4.3141e-01
2,5,-2.6631e-01
2,6,6.1729e-01
2,7,7.6230e-01
2,8,-6.9001e-02
2,9,8.4431e-01
2,10,1.1104e+00
2,11,-3.5764e-01
2,12,9.6553e-02
2,13,1.9972e+00
2,14,1.3872e+00
2,15,-5.6496e-01
2,16,-7.5238e-03
2,17,-6.0462e-01
2,18,8.7816e-01
2,19,3.2533e+00
2,20,2.4229e+00
3,1,-8.7097e-01
3,2,9.8186e-01
3,4,-1.4781e+00
3,5,1.3760e+00
3,6,1.1447e+00
3,7,-1.2393e-01
3,8,5.7031e-01
3,9,1.8832e+00
3,10,3.7222e+00
3,11,1.4342e+00
3,12,1.2328e-01
3,13,1.0524e+00
3,14,3.2148e+00
3,15,2.6642e+00
3,16,4.3447e-01
3,17,2.3223e+00
3,18,1.7923e+00
3,19,2.4891e+00
3,20,1.2299e+00
4,1,-1.4769e+00
4,2,8.8407e-02
4,3,8.4290e-01
4,5,-6.3191e-01
4,6,2.0257e+00
4,7,-6.5703e-01
4,8,6.6401e-02
4,9,2.4384e+00
4,10,2.6317e+00
4,11,-1.0935e+00
4,12,8.9296e-01
4,13,5.3854e-01
4,14,1.4208e+00
4,15,-2.1223e+00
4,16,7.7423e-01
4,17,5.5516e-02
4,18,-1.9557e-01
4,19,2.9674e+00
4,20,-2.8267e-01
5,1,-1.6415e+00
5,2,9.7116e-01
5,3,-4.8544e-01
5,4,-1.4636e+00
5,6,-7.1182e-01
5,7,-1.3123e-02
5,8,6.7105e-01
5,9,-1.4185e-01
5,10,2.4155e+00
5,11,-9.2307e-01
5,12,-4.1312e-01
5,13,3.4867e-02
5,14,3.3415e+00
5,15,-1.0470e+00
5,16,-9.5633e-01
5,17,-6.8898e-01
5,18,-5.1021e-01
5,19,2.0230e+00
5,20,2.2952e+00
6,1,-3.9925e-01
6,2,-5.1285e-01
6,3,9.9076e-03
6,4,-1.3832e+00
6,5,1.8609e+00
6,7,-1.2628e+00
6,8,-8.4368e-01
6,9,-5.2878e-01
6,10,1.1004e+00
6,11,-5.3458e-01
6,12,-5.9255e-01
6,13,9.9588e-01
6,14,1.2480e+00
6,15,2.1969e+00
6,16,7.6260e-01
6,17,-2.7449e-01
6,18,1.6789e-01
6,19,-9.5152e-01
6,20,1.7944e+00
7,1,-4.5538e-01
7,2,-1.1043e+00
7,3,2.4497e-02
7,4,-7.1049e-01
7,5,-4.9671e-02
7,6,3.0164e-01
7,8,2.4357e-02
7,9,4.7335e-01
7,10,-5.3605e-02
7,11,2.4790e+00
7,12,-2.7561e-01
7,13,-3.7158e-01
7,14,2.5261e+00
7,15,-3.8813e-01
7,16,2.1170e+00
7,17,1.2316e+00
7,18,-7.2885e-01
7,19,3.3591e+00
7,20,2.6072e+00
8,1,-6.9341e-01
8,2,-1.2776e+00
8,3,2.1647e+00
8,4,1.2024e+00
8,5,5.4072e-01
8,6,3.4276e+00
8,7,2.0468e+00
8,9,2.4921e+00
8,10,2.9712e+00
8,11,5.8319e-01
8,12,9.9250e-01
8,13,2.1901e+00
8,14,5.6629e+00
8,15,9.1165e-01
8,16,2.8870e+00
8,17,9.2866e-01
8,18,2.9552e+00
8,19,4.5088e+00
8,20,-3.3574e-02
9,1,-1.7010e+00
9,2,-1.6509e+00
9,3,-1.4598e-01
9,4,-2.8108e+00
9,5,-2.3723e+00
9,6,-1.4169e+00
9,7,-5.2267e-01
9,8,-1.7029e+00
9,10,-1.0327e+00
9,11,-1.0117e+00
9,12,-1.1607e+00
9,13,-1.7562e-01
9,14,-1.2908e+00
9,15,-1.1023e+00
9,16,-3.0246e+00
9,17,-1.3583e+00
9,18,-2.8176e+00
9,19,-5.9004e-01
9,20,1.4999e+00
10,1,-1.8342e+00
10,2,-1.1439e+00
10,3,-2.0063e+00
10,4,-1.7792e+00
10,5,-1.4380e+00
10,6,2.0735e-01
10,7,-1.7115e-01
10,8,-3.8685e-02
10,9,1.0567e+00
10,11,-1.5406e-01
10,12,1.5542e+00
10,13,1.3864e+00
10,14,3.0618e+00
10,15,-6.4499e-01
10,16,3.4005e-01
10,17,-8.1604e-01
10,18,-2.0049e-01
10,19,1.6498e+00
10,20,-1.0187e+00
11,1,-6.0380e-01
11,2,4.1201e-01
11,3,-1.1729e+00
11,4,1.6991e-01
11,5,1.6409e+00
11,6,1.3808e+00
11,7,-1.4950e+00
11,8,-7.6428e-01
11,9,9.3836e-01
11,10,2.5899e-01
11,12,-4.0223e-01
11,13,1.5189e+00
11,14,6.5224e-01
11,15,1.0599e+00
11,16,-1.7341e+00
11,17,-1.2187e+00
11,18,-1.3074e+00
11,19,1.6961e-01
11,20,-9.2464e-01
12,1,-2.3432e+00
12,2,5.8511e-01
12,3,-1.2480e+00
12,4,-1.7121e+00
12,5,-6.2198e-01
12,6,-2.1868e-01
12,7,1.4392e+00
12,8,5.4229e-01
12,9,1.7010e-01
12,10,-8.4055e-01
12,11,1.0049e+00
12,13,-4.5232e-01
12,14,1.1777e-01
12,15,-1.5547e+00
12,16,-3.9790e-01
12,17,1.8944e+00
12,18,-1.5063e+00
12,19,6.9161e-01
12,20,1.6556e-01
13,1,-2.0475e+00
13,2,-2.2019e+00
13,3,-7.4046e-01
13,4,-1.5584e+00
13,5,-1.7401e+00
13,6,-1.1064e+00
13,7,-6.6596e-01
13,8,-1.4165e+00
13,9,-2.0672e+00
13,10,1.6135e+00
13,11,-1.9194e+00
13,12,-5.1735e-01
13,14,1.1613e+00
13,15,-6.6267e-01
13,16,-2.0463e+00
13,17,-1.9779e+00
13,18,-9.1275e-01
13,19,1.1274e-01
13,20,1.7264e-01
14,1,-6.6825e-01
14,2,-9.3180e-01
14,3,-2.4706e-01
14,4,-7.7213e-01
14,5,-1.4545e+00
14,6,-1.7173e+00
14,7,-8.7272e-01
14,8,-5.7873e-01
14,9,1.8123e+00
14,10,1.7317e+00
14,11,-1.8846e-01
14,12,4.7713e-01
14,13,-1.9273e+00
14,15,-1.7734e+00
14,16,-1.3619e-01
14,17,-1.0388e+00
14,18,7.5552e-02
14,19,9.7576e-01
14,20,2.3398e+00
15,1,2.4381e-01
15,2,1.5930e+00
15,3,3.7209e-01
15,4,2.1597e+00
15,5,6.8889e-01
15,6,-7.6520e-01
15,7,2.3274e+00
15,8,4.1453e-01
15,9,1.0716e+00
15,10,1.1538e+00
15,11,2.7423e-01
15,12,8.3611e-01
15,13,1.3680e+00
15,14,3.5588e+00
15,16,4.3203e-01
15,17,-2.5719e-01
15,18,9.5710e-01
15,19,3.7409e+00
15,20,4.4600e-01
16,1,-1.6431e+00
16,2,-2.0165e-02
16,3,-8.3113e-01
16,4,-6.8311e-01
16,5,-3.7200e-01
16,6,-1.0579e+00
16,7,-1.2305e+00
16,8,-6.8867e-01
16,9,1.9919e+00
16,10,2.6162e-01
16,11,2.3402e-01
16,12,1.0121e-01
16,13,-5.3621e-01
16,14,1.0181e+00
16,15,-1.8922e+00
16,17,-1.3158e+00
16,18,-2.2118e+00
16,19,-1.0745e-01
16,20,-1.2201e+00
17,1,-2.3856e+00
17,2,-1.5509e+00
17,3,-5.1755e-02
17,4,-2.1900e+00
17,5,-1.4910e+00
17,6,-2.8081e-01
17,7,-1.0602e+00
17,8,-1.0552e+00
17,9,-5.0381e-02
17,10,1.7482e-01
17,11,9.3701e-01
17,12,-6.2475e-02
17,13,-6.0683e-01
17,14,-3.5634e-01
17,15,-1.1178e+00
17,16,-6.6420e-01
17,18,-5.8437e-02
17,19,9.1995e-01
17,20,1.0008e-01
18,1,-2.8512e+00
18,2,-2.3349e+00
18,3,-1.2677e-01
18,4,-1.2441e+00
18,5,-2.0082e+00
18,6,-9.3811e-01
18,7,-1.7045e+00
18,8,-1.7660e+00
18,9,-3.5295e-01
18,10,-2.1271e+00
18,11,-1.7364e+00
18,12,-6.9011e-01
18,13,-8.8193e-01
18,14,-1.6978e+00
18,15,-2.2055e+00
18,16,-1.5661e+00
18,17,-2.2261e+00
18,19,1.9610e+00
18,20,1.1828e+00
19,1,-9.6186e-01
19,2,-1.5825e+00
19,3,2.8882e-01
19,4,-9.4893e-01
19,5,-8.8035e-01
19,6,7.1214e-01
19,7,-2.3669e+00
19,8,-9.2748e-01
19,9,2.2716e+00
19,10,-9.3499e-01
19,11,-1.3579e-01
19,12,-1.0750e-01
19,13,-1.0739e+00
19,14,-1.3692e-01
19,15,-1.4580e+00
19,16,-3.9013e-01
19,17,-1.2206e+00
19,18,-7.1274e-01
19,20,-1.4833e+00
20,1,-1.6435e+00
20,2,-1.1085e+00
20,3,7.2848e-01
20,4,-1.7605e+00
20,5,-1.4346e+00
20,6,5.2913e-01
20,7,-2.2426e+00
20,8,1.5669e+00
20,9,1.2849e+00
20,10,1.3793e-01
20,11,9.8816e-01
20,12,8.7227e-01
20,13,9.1442e-01
20,14,-9.6856e-01
20,15,-1.6428e+00
20,16,-1.0504e+00
20,17,9.5981e-02
20,18,-1.2159e+00
20,19,5.1811e-01
