n1,n2,weight
1,2,-5.8620e+00
1,3,7.1105e-01
1,4,-6.5112e+00
1,5,-4.2612e+00
1,6,-2.7420e+00
1,7,-4.1382e+00
1,8,-5.2151e+00
1,9,4.9713e+00
1,10,4.9229e-01
1,11,-4.6195e-01
1,12,-2.6672e+00
1,13,-2.5069e+00
1,14,-6.5615e+00
1,15,-4.9247e+00
1,16,3.1512e-01
1,17,-1.8631e+00
1,18,-3.7728e+00
1,19,-1.4781e+00
1,20,-6.4353e+00
2,1,2.3057e+00
2,3,7.6290e-01
2,4,-3.1092e+00
2,5,-1.4780e+00
2,6,2.5768e-01
2,7,6.6090e-01
2,8,1.7338e+00
2,9,4.4712e+00
2,10,4.7774e-01
2,11,-1.4264e+00
2,12,1.4256e+00
2,13,2.6095e-01
2,14,-4.3283e+00
2,15,6.2813e-01
2,16,7.2310e-02
2,17,-6.9706e-01
2,18,2.3370e-01
2,19,8.7806e-01
2,20,-1.7590e+00
3,1,-2.4993e+00
3,2,-6.9521e+00
3,4,-4.0185e+00
3,5,-4.5391e+00
3,6,-5.0783e+00
3,7,-5.4717e+00
3,8,-5.2944e+00
3,9,-4.5321e-01
3,10,-4.4582e+00
3,11,-2.0168e+00
3,12,-5.3072e+00
3,13,-5.0210e+00
3,14,-5.5934e+00
3,15,-7.3269e+00
3,16,-6.8422e+00
3,17,6.8073e-01
3,18,-4.4092e+00
3,19,-4.9964e+00
3,20,-4.2077e+00
4,1,-8.9100e-01
4,2,-3.2769e+00
4,3,-1.4741e+00
4,5,-5.6747e-01
4,6,4.1605e-01
4,7,7.8758e-01
4,8,-3.5298e+00
4,9,5.6641e-01
4,10,-1.3269e+00
4,11,-6.1694e-03
4,12,1.0188e+00
4,13,-1.4416e+00
4,14,9.9315e-01
4,15,-9.6173e-01
4,16,1.8711e+00
4,17,3.0514e+00
4,18,-3.4066e+00
4,19,8.2035e-01
4,20,1.3806e-01
5,1,7.9368e-01
5,2,-3.2911e+00
5,3,2.8091e+00
5,4,1.0269e-01
5,6,3.7581e-01
5,7,3.6335e+00
5,8,1.0087e+00
5,9,1.6216e+00
5,10,2.5384e-01
5,11,3.6182e+00
5,12,4.4939e-01
5,13,2.8822e+00
5,14,-4.4684e+00
5,15,7.1328e-01
5,16,9.3140e-01
5,17,1.6911e+00
5,18,-6.0655e-01
5,19,-2.0403e-01
5,20,-2.9580e+00
6,1,4.9294e+00
6,2,-1.6476e+00
6,3,6.1003e-01
6,4,1.2666e-02
6,5,-1.4113e+00
6,7,3.2921e+00
6,8,2.9058e-02
6,9,4.8969e+00
6,10,3.2345e+00
6,11,2.6938e+00
6,12,1.1713e+00
6,13,8.4981e-01
6,14,1.3497e+00
6,15,-7.4403e-01
6,16,3.1849e+00
6,17,-2.2762e+00
6,18,-3.0265e+00
6,19,-3.7632e-01
6,20,1.3473e-01
7,1,-1.0360e+00
7,2,-2.8268e+00
7,3,6.1774e-01
7,4,-2.6199e+00
7,5,-2.4165e+00
7,6,-1.3552e+00
7,8,-2.8397e+00
7,9,1.3528e+00
7,10,2.4426e+00
7,11,-7.2097e-01
7,12,2.4422e+00
7,13,-8.3096e-01
7,14,-1.1800e+00
7,15,-3.0861e+00
7,16,1.8880e+00
7,17,-9.5912e-01
7,18,-6.4688e+00
7,19,3.6365e-01
7,20,-4.5119e-01
8,1,2.7341e+00
8,2,-1.4371e+00
8,3,4.7254e-01
8,4,1.4844e+00
8,5,2.1463e-01
8,6,8.4937e-01
8,7,-8.3913e-01
8,9,2.7526e+00
8,10,8.7659e-01
8,11,-7.2399e-01
8,12,1.6810e-01
8,13,8.3581e-01
8,14,1.9440e+00
8,15,3.9914e-01
8,16,-1.0150e+00
8,17,3.2529e+00
8,18,1.2455e+00
8,19,2.8652e+00
8,20,-1.8066e+00
9,1,-4.3200e+00
9,2,-3.9402e+00
9,3,-3.6970e+00
9,4,-1.5511e+00
9,5,-2.6090e+00
9,6,-2.0176e+00
9,7,1.4488e+00
9,8,-6.4488e-01
9,10,2.7672e+00
9,11,-1.2539e+00
9,12,4.0761e-01
9,13,-3.6379e+00
9,14,-2.9685e+00
9,15,-5.4307e+00
9,16,-3.8594e+00
9,17,-2.2333e-01
9,18,-8.0990e+00
9,19,-2.5723e+00
9,20,-2.3417e+00
10,1,1.3089e+00
10,2,9.6723e-02
10,3,1.4298e+00
10,4,6.6732e-02
10,5,1.0190e+00
10,6,3.0823e-01
10,7,-8.1665e-01
10,8,2.9400e+00
10,9,3.3494e+00
10,11,-7.7671e-01
10,12,-1.0190e+00
10,13,1.5381e+00
10,14,6.0204e-01
10,15,1.2660e+00
10,16,1.3615e+00
10,17,3.9940e+00
10,18,3.2559e+00
10,19,2.7696e+00
10,20,9.8713e-01
11,1,-5.9629e-01
11,2,2.0268e+00
11,3,6.2905e-01
11,4,-1.6579e+00
11,5,-3.6532e+00
11,6,-2.7729e+00
11,7,-6.0271e-01
11,8,1.4944e+00
11,9,5.3384e+00
11,10,4.0625e+00
11,12,2.5732e+00
11,13,-6.6728e-01
11,14,-5.0888e-01
11,15,-1.3983e+00
11,16,1.3401e+00
11,17,1.2527e+00
11,18,-1.0983e+00
11,19,-1.6365e+00
11,20,-3.1052e+00
12,1,1.5242e+00
12,2,1.4066e+00
12,3,5.2014e-01
12,4,-5.1379e-01
12,5,-4.9384e-01
12,6,3.2074e+00
12,7,-5.5325e-01
12,8,-9.0533e-01
12,9,4.3088e+00
12,10,3.2674e+00
12,11,4.1820e-01
12,13,2.3329e+00
12,14,-4.5548e-01
12,15,-2.8159e+00
12,16,1.8578e+00
12,17,1.9900e+00
12,18,-1.2845e+00
12,19,-4.8246e-01
12,20,1.0120e-01
13,1,-1.1651e+00
13,2,-2.8902e+00
13,3,-5.7930e-01
13,4,7.3290e-01
13,5,-1.2583e+00
13,6,1.0159e+00
13,7,1.2055e+00
13,8,2.2037e+00
13,9,3.9481e+00
13,10,-2.3960e-01
13,11,2.8818e+00
13,12,1.0749e+00
13,14,-1.7496e+00
13,15,1.8961e+00
13,16,1.9619e+00
13,17,-8.7315e-01
13,18,1.3044e+00
13,19,1.8433e+00
13,20,1.7211e+00
14,1,3.3426e+00
14,2,-4.3680e-02
14,3,2.6752e+00
14,4,-4.4213e-01
14,5,2.2441e+00
14,6,8.4184e-01
14,7,-1.1189e+00
14,8,2.2511e+00
14,9,2.8470e+00
14,10,-7.2865e-01
14,11,3.3563e-01
14,12,-5.9600e-01
14,13,2.4587e+00
14,15,6.0949e-01
14,16,2.0831e+00
14,17,1.5346e+00
14,18,1.3590e+00
14,19,-1.9823e+00
14,20,1.7559e+00
15,1,1.9568e+00
15,2,3.2943e-01
15,3,2.8327e+00
15,4,-8.8529e-01
15,5,-1.0995e+00
15,6,3.1587e-01
15,7,6.6521e-01
15,8,6.0395e-01
15,9,3.7473e+00
15,10,-2.6041e+00
15,11,7.8842e-01
15,12,2.0623e+00
15,13,1.6963e+00
15,14,-1.7183e+00
15,16,-8.7469e-01
15,17,-1.6260e+00
15,18,-4.9677e+00
15,19,2.2080e+00
15,20,6.9106e-02
16,1,-1.8649e+00
16,2,1.3937e+00
16,3,1.6677e+00
16,4,-4.4598e-01
16,5,-2.8650e+00
16,6,-1.2103e+00
16,7,-1.8633e-01
16,8,-1.2219e+00
16,9,2.8311e+00
16,10,2.2638e+00
16,11,5.8562e-01
16,12,-3.2300e+00
16,13,-4.1362e+00
16,14,-4.7813e-01
16,15,1.0498e-01
16,17,5.1186e-01
16,18,-2.0827e+00
16,19,7.2524e-01
16,20,-1.0959e+00
17,1,1.4306e+00
17,2,2.8662e+00
17,3,-1.4428e+00
17,4,-5.1672e-01
17,5,3.0517e+00
17,6,1.5052e+00
17,7,-1.0291e+00
17,8,1.8540e+00
17,9,3.8891e+00
17,10,3.8231e-01
17,11,3.8732e-01
17,12,1.2811e+00
17,13,1.6553e+00
17,14,5.1717e-01
17,15,1.5046e+00
17,16,8.7094e-01
17,18,3.0900e-01
17,19,8.4956e-02
17,20,-6.6627e-01
18,1,-1.9614e+00
18,2,-2.2262e+00
18,3,-2.4488e-01
18,4,-3.1687e+00
18,5,-1.1942e+00
18,6,-4.0037e-01
18,7,-3.6117e-01
18,8,-9.5269e-01
18,9,8.4125e-01
18,10,-2.2510e+00
18,11,8.0648e-01
18,12,-2.4566e+00
18,13,-1.8050e+00
18,14,-2.4527e-02
18,15,3.2159e+00
18,16,-1.4088e-01
18,17,-2.8866e-01
18,19,3.0328e-01
18,20,1.6949e+00
19,1,4.4616e+00
19,2,-8.5682e-01
19,3,1.9093e+00
19,4,5.2898e-01
19,5,1.5627e+00
19,6,-1.2130e-01
19,7,1.9858e+00
19,8,-6.7563e-01
19,9,2.5954e+00
19,10,1.8085e+00
19,11,3.7911e+00
19,12,2.1868e+00
19,13,-2.2499e+00
19,14,1.4659e+00
19,15,-6.8569e-01
19,16,2.3427e+00
19,17,1.8087e+00
19,18,1.2354e+00
19,20,4.5536e-01
20,1,1.4712e+00
20,2,1.2230e+00
20,3,-8.7709e-02
20,4,-2.9047e+00
20,5,4.9121e-01
20,6,-1.3252e+00
20,7,4.0766e-01
20,8,3.4538e+00
20,9,1.9615e+00
20,10,1.4935e+00
20,11,3.3873e+00
20,12,7.9340e-01
20,13,8.0626e-01
20,14,4.2405e-01
20,15,-1.1713e+00
20,16,2.2729e+00
20,17,3.1156e+00
20,18,1.5911e+00
20,19,-3.0614e-01
