n1,n2,weight
1,2,2.0055e+00
1,3,-5.6771e-01
1,4,4.2992e-01
1,5,1.4402e+00
1,6,-1.1994e+00
1,7,3.2853e+00
1,8,2.4460e+00
1,9,3.1970e+00
1,10,7.9019e+00
1,11,4.6132e+00
1,12,3.5919e+00
1,13,7.3109e+00
1,14,3.7967e+00
1,15,5.4627e+00
1,16,7.1316e+00
1,17,4.3208e+00
1,18,2.0130e+00
1,19,5.9143e+00
1,20,5.4002e+00
2,1,-7.4306e-01
2,3,-4.3116e-02
2,4,-7.1941e-01
2,5,1.6831e+00
2,6,2.3022e-01
2,7,3.0174e+00
2,8,2.0784e+00
2,9,3.4350e+00
2,10,3.7012e+00
2,11,3.7034e-01
2,12,-6.2707e-01
2,13,1.2721e+00
2,14,-6.7608e-01
2,15,2.2762e+00
2,16,3.9593e+00
2,17,-4.1963e-01
2,18,1.6503e+00
2,19,1.6246e+00
2,20,2.5989e+00
3,1,-7.8847e-01
3,2,2.7239e+00
3,4,-2.7561e-01
3,5,1.0499e+00
3,6,1.3841e+00
3,7,1.3715e+00
3,8,2.9848e+00
3,9,3.0539e+00
3,10,2.6477e+00
3,11,3.4556e+00
3,12,3.1432e+00
3,13,1.5315e+00
3,14,7.2767e-01
3,15,2.8908e+00
3,16,4.7613e-02
3,17,3.3929e-01
3,18,1.7721e+00
3,19,3.8743e+00
3,20,5.8382e+00
4,1,-8.3862e-01
4,2,1.0759e+00
4,3,-4.8234e-01
4,5,1.3477e+00
4,6,2.9827e-01
4,7,1.5305e+00
4,8,4.4909e+00
4,9,1.5572e+00
4,10,1.6065e+00
4,11,2.1042e+00
4,12,7.8976e-01
4,13,5.2226e-02
4,14,-1.9242e+00
4,15,8.1593e-01
4,16,2.1006e+00
4,17,7.4472e-01
4,18,1.4612e+00
4,19,3.3597e+00
4,20,1.0470e+00
5,1,-1.0864e+00
5,2,7.6415e-01
5,3,-2.7400e-01
5,4,8.2708e-01
5,6,-1.4774e+00
5,7,8.3186e-01
5,8,3.3566e+00
5,9,1.7169e+00
5,10,3.1710e+00
5,11,2.2989e+00
5,12,2.2033e+00
5,13,4.8871e+00
5,14,-5.7809e-01
5,15,2.9466e+00
5,16,4.6924e+00
5,17,2.0270e+00
5,18,1.5822e-01
5,19,8.6788e-01
5,20,4.3873e-01
6,1,9.9715e-01
6,2,1.2865e+00
6,3,3.7120e-01
6,4,8.0536e-01
6,5,2.0011e+00
6,7,2.1019e+00
6,8,-7.4264e-01
6,9,9.9373e-01
6,10,5.0305e+00
6,11,3.3006e+00
6,12,1.9217e+00
6,13,5.1100e+00
6,14,2.4754e-01
6,15,2.3793e+00
6,16,2.4026e+00
6,17,4.9927e+00
6,18,2.6124e+00
6,19,7.0271e+00
6,20,3.1411e+00
7,1,-1.3477e+00
7,2,-8.0306e-01
7,3,-2.2952e-01
7,4,-1.9329e+00
7,5,-2.5135e+00
7,6,-1.2108e+00
7,8,-4.4182e-01
7,9,-1.9098e+00
7,10,-8.7383e-02
7,11,-1.3082e+00
7,12,5.2720e-01
7,13,2.2306e-01
7,14,-2.4110e+00
7,15,-2.3090e+00
7,16,-7.9684e-01
7,17,-1.0877e+00
7,18,-1.1634e+00
7,19,-6.8261e-01
7,20,-1.7751e+00
8,1,-1.1184e+00
8,2,-6.8316e-02
8,3,-2.9108e-01
8,4,-1.9791e+00
8,5,-1.3285e+00
8,6,5.2909e-01
8,7,1.2601e+00
8,9,1.1398e+00
8,10,-9.1801e-01
8,11,-1.8276e+00
8,12,1.1228e+00
8,13,-9.5944e-01
8,14,-7.0788e-02
8,15,-1.8256e-01
8,16,4.8577e-01
8,17,-7.2922e-01
8,18,7.8023e-01
8,19,-1.5892e+00
8,20,-1.5947e-01
9,1,-3.1359e+00
9,2,1.7817e+00
9,3,-9.0769e-01
9,4,-1.6285e+00
9,5,1.4551e+00
9,6,1.1026e+00
9,7,3.9191e-01
9,8,-1.3025e+00
9,10,9.5546e-01
9,11,-2.8428e-01
9,12,-4.1817e-01
9,13,-5.7100e-01
9,14,-1.3561e+00
9,15,-4.0394e-01
9,16,1.4853e+00
9,17,-8.4205e-02
9,18,9.3725e-01
9,19,-1.0313e+00
9,20,5.9619e-01
10,1,-3.1410e+00
10,2,-9.7760e-01
10,3,-1.8261e+00
10,4,-2.1108e+00
10,5,-8.7769e-01
10,6,-3.4214e+00
10,7,-2.8322e-01
10,8,4.2931e-01
10,9,-2.2528e+00
10,11,-1.0297e+00
10,12,-8.0839e-03
10,13,-2.3778e+00
10,14,1.2256e+00
10,15,3.3720e-01
10,16,-3.4418e-01
10,17,-1.7451e+00
10,18,-6.1046e-01
10,19,2.1959e-01
10,20,1.2284e+00
11,1,-9.3617e-01
11,2,-1.1062e-01
11,3,-2.4707e+00
11,4,-1.6219e+00
11,5,1.1886e+00
11,6,3.3083e-01
11,7,4.5006e-01
11,8,1.2013e+00
11,9,4.7120e-01
11,10,-1.0499e+00
11,12,3.1769e+00
11,13,-8.0488e-01
11,14,4.7503e-01
11,15,-5.7023e-01
11,16,-2.5275e+00
11,17,-1.5102e+00
11,18,2.3284e+00
11,19,-1.1363e+00
11,20,1.5592e+00
12,1,-3.3461e+00
12,2,1.9374e+00
12,3,-1.8738e+00
12,4,-2.5457e-01
12,5,-5.4977e-01
12,6,-1.5256e+00
12,7,8.7883e-01
12,8,2.1172e-02
12,9,2.4471e+00
12,10,4.6983e-01
12,11,-7.2173e-01
12,13,-9.5674e-02
12,14,-1.2290e+00
12,15,1.1057e+00
12,16,-1.6028e+00
12,17,2.4581e+00
12,18,-9.8677e-01
12,19,-3.1152e-01
12,20,3.0575e+00
13,1,-2.1143e+00
13,2,-5.1924e-01
13,3,-1.0029e+00
13,4,5.5371e-01
13,5,-2.0260e+00
13,6,-2.1201e+00
13,7,8.6963e-01
13,8,9.3969e-01
13,9,-9.0651e-01
13,10,4.1023e-01
13,11,-1.0420e-01
13,12,4.8916e-01
13,14,-1.9906e-01
13,15,8.3459e-01
13,16,-6.1218e-01
13,17,-1.0676e+00
13,18,1.2636e+00
13,19,-1.2608e+00
13,20,1.3294e-01
14,1,-3.4388e+00
14,2,3.8245e-01
14,3,-2.5209e-01
14,4,-3.2887e-02
14,5,6.6393e-01
14,6,2.7942e-01
14,7,1.4553e+00
14,8,6.2518e-01
14,9,-6.0361e-01
14,10,-5.2234e-01
14,11,-2.0777e+00
14,12,2.1554e+00
14,13,1.2468e+00
14,15,2.1215e-01
14,16,-1.4228e+00
14,17,1.9176e-01
14,18,-1.1736e+00
14,19,-1.9168e-01
14,20,7.3271e-01
15,1,-2.5421e+00
15,2,-8.9220e-01
15,3,-9.6000e-01
15,4,-2.3246e+00
15,5,-1.2269e+00
15,6,7.2077e-01
15,7,6.3988e-01
15,8,-1.1233e+00
15,9,-2.1950e-01
15,10,-2.0804e-01
15,11,-1.1011e+00
15,12,-9.4568e-01
15,13,8.2202e-01
15,14,3.3076e-02
15,16,-8.2987e-01
15,17,-1.5115e+00
15,18,-1.1288e+00
15,19,-6.5853e-01
15,20,-5.2240e-01
16,1,-2.2639e+00
16,2,-2.1032e+00
16,3,-3.8397e-01
16,4,-3.0049e+00
16,5,-2.7046e+00
16,6,-9.6875e-01
16,7,-7.8711e-01
16,8,-7.2132e-02
16,9,-5.5979e-01
16,10,-1.1761e+00
16,11,1.5298e+00
16,12,2.5537e+00
16,13,-6.1824e-01
16,14,-6.1747e-01
16,15,5.7332e-01
16,17,-7.8151e-01
16,18,-9.1022e-01
16,19,5.1083e+00
16,20,7.0946e-01
17,1,-1.2855e+00
17,2,1.5300e+00
17,3,4.8357e-02
17,4,1.1917e+00
17,5,-9.5220e-01
17,6,-8.8055e-01
17,7,1.2377e+00
17,8,7.0713e-01
17,9,1.4971e+00
17,10,2.5321e+00
17,11,1.6725e+00
17,12,-9.0996e-01
17,13,1.8088e+00
17,14,4.3715e-01
17,15,2.2228e+00
17,16,-3.1089e-01
17,18,2.1450e+00
17,19,2.1194e+00
17,20,1.9189e+00
18,1,-1.5894e+00
18,2,-7.3158e-01
18,3,-7.2458e-02
18,4,-2.2413e+00
18,5,3.2483e-01
18,6,-1.9401e+00
18,7,-3.9334e-01
18,8,-1.8614e+00
18,9,-7.3874e-01
18,10,-1.6685e+00
18,11,-2.0647e+00
18,12,6.9150e-01
18,13,2.5747e-02
18,14,-9.6962e-01
18,15,1.2287e+00
18,16,-2.0466e+00
18,17,-2.0950e+00
18,19,-1.4901e+00
18,20,5.0865e-01
19,1,-2.3971e+00
19,2,1.2198e-01
19,3,-2.2775e+00
19,4,-5.2963e-01
19,5,9.8606e-01
19,6,-1.4891e+00
19,7,6.7125e-01
19,8,1.4478e+00
19,9,-6.8383e-01
19,10,-7.4224e-01
19,11,5.6259e-01
19,12,1.0892e+00
19,13,-8.4325e-01
19,14,-1.5654e+00
19,15,2.1122e-01
19,16,-1.8121e+00
19,17,-1.9144e+00
19,18,1.1256e+00
19,20,8.3078e-01
20,1,-2.9104e+00
20,2,-5.5432e-01
20,3,-2.2002e+00
20,4,-4.9661e-01
20,5,-8.5960e-01
20,6,-1.3146e+00
20,7,-8.9969e-01
20,8,-2.9045e-01
20,9,-3.5536e-01
20,10,-4.4521e-01
20,11,-1.0141e-02
20,12,-1.1977e+00
20,13,-8.7440e-01
20,14,-2.3521e+00
20,15,1.0280e+00
20,16,-2.7204e+00
20,17,-1.5291e+00
20,18,-1.1972e-01
20,19,4.9937e-01
