1 5.044538002665691 1 100.0
2 3.0642413642093915 5 81.0
3 4.293154371796378 3 77.0
4 3.5164622158812717 4 75.0
5 2.618769519275312 7 70.0
6 4.842700711364248 2 63.0
7 1.4349412886053585 14 54.0
8 1.7471829278073372 12 49.0
9 1.5413985947245799 13 47.0
10 1.0671523101532552 16 44.0
11 1.026121467778019 17 44.0
12 2.0240874559045885 11 44.0
13 2.1670879137882473 10 42.0
14 2.189904425529815 9 41.0
15 2.3886436621133282 8 40.0
16 0.6826846077483248 19 37.0
17 3.0600200356073852 6 36.0
18 0.7489412379224951 18 33.0
19 1.3705875960437857 15 33.0
20 0.0 20 31.0
