1 4.481561466543301 1 100.0
2 3.0996586507068615 4 81.0
3 3.830305166871349 2 77.0
4 2.7507081070683643 5 75.0
5 2.117601416811019 7 70.0
6 3.827624596401549 3 63.0
7 1.7955010914283205 10 54.0
8 1.8151879921333889 9 49.0
9 1.305716589090437 14 47.0
10 0.3995129923747034 17 44.0
11 0.21935821994858395 18 44.0
12 1.3693498873336198 13 44.0
13 1.8484538102527601 8 42.0
14 1.4759815048549616 12 41.0
15 1.5120465201629008 11 40.0
16 0.0 20 37.0
17 2.2377797876767165 6 36.0
18 1.0404490930458439 15 33.0
19 0.7578155527773869 16 33.0
20 0.12340669060259546 19 31.0
