1 10.197614259434381 3 100.0
2 11.018344026296985 1 81.0
3 9.242555839406105 4 77.0
4 7.684483023638894 5 75.0
5 10.327649245502393 2 70.0
6 7.4549040171865055 6 63.0
7 6.136944021816541 7 54.0
8 0.46658316599176786 19 49.0
9 4.678857051854084 9 47.0
10 0.0 20 44.0
11 2.3189191361638697 15 44.0
12 2.6439353299202697 12 44.0
13 4.593954499971761 10 42.0
14 3.2143142080452414 11 41.0
15 2.5091485268502254 13 40.0
16 2.423744021312043 14 37.0
17 5.780487162456126 8 36.0
18 1.303747130819576 18 33.0
19 1.4492295551027614 17 33.0
20 2.076639292279454 16 31.0
