1 7.402123950428457 5 100.0
2 6.592102945966045 6 81.0
3 7.75655489621766 4 77.0
4 6.509510160244931 8 75.0
5 9.540974669762372 2 70.0
6 6.432127264204031 9 63.0
7 9.77756104498864 1 54.0
8 1.3688342155955757 18 49.0
9 5.519362665118775 11 47.0
10 2.3674697002618155 17 44.0
11 5.431187334881152 12 44.0
12 2.767082528231267 16 44.0
13 3.6488386558315806 14 42.0
14 6.531661044988264 7 41.0
15 0.191537792258357 19 40.0
16 5.753474009286991 10 37.0
17 0.0 20 36.0
18 4.123447358099497 13 33.0
19 7.995350660475221 3 33.0
20 3.5049272642039933 15 31.0
