1 2.7029625640973416 10 93.0
2 2.152885999449315 12 80.0
3 2.656533524978392 11 78.0
4 4.28028599945055 2 77.0
5 3.1016110297114388 8 58.0
6 0.6364296091958499 18 55.0
7 1.835329495331226 14 55.0
8 0.9963243663822625 16 54.0
9 5.033548861238321 1 52.0
10 4.057403044539348 3 51.0
11 3.586822669663982 6 48.0
12 0.0 20 47.0
13 0.057511029710212824 19 45.0
14 2.097129609193293 13 41.0
15 1.7147512824270197 15 38.0
16 2.9971322841528263 9 38.0
17 3.941856173835358 4 38.0
18 0.877673069530184 17 37.0
19 3.5501630528132324 7 33.0
20 3.81660002961979 5 26.0
1 5.591754870872746 4 93.0
2 0.8534432084239887 18 80.0
3 7.720929068951751 1 78.0
4 7.062070045583042 2 77.0
5 3.122251358611206 8 58.0
6 5.165225071408494 6 55.0
7 3.0882417056638483 9 55.0
8 1.8399529241220152 16 54.0
9 2.2194290689517455 14 52.0
10 2.534645213781475 12 51.0
11 2.320936604211997 13 48.0
12 1.417402141366611 17 47.0
13 0.5083300000000008 19 45.0
14 2.884580486169701 10 41.0
15 3.166030000000007 7 38.0
16 0.0 20 38.0
17 2.055230000000007 15 38.0
18 5.385429068951748 5 37.0
19 5.7751585343870815 3 33.0
20 2.843870000000007 11 26.0
1 4.021027546886325 5 93.0
2 5.762970478520743 1 80.0
3 1.6639390775039569 19 78.0
4 5.06268092506921 4 77.0
5 3.3970390774171064 9 58.0
6 2.060933972260819 16 55.0
7 2.938697132255582 12 55.0
8 2.255243824783296 15 54.0
9 3.488426983267658 8 52.0
10 3.390810534847847 10 51.0
11 2.0262112690779395 17 48.0
12 0.0 20 47.0
13 1.9025894651442834 18 45.0
14 3.521633972252283 7 41.0
15 5.6777227767458545 3 38.0
16 3.792301182530722 6 38.0
17 5.684356153483412 2 38.0
18 3.1455590405944 11 37.0
19 2.5062186035710434 14 33.0
20 2.6502384383800943 13 26.0
1 3.4117764953524023 5 93.0
2 2.557534514063958 7 80.0
3 2.113374608443084 10 78.0
4 3.7369330207368323 4 77.0
5 1.9637163726958007 12 58.0
6 2.5584089461293584 6 55.0
7 0.5347777378014775 19 55.0
8 1.0689588236002143 15 54.0
9 0.7454987919948282 17 52.0
10 3.834839707115731 3 51.0
11 3.8416661201202746 2 48.0
12 1.438491356635836 14 47.0
13 0.0 20 45.0
14 2.457902390715529 8 41.0
15 4.326787304221549 1 38.0
16 1.9914863934946392 11 38.0
17 2.1538777378014804 9 38.0
18 0.7111763518969567 18 37.0
19 0.9312073768258524 16 33.0
20 1.7038033091318998 13 26.0
1 9.71742516072178 2 93.0
2 7.174762165843793 13 80.0
3 8.735813694588943 9 78.0
4 8.97899222931641 6 77.0
5 8.813578663439083 8 58.0
6 6.0997369411784454 14 55.0
7 8.889846036156285 7 55.0
8 1.9413000000023182 19 54.0
9 8.079486911480426 11 52.0
10 9.272337834204755 4 51.0
11 4.5461760481775695 18 48.0
12 5.997056038743192 15 47.0
13 0.0 20 45.0
14 10.712092229600254 1 41.0
15 7.910948663464117 12 38.0
16 8.592556912930329 10 38.0
17 9.315146043526298 3 38.0
18 5.2626360478226895 17 37.0
19 9.163056038367007 5 33.0
20 5.379699999988821 16 26.0
1 2.461299151535443 10 93.0
2 2.844768686152224 8 80.0
3 1.2985787673077842 13 78.0
4 4.063053625285907 3 77.0
5 1.2872272379638554 14 58.0
6 4.671679145575281 1 55.0
7 1.7382591396141933 12 55.0
8 3.124679145575106 7 54.0
9 0.0 20 52.0
10 4.420128564419642 2 51.0
11 0.8983199403945754 16 48.0
12 0.7735045355337895 17 47.0
13 0.509268686156783 19 45.0
14 3.1953285644200453 5 41.0
15 3.8213236252857077 4 38.0
16 1.2714283209541668 15 38.0
17 2.6985664282435025 9 38.0
18 1.8800236252863638 11 37.0
19 0.6549888484624193 18 33.0
20 3.1953285644179106 6 26.0
1 7.7805099076922914 2 93.0
2 7.606888953846144 4 80.0
3 0.0 20 78.0
4 6.550694061538462 8 77.0
5 6.43882575384617 9 58.0
6 5.743220153846177 12 55.0
7 3.909911815384621 17 55.0
8 8.566225753846146 1 54.0
9 5.073183323076896 15 52.0
10 7.381077353846139 5 51.0
11 5.970077353846145 11 48.0
12 6.438825753846139 10 47.0
13 1.0886889538461464 19 45.0
14 7.209640307692305 6 41.0
15 3.8824999999999443 18 38.0
16 4.758944092307707 16 38.0
17 5.476540307692263 14 38.0
18 7.606888953846145 3 37.0
19 6.968020153846137 7 33.0
20 5.4794889538461415 13 26.0
1 3.952041026776757 2 93.0
2 3.945514910943869 3 80.0
3 0.0 20 78.0
4 2.497491175656657 9 77.0
5 2.605341026687377 7 58.0
6 1.3461334006470085 16 55.0
7 2.2389405588913034 11 55.0
8 1.9967508783837882 12 54.0
9 3.233451999682163 5 52.0
10 5.386440720470365 1 51.0
11 2.297830980284622 10 48.0
12 0.01203083543064487 19 47.0
13 1.559684122467971 14 45.0
14 1.7730575061421114 13 41.0
15 3.85715944100183 4 38.0
16 0.872241026777421 18 38.0
17 2.5275906962532555 8 38.0
18 0.9799374094416193 17 37.0
19 1.407091818022265 15 33.0
20 2.765641490030862 6 26.0
1 3.580600727809693 5 93.0
2 3.5308523230183617 7 80.0
3 3.3288235412693767 9 78.0
4 3.56630568136659 6 77.0
5 4.792060826251063 1 58.0
6 1.7273425954922352 14 55.0
7 3.35314101373342 8 55.0
8 2.1273999958190766 13 54.0
9 3.7917764442925925 4 52.0
10 4.3574349027714 2 51.0
11 0.6739583027537941 18 48.0
12 0.0 20 47.0
13 1.1953523252883096 15 45.0
14 0.2284007274250377 19 41.0
15 2.3558007351840478 12 38.0
16 2.405600729300162 11 38.0
17 4.148439435766775 3 38.0
18 0.9933235385825105 16 37.0
19 2.9521426005624716 10 33.0
20 0.7971348989807552 17 26.0
1 2.8849053794691075 7 93.0
2 1.7926006271597874 17 80.0
3 4.220570851795099 2 78.0
4 4.542730851794589 1 77.0
5 2.8177667857310102 8 58.0
6 3.0507954894636002 6 55.0
7 2.320602069168619 11 55.0
8 2.0974257009168467 13 54.0
9 0.0 20 52.0
10 3.3352878782065 4 51.0
11 2.7215138320309906 10 48.0
12 1.8910138320311052 16 47.0
13 0.8686846161020336 18 45.0
14 2.1104878782069165 12 41.0
15 2.7732926579245234 9 38.0
16 1.8987114946381656 15 38.0
17 3.5139139897910363 3 38.0
18 0.26640823326559104 19 37.0
19 1.9854249265732153 14 33.0
20 3.1158138320309914 5 26.0
1 6.034330962448809 1 93.0
2 4.703982806635485 3 80.0
3 0.0 20 78.0
4 3.5044729242640473 4 77.0
5 2.6369653423767265 9 58.0
6 3.3935653137840114 6 55.0
7 1.9778761057444745 12 55.0
8 3.095030793483444 7 54.0
9 1.799891796585497 17 52.0
10 2.05533999999954 11 51.0
11 1.9412999999993308 16 48.0
12 1.3927478272675993 19 47.0
13 1.9413000000035847 13 45.0
14 2.7659781394268035 8 41.0
15 3.463579287226091 5 38.0
16 1.9413000000001208 14 38.0
17 4.74084782093251 2 38.0
18 1.574847820932875 18 37.0
19 2.2790942402825545 10 33.0
20 1.941300000000105 15 26.0
1 1.9602865285246889 9 93.0
2 4.86193754709395 4 80.0
3 5.651243953013886 3 78.0
4 5.9734039530138965 2 77.0
5 1.6828575783695254 12 58.0
6 2.4381398783664188 6 55.0
7 0.8807680276612657 16 55.0
8 0.8808083013566377 15 54.0
9 2.0969188528599947 8 52.0
10 6.825906644132141 1 51.0
11 1.1082178025558755 14 48.0
12 0.0 20 47.0
13 0.194327237084591 19 45.0
14 1.3281993530166387 13 41.0
15 1.8494986282141093 10 38.0
16 2.18885857778668 7 38.0
17 1.807969678059138 11 38.0
18 0.7692429462362862 17 37.0
19 0.5112192822837802 18 33.0
20 2.868273409897819 5 26.0
1 5.304289628148808 2 93.0
2 3.1186007177887523 5 80.0
3 0.5052839718891438 19 78.0
4 6.736716500927576 1 77.0
5 2.661394685128309 9 58.0
6 2.31327650823495 11 55.0
7 1.658402289363119 16 55.0
8 1.2348757674077955 18 54.0
9 1.9977951785534973 13 52.0
10 2.8628145097242874 6 51.0
11 3.205666941568894 3 48.0
12 2.119430949636888 12 47.0
13 1.5505507361148427 17 45.0
14 1.986815859556411 14 41.0
15 2.5508303367357605 10 38.0
16 1.9038811490903504 15 38.0
17 2.703048965602417 8 38.0
18 0.0 20 37.0
19 3.1703361090374473 4 33.0
20 2.8542165023759916 7 26.0
1 2.6216932274435396 6 93.0
2 3.1494880190396692 2 80.0
3 0.28435997663197754 17 78.0
4 1.3968932329825832 12 77.0
5 4.387669248144279 1 58.0
6 1.9748212611215463 8 55.0
7 1.3955003790022409 13 55.0
8 1.395500365491568 14 54.0
9 0.10376856728537498 19 52.0
10 2.5382119587901992 7 51.0
11 1.8100619528381836 11 48.0
12 0.24172125013350443 18 47.0
13 0.8739546291569665 16 45.0
14 2.7176804928084133 5 41.0
15 1.9180884922486479 9 38.0
16 1.8434708584522264 10 38.0
17 2.9514542138359436 4 38.0
18 1.1586912461336163 15 37.0
19 3.0682708474602047 3 33.0
20 0.0 20 26.0
1 0.661697827719872 15 93.0
2 1.6650953464940028 9 80.0
3 1.964256720479445 7 78.0
4 4.431714963510119 1 77.0
5 3.2539524315415096 2 58.0
6 0.040914963510119806 19 55.0
7 1.2138629634020761 12 55.0
8 1.2829882440207 11 54.0
9 0.057436030547511896 18 52.0
10 1.1012379787838749 13 51.0
11 1.333856792469178 10 48.0
12 0.5033567924691773 17 47.0
13 0.0 20 45.0
14 2.9228688599806407 3 41.0
15 2.59089590168525 5 38.0
16 1.8197123005205913 8 38.0
17 2.0301657284195054 6 38.0
18 1.0438008794835087 14 37.0
19 0.5901699270202379 16 33.0
20 2.8661126269935586 4 26.0
1 3.5807362929845996 9 93.0
2 5.499664736328068 3 80.0
3 0.8541706351978067 19 78.0
4 2.4257744078089436 14 77.0
5 4.2818632207392575 7 58.0
6 6.490353464091211 1 55.0
7 2.8711073136149516 11 55.0
8 1.530466253706052 17 54.0
9 2.035562453457407 16 52.0
10 4.506808768541418 5 51.0
11 2.694655476027485 13 48.0
12 4.281863220739258 6 47.0
13 5.066400267177104 4 45.0
14 2.798585701224395 12 41.0
15 3.4970820814257206 10 38.0
16 2.3830665442460433 15 38.0
17 3.7374221590411856 8 38.0
18 0.0 20 37.0
19 1.2703876068520534 18 33.0
20 5.982023464091209 2 26.0
1 3.53600873441978 9 93.0
2 3.6352011298620392 7 80.0
3 1.9479567660119042 19 78.0
4 5.78337758374842 1 77.0
5 3.53235687003253 10 58.0
6 3.836058049406591 5 55.0
7 2.452560874198276 15 55.0
8 0.0 20 54.0
9 1.985020372708495 18 52.0
10 4.006210922078359 4 51.0
11 4.582823459083447 3 48.0
12 2.747139853945414 14 47.0
13 2.2123937380901024 17 45.0
14 3.5455408548503087 8 41.0
15 2.3264626957923586 16 38.0
16 3.4210103445395887 12 38.0
17 4.723099452037032 2 38.0
18 2.9605637040944255 13 37.0
19 3.7564966782339164 6 33.0
20 3.438399983876624 11 26.0
1 4.403406570459083 2 93.0
2 4.068543985943236 5 80.0
3 0.9717493686879537 19 78.0
4 4.3696498048380645 3 77.0
5 2.275158511190164 14 58.0
6 4.978113140918161 1 55.0
7 3.1004091087499845 9 55.0
8 2.704011563478264 11 54.0
9 2.843743985943235 10 52.0
10 2.6988973893495665 12 51.0
11 1.7185688488120285 17 48.0
12 0.0 20 47.0
13 3.58860542857095 8 45.0
14 1.1359971111301834 18 41.0
15 3.685614723019831 7 38.0
16 4.127131379178012 4 38.0
17 3.9306373707898077 6 38.0
18 2.127399999999989 15 37.0
19 2.6469658416227784 13 33.0
20 2.1081362485667015 16 26.0
1 6.28001394957487 2 93.0
2 0.05958661495866391 19 80.0
3 0.8796399897891511 18 78.0
4 7.031830010210667 1 77.0
5 2.781586614958682 11 58.0
6 6.047795183301679 3 55.0
7 2.794730010210843 10 55.0
8 3.3183111400632153 7 54.0
9 0.0 20 52.0
10 3.0046059730594337 9 51.0
11 2.401483877510944 13 48.0
12 2.074635315255164 15 47.0
13 1.224800000000002 17 45.0
14 4.780864077993907 5 41.0
15 5.573938402615567 4 38.0
16 2.2740363528187792 14 38.0
17 3.1007840155516804 8 38.0
18 2.534861294009076 12 37.0
19 1.8931538775109462 16 33.0
20 4.657232715848147 6 26.0
1 8.858486733501547 3 93.0
2 5.692486733777554 6 80.0
3 4.681296773847076 7 78.0
4 6.558851637291619 5 77.0
5 2.3041300802198057 16 58.0
6 10.885986733562335 1 55.0
7 3.056843276638044 13 55.0
8 4.431530078929255 8 54.0
9 3.111713468126232 12 52.0
10 1.4109999998624327 17 51.0
11 0.0 20 48.0
12 2.304130080585031 15 47.0
13 10.169526733549471 2 45.0
14 3.524550100146805 11 41.0
15 7.2753116382102725 4 38.0
16 3.977923366159733 9 38.0
17 3.88246000230261 10 38.0
18 0.7164599993484391 19 37.0
19 2.5671349134677675 14 33.0
20 1.4015000802966728 18 26.0
1 6.189808190973712 6 93.0
2 7.085401846611379 2 80.0
3 0.0 20 78.0
4 5.900976833037543 9 77.0
5 4.831392478248173 12 58.0
6 6.385154388987476 5 55.0
7 5.166518036002177 11 55.0
8 4.052016237949016 14 54.0
9 3.9450574480677787 17 52.0
10 4.0520162379490134 15 51.0
11 4.015645611012515 16 48.0
12 6.029678928522678 8 47.0
13 4.677822417887391 13 45.0
14 6.482952278191837 4 41.0
15 6.484291222025033 3 38.0
16 1.9413000000000005 19 38.0
17 8.094115416606899 1 38.0
18 3.730415640959628 18 37.0
19 5.259394941306789 10 33.0
20 6.143064360578347 7 26.0
1 2.8019765764554605 16 93.0
2 5.516066663560596 6 80.0
3 1.8993465764543411 17 78.0
4 6.58914432226252 2 77.0
5 5.93841061136485 5 58.0
6 4.7722018932426735 9 55.0
7 0.0 20 55.0
8 0.5209554008570336 18 54.0
9 4.299705410481611 10 52.0
10 5.140272435259284 8 51.0
11 0.12665540085711768 19 48.0
12 3.3522000000024477 14 47.0
13 4.2801002096002465 11 45.0
14 3.6338362176312082 13 41.0
15 7.487718670389633 1 38.0
16 5.393962145823846 7 38.0
17 6.376918670386237 4 38.0
18 3.149664332966492 15 37.0
19 6.56848107291209 3 33.0
20 4.127934225259165 12 26.0
1 2.9389051899131626 9 93.0
2 2.418420972284209 11 80.0
3 0.9212846048838073 16 78.0
4 3.0031473735389955 7 77.0
5 0.8418009563684816 17 58.0
6 2.7711396148284044 10 55.0
7 1.01558800663684 15 55.0
8 3.463413311736379 4 54.0
9 0.5418615370912132 19 52.0
10 3.6765093151468946 3 51.0
11 2.991157883539718 8 48.0
12 2.4184209722842045 12 47.0
13 0.7346804074771545 18 45.0
14 3.3374357749426986 5 41.0
15 5.395746829241139 1 38.0
16 3.8778384539292876 2 38.0
17 3.0911940486271385 6 38.0
18 0.0 20 37.0
19 2.38306627510904 13 33.0
20 1.200676013273662 14 26.0
1 3.56811194507066 2 93.0
2 3.0437172890748387 3 80.0
3 2.1330043714211424 9 78.0
4 5.171117289074838 1 77.0
5 2.221411945070665 8 58.0
6 2.401897132907608 4 55.0
7 1.5686118407281446 14 55.0
8 1.4454084428682665 16 54.0
9 0.7583827585340956 18 52.0
10 2.0359197528289297 10 51.0
11 0.25456126238787324 19 48.0
12 0.0 20 47.0
13 1.0944043714211495 17 45.0
14 1.7062427683167094 12 41.0
15 1.9861152484551516 11 38.0
16 1.463285107274162 15 38.0
17 2.360620273667435 6 38.0
18 1.6467397564590467 13 37.0
19 2.266769631024331 7 33.0
20 2.3715599021788143 5 26.0
1 8.640161003671986 1 93.0
2 6.712610501836002 6 80.0
3 5.37171053855571 11 78.0
4 7.1591141370869025 4 77.0
5 6.710378714810288 7 58.0
6 0.7164599999999757 19 55.0
7 5.174679522643842 14 55.0
8 5.277478714810219 13 54.0
9 5.3596161444308015 12 52.0
10 5.5015600000000795 10 51.0
11 3.885645618115047 16 48.0
12 2.9259974296205837 18 47.0
13 0.0 20 45.0
14 6.020911713586292 9 41.0
15 7.493405862913074 3 38.0
16 7.010578714810288 5 38.0
17 6.6483151407587995 8 38.0
18 4.0874778090575195 15 37.0
19 8.318001003671961 2 33.0
20 3.804862337821289 17 26.0
1 7.234700000000002 1 93.0
2 4.068700000019683 8 80.0
3 0.7312020461680424 19 78.0
4 3.7266017471173325 10 77.0
5 6.14847816146249 2 58.0
6 2.4930660230859294 15 55.0
7 2.972844541597748 13 55.0
8 2.8522189353298337 14 54.0
9 1.6978330115406044 17 52.0
10 6.0988415664286 3 51.0
11 3.1448232938818306 12 48.0
12 5.481654756495654 4 47.0
13 2.229401747117908 16 45.0
14 3.999194842221141 9 41.0
15 4.887101747114883 5 38.0
16 4.388146306010362 6 38.0
17 3.2676138099939687 11 38.0
18 0.0 20 37.0
19 4.144651781329561 7 33.0
20 0.8386690346263235 18 26.0
1 3.090518653579603 3 93.0
2 1.4370599873441043 13 80.0
3 1.2754384715710074 14 78.0
4 0.0 20 77.0
5 1.667862239305093 12 58.0
6 2.6276248920612515 5 55.0
7 1.832920320073492 10 55.0
8 1.1955022026733755 15 54.0
9 0.7943064357731435 18 52.0
10 4.272965230891833 1 51.0
11 1.763594559938097 11 48.0
12 1.0980959152719922 16 47.0
13 1.0594591870063264 17 45.0
14 2.0124841086890686 8 41.0
15 0.7164599952879174 19 38.0
16 1.8470465805165388 9 38.0
17 4.1431822283865305 2 38.0
18 2.5404615296564415 6 37.0
19 2.7994212237412914 4 33.0
20 2.4034658761883323 7 26.0
1 3.5812989900760215 5 93.0
2 2.377470000007671 8 80.0
3 1.869140000009885 13 78.0
4 3.5633622681991595 6 77.0
5 4.117408007736075 3 58.0
6 1.5470000000599275 16 55.0
7 2.3638819370956603 9 55.0
8 0.0 20 54.0
9 5.317192097142554 1 52.0
10 4.714351754982142 2 51.0
11 2.888321926053929 7 48.0
12 2.0578219260569997 12 47.0
13 0.8305399999981886 17 45.0
14 3.931238007722742 4 41.0
15 2.24850356513335 10 38.0
16 2.2291376710923503 11 38.0
17 0.21580649007602348 18 38.0
18 0.029660309046435795 19 37.0
19 1.8691400000080753 14 33.0
20 1.5573094150054363 15 26.0
1 3.2251594378375312 3 93.0
2 2.2031202987790817 9 80.0
3 3.1432514102488796 4 78.0
4 1.3336894378375308 17 77.0
5 3.981601410248895 1 58.0
6 2.6627499690655156 6 55.0
7 1.689720806468645 13 55.0
8 2.548701410248899 8 54.0
9 2.56291058898802 7 52.0
10 2.1158902944940294 10 51.0
11 1.9141594378375322 11 48.0
12 1.1493696311927541 18 47.0
13 1.460192231509824 16 45.0
14 0.0 20 41.0
15 1.8401692444823115 12 38.0
16 1.5774912651443929 14 38.0
17 3.3521793814276024 2 38.0
18 0.699247706621237 19 37.0
19 3.0018894067269564 5 33.0
20 1.5180092444822781 15 26.0
1 2.992509191453256 2 93.0
2 1.617061722307154 10 80.0
3 0.019291532906416275 19 78.0
4 2.610717374712776 5 77.0
5 2.3543635072374 7 58.0
6 1.1295633379134036 13 55.0
7 0.5185117575277096 17 55.0
8 0.23022915637423536 18 54.0
9 0.9796835381076906 16 52.0
10 2.9524560939163846 3 51.0
11 1.4517335092650594 12 48.0
12 1.1222000212395056 14 47.0
13 1.106476468738014 15 45.0
14 1.5801650945861423 11 41.0
15 1.7473333271338725 9 38.0
16 2.0184229919983774 8 38.0
17 3.2050738161898336 1 38.0
18 2.8626935092698034 4 37.0
19 2.4541373020452886 6 33.0
20 0.0 20 26.0
1 5.7039124414800115 4 93.0
2 3.946354968537639 10 80.0
3 2.5496315215202507 18 78.0
4 3.0609072363452805 13 77.0
5 4.9788050016779835 7 58.0
6 6.14157166834465 2 55.0
7 5.064163746539098 5 55.0
8 2.7949412207399886 16 54.0
9 2.843899999999886 14 52.0
10 5.0488099370752275 6 51.0
11 0.0 20 48.0
12 2.7990649056129007 15 47.0
13 3.8482654757110475 12 45.0
14 4.8547083350114475 8 41.0
15 3.9057818525043944 11 38.0
16 5.81420235716072 3 38.0
17 2.7215549685376077 17 38.0
18 1.975112441479968 19 37.0
19 7.0390023571608324 1 33.0
20 4.854708335011274 9 26.0
1 8.80317523829872 2 93.0
2 8.902534976384235 1 80.0
3 6.205049995704939 8 78.0
4 6.0006469300122856 9 77.0
5 5.994975238298594 10 58.0
6 0.0 20 55.0
7 6.503305238299351 6 55.0
8 4.518060622584107 15 54.0
9 5.600675238302294 11 52.0
10 7.400494263632169 3 51.0
11 2.484432344350448 18 48.0
12 6.503535418634342 5 47.0
13 2.5305964834696804 17 45.0
14 6.2385093301844785 7 41.0
15 4.760343374837756 13 38.0
16 4.7471451524254356 14 38.0
17 2.1145676556464283 19 38.0
18 3.2008923443538335 16 37.0
19 5.3738960412189885 12 33.0
20 6.921396483468701 4 26.0
1 4.215015650549403 5 93.0
2 0.0 20 80.0
3 3.869352877924546 7 78.0
4 4.289224279507085 4 77.0
5 3.7606454287056703 8 58.0
6 4.564638537048704 3 55.0
7 3.7401244820122375 9 55.0
8 3.737292580477752 10 54.0
9 4.5840727143528355 2 52.0
10 4.901389724187641 1 51.0
11 2.9578999999999978 13 48.0
12 2.6235179813128027 16 47.0
13 0.027669089751944043 19 45.0
14 2.6853690897519424 15 41.0
15 1.6631897241876419 17 38.0
16 3.9277335353188025 6 38.0
17 3.4329265505141646 11 38.0
18 1.5049673545975866 18 37.0
19 3.3919073801189565 12 33.0
20 2.7619269996689715 14 26.0
1 5.013278036228229 1 93.0
2 4.235138696307154 3 80.0
3 1.7557055998256628 16 78.0
4 4.928436394268935 2 77.0
5 3.2193824642014324 10 58.0
6 2.2769667807174567 14 55.0
7 0.0 20 55.0
8 3.242127634732815 9 54.0
9 2.972226857934596 12 52.0
10 4.019178721677925 4 51.0
11 3.0095152502151397 11 48.0
12 0.724848327629851 19 47.0
13 1.6300911338867765 17 45.0
14 3.737666780717397 6 41.0
15 3.950853364161918 5 38.0
16 3.3438116723617584 8 38.0
17 2.480435395915917 13 38.0
18 1.3209194742084907 18 37.0
19 3.5017667807170167 7 33.0
20 1.8446662288778262 15 26.0
1 5.85849327962318 2 93.0
2 4.794442360688549 7 80.0
3 3.724825321222795 9 78.0
4 3.057383976849714 15 77.0
5 5.4579253212227865 5 58.0
6 5.7218272329252695 3 55.0
7 3.0844940332147224 14 55.0
8 2.721999999999998 17 54.0
9 3.5398359073988725 11 52.0
10 4.963279441919681 6 51.0
11 3.362556981298143 13 48.0
12 3.4324932421254735 12 47.0
13 5.484366638990151 4 45.0
14 2.7935877661634967 16 41.0
15 7.607325321222781 1 38.0
16 4.767059152386794 8 38.0
17 0.0 20 38.0
18 2.4847923495879147 18 37.0
19 3.6980136564189605 10 33.0
20 1.1473160231502852 19 26.0
1 4.233602074678422 12 93.0
2 8.394877510464639 2 80.0
3 0.0 20 78.0
4 6.706686512198424 4 77.0
5 4.866037752421901 10 58.0
6 5.155709531125539 8 55.0
7 3.3893688680643184 17 55.0
8 5.273745759164282 7 54.0
9 3.8955131209121756 14 52.0
10 9.940809531125542 1 51.0
11 2.5114666510482375 19 48.0
12 6.312386512198442 5 47.0
13 3.9282138443759114 13 45.0
14 3.686831085080386 15 41.0
15 7.423146512198442 3 38.0
16 3.3123333489517632 18 38.0
17 5.429281790003116 6 38.0
18 4.281309261764979 11 37.0
19 4.944353929394697 9 33.0
20 3.441563902216325 16 26.0
1 4.813291196958411 3 93.0
2 1.9927369271438842 16 80.0
3 2.5269301767771064 13 78.0
4 4.4429726521439905 4 77.0
5 2.897751585191748 11 58.0
6 5.937823079939442 1 55.0
7 3.978761761201099 6 55.0
8 3.2946587683623925 8 54.0
9 3.996523079939484 5 52.0
10 3.2709684635719425 9 51.0
11 1.0186090120731632 18 48.0
12 1.9393053907158095 17 47.0
13 0.04209643895453574 19 45.0
14 0.0 20 41.0
15 3.027886366693323 10 38.0
16 4.993363575958401 2 38.0
17 3.559151785345645 7 38.0
18 2.6919036795338167 12 37.0
19 2.2135999999999827 14 33.0
20 2.1451215364281278 15 26.0
1 3.124111410217535 1 93.0
2 1.6426203067759761 7 80.0
3 0.2949745770682257 17 78.0
4 1.1196983624610979 12 77.0
5 2.965950182739351 2 58.0
6 0.0 20 55.0
7 0.6240964513522717 14 55.0
8 0.18430072761837502 19 54.0
9 1.3988820400063005 8 52.0
10 2.623572827205197 4 51.0
11 0.5788008779745364 16 48.0
12 0.21866479914071224 18 47.0
13 1.0371519936994593 13 45.0
14 1.1239917941275404 11 41.0
15 1.7806751035472557 6 38.0
16 1.9305062542738232 5 38.0
17 2.8803667848238197 3 38.0
18 1.3696630094549267 9 37.0
19 1.2247999996367498 10 33.0
20 0.582226680403705 15 26.0
1 7.16805814560028 2 93.0
2 5.2826202784569265 4 80.0
3 2.652475462252432 13 78.0
4 5.220823603452464 6 77.0
5 3.9206255415394473 9 58.0
6 5.2781874795284045 5 55.0
7 3.61369268507604 11 55.0
8 0.5695926852817634 19 54.0
9 2.7531494182042997 12 52.0
10 1.916127125875749 17 51.0
11 7.387747868444112 1 48.0
12 2.3843616657955256 14 47.0
13 0.0 20 45.0
14 2.3843616653910438 15 41.0
15 5.682203052597824 3 38.0
16 5.202749417755728 7 38.0
17 3.7186306594670118 10 38.0
18 0.6913271230220537 18 37.0
19 2.0831993534680517 16 33.0
20 4.007992670397555 8 26.0
1 9.084817351353681 3 93.0
2 7.084662778370185 9 80.0
3 5.462590513516246 16 78.0
4 9.68580598378435 1 77.0
5 8.969345983783533 4 58.0
6 9.678748248648745 2 55.0
7 6.562448248647417 13 55.0
8 5.107300000002573 17 54.0
9 7.5707744432431 8 52.0
10 6.179050513512868 14 51.0
11 6.607971924323966 12 48.0
12 0.0 20 47.0
13 3.1659999999992507 19 45.0
14 8.509537221620954 5 41.0
15 7.860017351350801 6 38.0
16 6.63076371891793 11 38.0
17 5.85986277837975 15 38.0
18 4.106913248650587 18 37.0
19 6.792102183783714 10 33.0
20 7.570774443243162 7 26.0
1 3.587219184748684 4 93.0
2 1.9302192168609507 11 80.0
3 2.7942297863917833 8 78.0
4 3.670239707355556 2 77.0
5 3.668260810186772 3 58.0
6 4.146183575841763 1 55.0
7 1.0298835758416023 15 55.0
8 1.5693056481117185 13 54.0
9 3.0168960843051673 6 52.0
10 3.490131252130042 5 51.0
11 2.5305576505826752 10 48.0
12 0.35919608430455807 18 47.0
13 0.6241608101871732 17 45.0
14 0.07016874786958827 19 41.0
15 2.614012198776307 9 38.0
16 1.7289397073562243 12 38.0
17 2.9985116415986255 7 38.0
18 1.351283103712202 14 37.0
19 0.6902843094362268 16 33.0
20 0.0 20 26.0
1 2.3381034050757337 6 93.0
2 3.3273135064812682 1 80.0
3 0.30399159888752036 17 78.0
4 1.0130730894871434 13 77.0
5 0.991403405077407 14 58.0
6 2.131490834625378 7 55.0
7 1.2765254934097254 11 55.0
8 0.8770365280177217 15 54.0
9 1.3853665280168175 10 52.0
10 2.9336057602800767 3 51.0
11 0.08877340507717912 19 48.0
12 0.22864178140136415 18 47.0
13 1.1229504250725177 12 45.0
14 0.7188994999463731 16 41.0
15 2.119664397569437 8 38.0
16 2.3711721705627227 4 38.0
17 3.295191216762854 2 38.0
18 0.0 20 37.0
19 2.36990193035479 5 33.0
20 1.6971635752085188 9 26.0
1 2.5185774816321835 17 93.0
2 3.684264157462595 11 80.0
3 1.3995822535803346 18 78.0
4 5.734348569564614 1 77.0
5 3.989843193226543 7 58.0
6 4.0686999999999856 6 55.0
7 3.489989681954569 12 55.0
8 3.1725543977917003 15 54.0
9 1.3957015770649757 19 52.0
10 4.741213738574853 2 51.0
11 4.323725045617816 4 48.0
12 3.0346208737905287 16 47.0
13 4.55341055399392 3 45.0
14 4.2103876357911165 5 41.0
15 0.0 20 38.0
16 3.9637230906660146 8 38.0
17 3.299474089473831 14 38.0
18 3.484548388140747 13 37.0
19 3.8770376357911163 9 33.0
20 3.755127635791116 10 26.0
1 4.443080644032897 12 93.0
2 4.537688056454914 11 80.0
3 0.0 20 78.0
4 4.174769853151361 14 77.0
5 5.1771848361203645 7 58.0
6 6.5182999999974065 2 55.0
7 5.085379999943485 8 55.0
8 5.479679999965029 5 54.0
9 3.481666112949243 16 52.0
10 3.3518005763192154 17 51.0
11 5.07047838414228 10 48.0
12 4.3812612880963 13 47.0
13 2.528831299152814 18 45.0
14 0.6551880565027615 19 41.0
15 5.748897683675777 4 38.0
16 5.801840000011075 3 38.0
17 6.704480000009002 1 38.0
18 5.227631898302491 6 37.0
19 3.860580000211443 15 33.0
20 5.070478384397886 9 26.0
1 5.417769274170286 1 93.0
2 2.603127547236135 10 80.0
3 2.111278627926762 14 78.0
4 4.370895611789449 2 77.0
5 3.7500267924551176 5 58.0
6 1.3544313239166903 16 55.0
7 0.0 20 55.0
8 3.2112990641662686 7 54.0
9 1.1108000000000013 17 52.0
10 3.1185499377266326 9 51.0
11 3.2055862221263767 8 48.0
12 1.0311908226417805 18 47.0
13 0.47017755796478067 19 45.0
14 2.561945137296607 11 41.0
15 4.123412716628434 4 38.0
16 3.4703548734892933 6 38.0
17 4.253433677780768 3 38.0
18 1.9970481519743906 15 37.0
19 2.380711526304248 13 33.0
20 2.5351213307986695 12 26.0
1 6.117159850795574 6 93.0
2 6.492238642141609 5 80.0
3 2.8115255085800817 16 78.0
4 4.526907913476395 9 77.0
5 3.584774491416964 11 58.0
6 4.157178836111539 10 55.0
7 3.326238642138268 13 55.0
8 3.3262386420685637 14 54.0
9 0.0 20 52.0
10 10.046225508580376 1 51.0
11 9.45013864212722 2 48.0
12 7.91882550858003 3 47.0
13 1.2248000000025732 19 45.0
14 4.5666255085746705 8 41.0
15 6.694025508581793 4 38.0
16 2.530972414837392 18 38.0
17 5.076376612781344 7 38.0
18 2.729681059436178 17 37.0
19 3.015674389465141 15 33.0
20 3.5573686122787005 12 26.0
1 4.576138181947948 5 93.0
2 3.3174536361076084 11 80.0
3 1.2657431937457344 18 78.0
4 3.479764319051596 9 77.0
5 1.7331000000002927 17 58.0
6 4.818564319065893 4 55.0
7 3.273845397098668 12 55.0
8 3.67939720088651 8 54.0
9 2.8791417895237017 14 52.0
10 1.9822031937727413 15 51.0
11 3.4233540387139016 10 48.0
12 3.0854643190485884 13 47.0
13 1.7380972008863127 16 45.0
14 4.243612859767945 6 41.0
15 5.305795896493741 1 38.0
16 0.0 20 38.0
17 4.952040363059854 3 38.0
18 0.7450918180509674 19 37.0
19 3.8608780785029073 7 33.0
20 5.188230859593464 2 26.0
1 4.591254000001172 3 93.0
2 2.779446000002264 13 80.0
3 3.5603400000034466 7 78.0
4 4.906846000001544 2 77.0
5 3.2447379999984673 10 58.0
6 0.5160460000038234 19 55.0
7 3.944167333334505 5 55.0
8 0.7874920000047965 18 54.0
9 2.335540000001803 16 52.0
10 4.276799999998296 4 51.0
11 2.342108000003373 14 48.0
12 0.0 20 47.0
13 2.3421080000018177 15 45.0
14 1.9767459999973351 17 41.0
15 3.3664540000060517 8 38.0
16 3.3522000000028522 9 38.0
17 4.9713000000019445 1 38.0
18 3.0520000000030474 12 37.0
19 3.166000000008058 11 33.0
20 3.691380666667839 6 26.0
1 8.103480754596882 1 93.0
2 4.937480754596882 8 80.0
3 1.1586790392503508 19 78.0
4 5.926121786775105 3 77.0
5 5.293429999999995 5 58.0
6 6.945796201202256 2 55.0
7 3.372279039250349 15 55.0
8 3.2995782132248936 17 54.0
9 4.332076306223477 11 52.0
10 5.52732671181046 4 51.0
11 4.390799999999994 9 48.0
12 5.0622028755304065 6 47.0
13 0.0 20 45.0
14 2.6576999999999966 18 41.0
15 4.976314189179623 7 38.0
16 3.3039111711456806 16 38.0
17 4.24210055551626 12 38.0
18 3.998202462517674 13 37.0
19 3.8097552029702917 14 33.0
20 4.390799999999988 10 26.0
1 5.476996390448075 1 93.0
2 3.0297228949468735 6 80.0
3 3.666957165723505 4 78.0
4 4.252196390048507 2 77.0
5 2.1180998101640647 11 58.0
6 2.9246200792370742 7 55.0
7 0.015096390447919994 19 55.0
8 2.4590607091493872 9 54.0
9 1.165612182940965 17 52.0
10 1.363403609392714 16 51.0
11 2.388603407389914 10 48.0
12 1.6225744322529025 15 47.0
13 2.572704286740165 8 45.0
14 3.7719736224960325 3 41.0
15 1.7109951880455023 13 38.0
16 3.2034956704048603 5 38.0
17 1.6311501194201719 14 38.0
18 0.0 20 37.0
19 0.2526036094640176 18 33.0
20 1.8843605660486664 12 26.0
1 4.67061771059126 5 93.0
2 5.406351633199925 2 80.0
3 1.2883247460686116 19 78.0
4 4.039222626340846 6 77.0
5 5.710861953918563 1 58.0
6 3.0909741417522385 12 55.0
7 2.6144291246486375 17 55.0
8 2.951871974097867 14 54.0
9 3.732000096453613 9 52.0
10 4.917709580729726 3 51.0
11 4.808231953918419 4 48.0
12 3.3607527948419453 10 47.0
13 3.0708516332000646 13 45.0
14 3.3607527948401916 11 41.0
15 3.892334219127252 7 38.0
16 2.8316526275914815 15 38.0
17 2.259515742676257 18 38.0
18 0.0 20 37.0
19 2.8144226263404057 16 33.0
20 3.8677897660856475 8 26.0
1 2.4950368455344933 4 93.0
2 1.388786211672146 14 80.0
3 0.4933414743867688 18 78.0
4 2.0650358578653827 7 77.0
5 1.2129523303595444 16 58.0
6 2.298252588366453 6 55.0
7 1.9206134631732559 9 55.0
8 1.483013877129827 12 54.0
9 1.5242140448177106 11 52.0
10 7.083352588366451 1 51.0
11 2.443889887537232 5 48.0
12 0.0 20 47.0
13 0.03246183856813056 19 45.0
14 1.1160917385713474 17 41.0
15 1.4424194991675638 13 38.0
16 2.0086218009555012 8 38.0
17 3.8629417385713496 2 38.0
18 1.386565915691523 15 37.0
19 1.7556216385745638 10 33.0
20 2.5625786152577374 3 26.0
1 5.405602145454512 7 93.0
2 2.226746272727269 18 80.0
3 0.0 20 78.0
4 6.0798710727272525 2 77.0
5 5.625355509091062 6 58.0
6 5.824711090909099 5 55.0
7 5.832999090909091 4 55.0
8 2.59368265454543 15 54.0
9 5.231055509090862 10 52.0
10 4.315239927272633 12 51.0
11 2.5518112909091104 17 48.0
12 1.4606999999999637 19 47.0
13 2.581255509090851 16 45.0
14 6.790686036363615 1 41.0
15 6.0798710727272525 3 38.0
16 2.9799366727273027 14 38.0
17 5.298812981818197 9 38.0
18 3.619855509090911 13 37.0
19 4.85507107272731 11 33.0
20 5.316381090908995 8 26.0
1 8.689785416668599 5 93.0
2 4.832432916670085 11 80.0
3 0.0 20 78.0
4 3.657964166671109 17 77.0
5 6.788737916667829 7 58.0
6 5.2314533333333335 10 55.0
7 2.5116866666666655 19 55.0
8 5.355837916670062 9 54.0
9 3.944094166667509 14 52.0
10 12.354597916668101 1 51.0
11 3.9875304166676067 13 48.0
12 10.341197916668103 2 47.0
13 4.4526854166658545 12 45.0
14 5.391064166667655 8 41.0
15 9.116397916668458 3 38.0
16 3.2281466666765377 18 38.0
17 3.8585366666678835 15 38.0
18 7.175097916668103 6 37.0
19 3.7367379166622783 16 33.0
20 8.794237916667676 4 26.0
1 1.8077889511924186 12 93.0
2 2.4335755607037433 9 80.0
3 2.977518109362017 7 78.0
4 3.930326835032684 4 77.0
5 2.2700690344409935 10 58.0
6 4.102455170751541 3 55.0
7 1.4213214689112288 14 55.0
8 2.8439000000000556 8 54.0
9 0.6844448377576844 18 52.0
10 3.561750641074584 6 51.0
11 6.860018109361661 1 48.0
12 1.4212278900139779 15 47.0
13 0.728724286374943 17 45.0
14 1.9957200405049027 11 41.0
15 4.374875560703766 2 38.0
16 0.0 20 38.0
17 3.7907736542759682 5 38.0
18 1.5439413070627217 13 37.0
19 1.2247999999999897 16 33.0
20 0.6844448377576318 19 26.0
1 6.430945462030239 1 93.0
2 3.5848606625934027 5 80.0
3 2.891288037507168 8 78.0
4 1.8691506107718472 14 77.0
5 2.4746492645750893 11 58.0
6 2.416729287330539 12 55.0
7 1.7897754696004702 15 55.0
8 2.3817666856583113 13 54.0
9 2.843899999999998 9 52.0
10 3.283924963584246 6 51.0
11 0.0 20 48.0
12 1.3785666251156443 17 47.0
13 0.5902474268631916 19 45.0
14 4.0625852071999 4 41.0
15 5.20614546203024 2 38.0
16 4.730766625115644 3 38.0
17 3.229029717363128 7 38.0
18 2.7667757234973163 10 37.0
19 1.4774964829820045 16 33.0
20 1.3402055391008152 18 26.0
1 3.4348417559451967 3 93.0
2 0.508329999999986 18 80.0
3 0.0 20 78.0
4 2.6784928266992 5 77.0
5 1.2290287380987461 15 58.0
6 3.802543806663643 1 55.0
7 1.7721481030982102 11 55.0
8 0.4769417559454596 19 54.0
9 1.5369928357077747 13 52.0
10 3.4407833662642275 2 51.0
11 0.5170309452359032 17 48.0
12 1.161758633841648 16 47.0
13 1.503811747569461 14 45.0
14 2.2159833662640924 7 41.0
15 2.2100417559455163 9 38.0
16 2.3827518969017043 6 38.0
17 1.5371080986872847 12 38.0
18 1.918253368469605 10 37.0
19 2.2110837737920694 8 33.0
20 3.29421380666344 4 26.0
1 4.316966004297073 2 93.0
2 4.9548211167425364 1 80.0
3 2.66298947603037 15 78.0
4 3.704355976504231 6 77.0
5 2.825315473198858 13 58.0
6 3.723277000348964 5 55.0
7 1.7464290706977477 19 55.0
8 2.7220000022994406 14 54.0
9 2.3941991240087797 17 52.0
10 4.040303861717094 4 51.0
11 3.594975185783315 7 48.0
12 3.139120207314533 11 47.0
13 3.1043507794618574 12 45.0
14 4.288288109401419 3 41.0
15 1.8766325590578659 18 38.0
16 3.168242984876085 10 38.0
17 0.0 20 38.0
18 3.1982045985615684 9 37.0
19 2.55847827906776 16 33.0
20 3.230754807927431 8 26.0
1 4.497785962094585 7 93.0
2 7.3001174684948325 1 80.0
3 3.1661639747530197 16 78.0
4 3.9395619873438203 13 77.0
5 4.352392253234553 9 58.0
6 3.3232478858327545 15 55.0
7 4.860722252751027 4 55.0
8 7.00998275954835 2 54.0
9 1.2952859620269717 19 52.0
10 7.009982759184403 3 51.0
11 3.9465660249165815 12 48.0
12 4.17562596167402 10 47.0
13 2.5200859620381943 17 45.0
14 4.783947887948801 5 41.0
15 4.7730176327097595 6 38.0
16 1.9982619873558378 18 38.0
17 3.6172380127364963 14 38.0
18 0.0 20 37.0
19 4.0031293545705084 11 33.0
20 4.446112683159558 8 26.0
1 4.931340629000557 10 93.0
2 8.278532721656777 1 80.0
3 0.0 20 78.0
4 3.537138650144695 17 77.0
5 6.301431220831541 2 58.0
6 6.147201349855302 5 55.0
7 5.739553971157253 8 55.0
8 4.9137294210921105 11 54.0
9 4.681682216883775 13 52.0
10 5.999520560708737 7 51.0
11 3.1709909959459726 19 48.0
12 3.3229442072586046 18 47.0
13 3.8872324071136424 16 45.0
14 6.255601584282577 3 41.0
15 4.253598650144697 14 38.0
16 5.6385384705058295 9 38.0
17 6.003382607856418 6 38.0
18 4.774857498329144 12 37.0
19 4.0102677443762165 15 33.0
20 6.151132721656776 4 26.0
1 6.551182201737134 5 93.0
2 5.185175125003094 8 80.0
3 2.425792784168769 18 78.0
4 6.383596329149541 6 77.0
5 5.432128640372585 7 58.0
6 4.631333579907387 13 55.0
7 4.497728545852011 14 55.0
8 4.333130967656011 15 54.0
9 3.7657472737821642 16 52.0
10 4.6540654345821135 12 51.0
11 5.0758125519227955 9 48.0
12 0.0 20 47.0
13 3.3781589605213256 17 45.0
14 6.681327484759284 4 41.0
15 7.03083864127602 3 38.0
16 4.91698699717945 11 38.0
17 4.9402068831395765 10 38.0
18 2.127399999998793 19 37.0
19 7.360728800899601 1 33.0
20 7.238818800899985 2 26.0
1 2.895047106431546 9 93.0
2 3.2829333463976873 2 80.0
3 3.1025039449277125 4 78.0
4 3.184969405030367 3 77.0
5 3.0899584352233327 5 58.0
6 2.9526837415959895 7 55.0
7 1.1281068542862829 15 55.0
8 1.2620289817949422 14 54.0
9 0.28437239438714346 18 52.0
10 2.7944001986953966 10 51.0
11 0.7198616863779312 17 48.0
12 1.0770415973730572 16 47.0
13 0.0 20 45.0
14 2.903788397709187 8 41.0
15 1.8613668567316353 13 38.0
16 2.0069610817181784 12 38.0
17 3.4942080111893707 1 38.0
18 0.10077458258064986 19 37.0
19 2.069654072666375 11 33.0
20 2.9698279867863 6 26.0
1 2.966143866529398 4 93.0
2 1.7899822630931725 11 80.0
3 0.03804572795446104 19 78.0
4 3.57739979910823 1 77.0
5 1.4900351090473962 13 58.0
6 3.4962067256288623 2 55.0
7 1.490865806313427 12 55.0
8 0.6349836520743104 17 54.0
9 2.541469894565388 7 52.0
10 2.315783356073934 9 51.0
11 0.8480503554860714 16 48.0
12 0.0 20 47.0
13 1.3046957839493958 14 45.0
14 1.2846150492508313 15 41.0
15 2.6437139622835315 6 38.0
16 2.397179744557709 8 38.0
17 3.47458225532022 3 38.0
18 2.686558554902002 5 37.0
19 1.973412399351657 10 33.0
20 0.32273828019648443 18 26.0
1 3.17279949152543 12 93.0
2 3.6278383050847705 11 80.0
3 2.7713318644067773 13 78.0
4 3.9027542372881534 10 77.0
5 1.8260994915254234 15 58.0
6 5.200299491525425 5 55.0
7 4.445231864406793 7 55.0
8 0.4618383050847519 18 54.0
9 4.383759491525426 8 52.0
10 4.597976610169482 6 51.0
11 6.733279491525426 1 48.0
12 2.4425594915254245 14 47.0
13 5.608559491525426 2 45.0
14 0.0 20 41.0
15 5.569138305084752 3 38.0
16 0.09299949152543263 19 38.0
17 5.5246318644067935 4 38.0
18 4.041984406779675 9 37.0
19 1.544792203389843 16 33.0
20 0.9234694915254553 17 26.0
1 6.104596915694711 4 93.0
2 6.709725307244385 3 80.0
3 4.353714439783688 11 78.0
4 9.329235242666368 1 77.0
5 5.247187351442493 7 58.0
6 4.811196078939828 10 55.0
7 6.023313570119426 5 55.0
8 4.221753491997488 14 54.0
9 2.6576999999999997 18 52.0
10 5.769836869519347 6 51.0
11 3.973383118619188 16 48.0
12 0.0 20 47.0
13 2.983202737181088 17 45.0
14 4.313885560216334 12 41.0
15 5.219708153650234 8 38.0
16 5.174960819578086 9 38.0
17 7.515174406392891 2 38.0
18 4.237104804739826 13 37.0
19 2.571487999999999 19 33.0
20 4.206935516333856 15 26.0
1 3.1465180086681004 4 93.0
2 2.5103149312620014 7 80.0
3 1.1819194383268337 14 78.0
4 1.5575177771752964 12 77.0
5 0.1662132997903063 19 58.0
6 2.005903315929775 11 55.0
7 3.332688008668102 3 55.0
8 2.037488675141838 10 54.0
9 2.2378914970739663 8 52.0
10 3.569748552782319 2 51.0
11 0.9449000311348915 15 48.0
12 0.7468915899093651 18 47.0
13 0.0 20 45.0
14 3.668499444493364 1 41.0
15 2.568203825783823 6 38.0
16 0.812021611579332 17 38.0
17 2.5912516496701485 5 38.0
18 0.8637850687380009 16 37.0
19 1.2341449935317825 13 33.0
20 2.0438282918966637 9 26.0
1 3.3120067849338337 7 93.0
2 3.1050349104573733 8 80.0
3 1.8994071560919898 17 78.0
4 5.370863770831083 2 77.0
5 3.4433115095183298 6 58.0
6 5.695217137639862 1 55.0
7 2.251777354419591 15 55.0
8 2.867622528106234 11 54.0
9 3.0490115095183277 10 52.0
10 3.0746298728090324 9 51.0
11 4.37595893317417 3 48.0
12 0.0 20 47.0
13 2.1560783273185526 16 45.0
14 2.544418404232908 14 41.0
15 4.247999454046231 4 38.0
16 2.6119774718937454 13 38.0
17 2.6737249094430124 12 38.0
18 1.8828805038595582 18 37.0
19 0.8533636443966905 19 33.0
20 3.8785073189720745 5 26.0
1 1.3218657822543143 17 93.0
2 4.818221537379966 5 80.0
3 0.6702881084711279 19 78.0
4 0.0 20 77.0
5 3.431544462411893 13 58.0
6 3.7028178222043677 8 55.0
7 3.7178345858582365 7 55.0
8 4.9142315299988315 3 54.0
9 1.3388000000000004 16 52.0
10 3.5204134560375238 12 51.0
11 3.524422996205379 11 48.0
12 0.776840991128128 18 47.0
13 2.563599999999999 15 45.0
14 2.8706243670138583 14 41.0
15 4.824618707746071 4 38.0
16 5.0351 2 38.0
17 3.597071593791153 10 38.0
18 3.6022000000000007 9 37.0
19 4.129205151180019 6 33.0
20 6.407435796895566 1 26.0
1 1.6131733927282423 15 93.0
2 2.407153630621946 6 80.0
3 0.771610610751226 19 78.0
4 4.006759077530781 1 77.0
5 2.319305131184107 7 58.0
6 2.960539578260669 4 55.0
7 3.1424986756491764 3 55.0
8 1.677419789130334 13 54.0
9 1.627664361164252 14 52.0
10 3.845874131119613 2 51.0
11 1.7905741311196135 11 48.0
12 1.1359485102638345 17 47.0
13 0.0 20 45.0
14 1.0037677913239502 18 41.0
15 2.232562220114249 8 38.0
16 1.7905741311196113 12 38.0
17 1.3364910837927468 16 38.0
18 2.0717197891303343 10 37.0
19 2.466487867323465 5 33.0
20 2.0729750917065677 9 26.0
1 5.093364718614925 8 93.0
2 4.921348210678856 9 80.0
3 4.362198860034671 12 78.0
4 7.364809610390534 2 77.0
5 5.760310577198507 6 58.0
6 0.0 20 55.0
7 3.966031111105978 15 55.0
8 3.041379393940158 18 54.0
9 4.34102999999566 13 52.0
10 4.7851000000011705 10 51.0
11 6.648339610390533 3 48.0
12 5.146120360752683 7 47.0
13 3.1828546608959627 17 45.0
14 1.4607000000002377 19 41.0
15 3.8685647186149206 16 38.0
16 4.190724718615007 14 38.0
17 5.809824718614297 5 38.0
18 7.507030000000975 1 37.0
19 6.140009610386002 4 33.0
20 4.519680562774517 11 26.0
1 2.4496000000669333 15 93.0
2 3.907258407094183 8 80.0
3 1.54696999982089 17 78.0
4 4.305387079761795 5 77.0
5 3.911087079666893 6 58.0
6 2.6887467256724653 13 55.0
7 2.5045441592472315 14 55.0
8 0.0 20 54.0
9 0.906777876127737 18 52.0
10 6.463505044257776 2 51.0
11 4.859762300897328 4 48.0
12 3.911087079627054 7 47.0
13 2.854366194697168 12 45.0
14 2.3113895575029537 16 41.0
15 3.7160012390539054 9 38.0
16 0.6958933628259145 19 38.0
17 3.0377816814844785 10 38.0
18 8.624087079658377 1 37.0
19 5.45808707965519 3 33.0
20 2.903205044268018 11 26.0
1 3.711756550766985 8 93.0
2 2.149245823228646 16 80.0
3 1.2248541767713714 18 78.0
4 2.4869565507669873 14 77.0
5 4.684991646457247 3 58.0
6 6.395044977355729 1 55.0
7 3.278744977355736 11 55.0
8 4.848044977355759 2 54.0
9 4.453744977355736 4 52.0
10 4.084825906501118 5 51.0
11 3.8571043170197257 7 48.0
12 2.1492458232286364 17 47.0
13 0.0 20 45.0
14 2.600319878743622 13 41.0
15 2.9075437472607604 12 38.0
16 2.198724886778685 15 38.0
17 3.6247083535427214 9 38.0
18 0.32098821475529915 19 37.0
19 3.3262349320671993 10 33.0
20 3.857104317019729 6 26.0
1 2.0173144174232465 6 93.0
2 2.7331348926706927 3 80.0
3 1.3951310450321086 12 78.0
4 2.434935967315239 5 77.0
5 2.8213377294235817 2 58.0
6 1.8936337776577365 8 55.0
7 0.8708250157240691 14 55.0
8 0.33078089984336145 18 54.0
9 1.8290115997156104 10 52.0
10 3.242818664998312 1 51.0
11 0.1354556889871319 19 48.0
12 0.6880339486097515 16 47.0
13 0.647686640598529 17 45.0
14 0.8597327311975913 15 41.0
15 1.918707733153287 7 38.0
16 1.594136483093747 11 38.0
17 2.5137235197033823 4 38.0
18 0.0 20 37.0
19 1.8776599731521562 9 33.0
20 0.892715991364478 13 26.0
1 7.766436323930879 7 93.0
2 7.56066367606915 9 80.0
3 0.0 20 78.0
4 9.349357688808015 3 77.0
5 8.27760247497725 5 58.0
6 3.167024240218378 17 55.0
7 5.877188116469534 12 55.0
8 11.082457688808008 1 54.0
9 4.784175759781623 14 52.0
10 9.894348480436744 2 51.0
11 3.882500000000001 16 48.0
12 8.955057688808001 4 47.0
13 4.066751519563226 15 45.0
14 7.04997632393084 10 41.0
15 8.276684877161054 6 38.0
16 6.375708971792515 11 38.0
17 7.561142474977247 8 38.0
18 4.805472902638746 13 37.0
19 1.6394729026387687 19 33.0
20 2.6586942402183786 18 26.0
1 3.9405232291264625 2 93.0
2 3.218200911462348 4 80.0
3 1.7229823164337112 11 78.0
4 3.3153768727096904 3 77.0
5 2.2626269248426003 9 58.0
6 0.43293843635490714 17 55.0
7 0.50542908244474 15 55.0
8 0.46655965548313927 16 54.0
9 0.0 20 52.0
10 6.3901232291265195 1 51.0
11 0.28546502004095253 19 48.0
12 2.492992582082552 7 47.0
13 0.40465799850715145 18 45.0
14 1.9305523375044997 10 41.0
15 2.5751489725422947 6 38.0
16 1.5484590721721558 12 38.0
17 1.484310957637105 13 38.0
18 1.4432579985070975 14 37.0
19 3.0207204968212102 5 33.0
20 2.4207536541593146 8 26.0
1 3.304683458580686 7 93.0
2 3.1255315216276864 10 80.0
3 2.5767330432553956 11 78.0
4 4.859087840625431 1 77.0
5 4.7316116302370546 2 58.0
6 1.9827979798087454 14 55.0
7 0.0 20 55.0
8 0.7019247353182583 19 54.0
9 1.012499488468011 17 52.0
10 4.531722910217204 4 51.0
11 3.82898163023733 6 48.0
12 1.4240352384435093 16 47.0
13 1.7995654221487019 15 45.0
14 0.8552289899044438 18 41.0
15 4.130689805023121 5 38.0
16 2.435024735318633 12 38.0
17 4.698708937352562 3 38.0
18 2.0098615395345347 13 37.0
19 3.2075979798080922 8 33.0
20 3.1708562879718682 9 26.0
1 3.42186634431859 7 93.0
2 3.670909943726272 6 80.0
3 2.666210626125577 11 78.0
4 5.515269563803461 1 77.0
5 4.233230846894252 3 58.0
6 2.6611667341337517 12 55.0
7 0.0 20 55.0
8 0.9131878477271629 18 54.0
9 0.2193663443176761 19 52.0
10 4.666520158184155 2 51.0
11 2.407456531732073 13 48.0
12 3.2417597488181915 9 47.0
13 1.3354099437263593 17 45.0
14 3.383813153318381 8 41.0
15 3.6881664451467007 5 38.0
16 1.519628192883361 16 38.0
17 2.0742332658662037 15 38.0
18 2.1044320433993806 14 37.0
19 3.8859667341338353 4 33.0
20 2.933057686332439 10 26.0
1 2.5102233634505353 6 93.0
2 1.5484356951675866 11 80.0
3 0.48626135598450615 18 78.0
4 1.498541269759871 12 77.0
5 2.526432481935292 5 58.0
6 0.0 20 55.0
7 1.1037243314090541 16 55.0
8 1.3292606523820032 13 54.0
9 4.803743759032694 1 52.0
10 2.6231759430746755 4 51.0
11 1.959843759032138 8 48.0
12 1.317359176069202 14 47.0
13 0.7367272546106136 17 45.0
14 3.21175951979129 3 41.0
15 1.7911474356183874 10 38.0
16 0.22839725461017357 19 38.0
17 2.0366862409672857 7 38.0
18 1.959288822829485 9 37.0
19 1.2248000000001378 15 33.0
20 4.300086240967428 2 26.0
1 1.879819897785001 12 93.0
2 4.172754405974434 2 80.0
3 0.0 20 78.0
4 2.9358709174714694 5 77.0
5 2.6702508178955298 7 58.0
6 2.387385040551748 9 55.0
7 0.8508237713976776 17 55.0
8 3.163373308703177 4 54.0
9 3.6717033087031687 3 52.0
10 2.860611307154973 6 51.0
11 1.431195487060405 13 48.0
12 2.2655523259617647 11 47.0
13 1.3303721130873303 14 45.0
14 2.4840808178951366 8 41.0
15 2.349520000000001 10 38.0
16 4.425380817895531 1 38.0
17 1.1520431524779606 15 38.0
18 0.9342207415422252 16 37.0
19 0.6162899999999998 18 33.0
20 0.4943799999995848 19 26.0
1 5.057499999999852 14 93.0
2 8.037608461539069 9 80.0
3 8.753591538462292 5 78.0
4 8.088038269230946 8 77.0
5 1.4328999999999805 18 58.0
6 3.374200000000048 16 55.0
7 9.064687307692434 4 55.0
8 0.0 20 54.0
9 1.432899999999801 19 52.0
10 8.63203557692282 6 51.0
11 7.766116730769241 10 48.0
12 10.931689807692454 1 47.0
13 7.714991538461363 11 45.0
14 1.9411999999998466 17 41.0
15 9.70688980769156 2 38.0
16 3.8825000000006544 15 38.0
17 9.22646269230794 3 38.0
18 7.580185192307357 12 37.0
19 8.099589423076676 7 33.0
20 6.812599999999252 13 26.0
1 2.3741366172696052 7 93.0
2 2.4163092308658887 6 80.0
3 0.0 20 78.0
4 3.70240389862028 1 77.0
5 3.348238304185363 3 58.0
6 2.670507609186736 5 55.0
7 0.8365178628910271 15 55.0
8 1.311728652990892 14 54.0
9 1.822614475819199 10 52.0
10 3.2353879553798617 4 51.0
11 1.3709083041853605 13 48.0
12 1.9448490732732373 9 47.0
13 0.7986588924629738 16 45.0
14 2.321870602550115 8 41.0
15 3.4210863374832217 2 38.0
16 1.3876674954865575 12 38.0
17 1.4928183041853642 11 38.0
18 0.2877220374275642 19 37.0
19 0.6969587727269289 18 33.0
20 0.7598635468784671 17 26.0
1 1.6478095088067435 15 93.0
2 6.540260000000005 3 80.0
3 1.4766050831059467 16 78.0
4 8.66765999999999 1 77.0
5 5.045124864797816 6 58.0
6 4.289091530637563 8 55.0
7 1.9156509650210787 14 55.0
8 5.650440042173151 4 54.0
9 4.650824864797818 7 52.0
10 5.650440042173148 5 51.0
11 0.0 20 48.0
12 3.4367818432150923 9 47.0
13 0.3518950831059242 19 45.0
14 2.6577599999999415 10 41.0
15 2.6035915430414356 11 38.0
16 7.383540042173147 2 38.0
17 2.571456030761591 12 38.0
18 0.7164600000000116 18 37.0
19 1.1684150831059252 17 33.0
20 2.454333718680223 13 26.0
1 2.296480263141186 8 93.0
2 1.857487991550541 12 80.0
3 3.0953345150118228 3 78.0
4 2.892659683560612 5 77.0
5 2.6101498347663976 6 58.0
6 2.165183691385613 9 55.0
7 0.9186330441252162 17 55.0
8 0.6564335006717166 19 54.0
9 3.51657248930654 2 52.0
10 3.0510506238378223 4 51.0
11 1.4543564571745768 15 48.0
12 0.8113298996545568 18 47.0
13 0.0 20 45.0
14 2.4052098615694133 7 41.0
15 2.059569867922586 10 38.0
16 1.4543564500280708 16 38.0
17 4.100965859757466 1 38.0
18 1.9385713415538555 11 37.0
19 1.560841027587463 14 33.0
20 1.618665188792457 13 26.0
1 5.019254400000494 4 93.0
2 3.734427200000037 10 80.0
3 5.334740999999969 2 78.0
4 6.533437600000129 1 77.0
5 4.4205203999999405 7 58.0
6 1.7331000000000556 16 55.0
7 3.7674241999993754 9 55.0
8 4.740191000000271 6 54.0
9 4.026220400000358 8 52.0
10 4.959227199999861 5 51.0
11 1.3989272000000113 17 48.0
12 0.0 20 47.0
13 1.39892720000001 18 45.0
14 3.1938000000000013 13 41.0
15 3.4277144000002484 12 38.0
16 2.9039272000000356 15 38.0
17 3.674399999999966 11 38.0
18 1.2904543999999194 19 37.0
19 3.088004599999739 14 33.0
20 5.084381799999829 3 26.0
1 7.020025691400669 3 93.0
2 7.019715652063029 4 80.0
3 3.453895579911328 15 78.0
4 5.678892030253693 7 77.0
5 6.057634417636224 6 58.0
6 8.176014998773777 1 55.0
7 0.0 20 55.0
8 3.225888225195717 17 54.0
9 3.148360870480101 18 52.0
10 3.5924308704801042 14 51.0
11 4.096858865339724 11 48.0
12 3.352200000000009 16 47.0
13 3.844933515764495 13 45.0
14 5.594871328307413 8 41.0
15 1.415260870480099 19 38.0
16 4.880858747326816 9 38.0
17 4.411446015126849 10 38.0
18 3.996623791226048 12 37.0
19 7.604634417636218 2 33.0
20 6.664288225195716 5 26.0
1 6.600543583705274 3 93.0
2 1.5558358037782085 17 80.0
3 0.0 20 78.0
4 6.570721660884307 4 77.0
5 2.3348433724345448 15 58.0
6 2.326799946760842 16 55.0
7 3.3676960910922045 9 55.0
8 2.6646398740006583 13 54.0
9 4.050169868765474 7 52.0
10 4.73078530785544 6 51.0
11 2.834994196221793 12 48.0
12 1.025471159992545 19 47.0
13 7.767299216230848 1 45.0
14 5.317669216230849 5 41.0
15 3.1769705213001043 10 38.0
16 7.258969216230849 2 38.0
17 1.3506055169966058 18 38.0
18 2.8717435837052703 11 37.0
19 2.62537625134207 14 33.0
20 3.6140055169966043 8 26.0
1 4.40007010278473 1 93.0
2 3.383947837295282 3 80.0
3 0.23923951308624303 19 78.0
4 2.6782728460557683 6 77.0
5 1.4810494394884788 11 58.0
6 1.5657623851783784 9 55.0
7 0.9157803096301234 14 55.0
8 1.5241877675029194 10 54.0
9 2.7955944019031 4 52.0
10 3.643122703019446 2 51.0
11 0.26230668816803626 18 48.0
12 0.0 20 47.0
13 0.572918975028561 16 45.0
14 2.5425812579681066 7 41.0
15 2.760659156337881 5 38.0
16 2.1009607229466933 8 38.0
17 1.1873560349430097 12 38.0
18 0.5248514802160322 17 37.0
19 0.9770139993317708 13 33.0
20 0.5784194363295827 15 26.0
1 2.1172215935708913 14 93.0
2 5.090289530624344 1 80.0
3 3.153110717783209 8 78.0
4 2.5013259827941243 11 77.0
5 1.773168212643178 16 58.0
6 3.6197361253810545 4 55.0
7 0.3198025453772395 19 55.0
8 0.0 20 54.0
9 2.798794909142204 10 52.0
10 3.48290267295583 6 51.0
11 4.288639441701449 2 48.0
12 0.47814047626236444 18 47.0
13 2.2121983181954925 13 45.0
14 3.6187254530259425 5 41.0
15 3.185871510824589 7 38.0
16 1.7038683182786212 17 38.0
17 2.075071510826736 15 38.0
18 2.2698004428545056 12 37.0
19 3.7803094417077636 3 33.0
20 3.1185974546288047 9 26.0
1 4.857005907746543 1 93.0
2 2.86900173187422 9 80.0
3 0.0 20 78.0
4 4.135851191493392 4 77.0
5 2.254553785049745 12 58.0
6 2.183155023456888 13 55.0
7 2.767608206668141 10 55.0
8 0.6361550234568194 18 54.0
9 1.6898046560823885 15 52.0
10 3.4586659852073183 6 51.0
11 2.135953260502205 14 48.0
12 3.03317766576798 8 47.0
13 2.7441555271150264 11 45.0
14 0.6101838585407928 19 41.0
15 3.7442978844198005 5 38.0
16 3.1012055724609993 7 38.0
17 4.7662776657679835 2 38.0
18 1.3800908862212755 17 37.0
19 4.263257447116182 3 33.0
20 1.689804656082388 16 26.0
1 2.812050780270968 4 93.0
2 2.6981622209100093 6 80.0
3 1.1025759879864212 14 78.0
4 2.737064870074292 5 77.0
5 2.835675987986422 3 58.0
6 1.6434177788227915 11 55.0
7 2.420559049195588 9 55.0
8 0.0 20 54.0
9 2.5609298802954275 7 52.0
10 2.9244236690597063 1 51.0
11 0.9930703120013014 16 48.0
12 0.9386108075254957 17 47.0
13 2.517591867156251 8 45.0
14 0.16905530813996594 19 41.0
15 2.9045463558305054 2 38.0
16 1.5728788898127049 12 38.0
17 1.2941712664556677 13 38.0
18 1.0223588892772688 15 37.0
19 2.34505939414096 10 33.0
20 0.4891666678328823 18 26.0
1 4.458857769416774 6 93.0
2 4.468107857146113 5 80.0
3 0.48055999999942633 18 78.0
4 0.0 20 77.0
5 4.193955488748161 7 58.0
6 5.404560050127913 3 55.0
7 3.6534902255755677 9 55.0
8 0.47675571428249475 19 54.0
9 3.242316428587019 11 52.0
10 3.7626428570818193 8 51.0
11 7.426007857142132 1 48.0
12 1.941260000002433 16 47.0
13 2.2691867167945796 15 45.0
14 2.6140992857288645 14 41.0
15 0.716459999999298 17 38.0
16 3.6063023308218645 10 38.0
17 5.3229411027501055 4 38.0
18 5.817842857140034 2 37.0
19 2.65184285715734 13 33.0
20 3.1660599999922288 12 26.0
1 2.300452771363522 8 93.0
2 2.3718503465447083 6 80.0
3 0.29042395974441315 18 78.0
4 3.045135147322648 3 77.0
5 2.4266539265329685 5 58.0
6 3.983795251046404 2 55.0
7 0.8734435421465746 16 55.0
8 0.0 20 54.0
9 1.1894522406754553 14 52.0
10 2.311133964980725 7 51.0
11 1.8085192207700003 9 48.0
12 1.1969684735820576 13 47.0
13 0.26621450791390444 19 45.0
14 4.763219469593934 1 41.0
15 1.0816679321976737 15 38.0
16 1.475473861393287 11 38.0
17 3.0301194695939317 4 38.0
18 0.50174639305316 17 37.0
19 1.2003339649807259 12 33.0
20 1.535011532341685 10 26.0
1 0.35480134492737814 18 93.0
2 2.731842749876618 7 80.0
3 0.0 20 78.0
4 2.699123467210261 8 77.0
5 4.199763794886763 1 58.0
6 1.0660854562755535 16 55.0
7 1.9417837299006973 12 55.0
8 1.450419326144005 14 54.0
9 1.5495650594649466 13 52.0
10 3.3518045073234175 4 51.0
11 3.299672274022665 5 48.0
12 0.03264134492736881 19 47.0
13 1.1556637948867612 15 45.0
14 2.1270045073234027 10 41.0
15 3.8133637948867665 2 38.0
16 2.5241277259773343 9 38.0
17 0.41147216140128107 17 38.0
18 3.7847359138377668 3 37.0
19 2.0120341225632803 11 33.0
20 2.827448133657371 6 26.0
1 11.041228434543306 1 93.0
2 7.5482441468566535 9 80.0
3 0.0 20 78.0
4 8.926530853157388 3 77.0
5 8.451357486541133 6 58.0
6 6.518300000060663 11 55.0
7 4.689430853204774 17 55.0
8 6.4173189956326455 13 54.0
9 6.559569146579009 10 52.0
10 8.53691914680671 5 51.0
11 6.490264125024198 12 48.0
12 5.659764125156016 15 47.0
13 6.291065032003262 14 45.0
14 8.789842013851539 4 41.0
15 5.062594146856674 16 38.0
16 9.010566635947207 2 38.0
17 2.2136000000093565 19 38.0
18 8.202326015953446 8 37.0
19 3.4646308531970855 18 33.0
20 8.30608895726923 7 26.0
1 4.510936102349757 3 93.0
2 4.004268869882767 4 80.0
3 2.7547386227731137 12 78.0
4 3.415750634577884 7 77.0
5 3.164236102347674 10 58.0
6 3.034853750262713 11 55.0
7 2.3498741332050987 15 55.0
8 1.0230933091983216 18 54.0
9 2.610175113669544 13 52.0
10 4.638028469512285 2 51.0
11 2.4271475941843956 14 48.0
12 1.4690964770711157 16 47.0
13 0.6968839895001762 19 45.0
14 3.2265552973279097 9 41.0
15 0.0 20 38.0
16 1.3560062497319052 17 38.0
17 4.968338622772924 1 38.0
18 3.5607636829786693 6 37.0
19 3.3796932560448503 8 33.0
20 3.801321055164927 5 26.0
1 3.8824999929652053 3 93.0
2 5.48007290079649 1 80.0
3 1.7176391383864038 19 78.0
4 3.722488329600223 5 77.0
5 2.6512358048965248 12 58.0
6 2.9708040150315664 8 55.0
7 2.3860171440019515 15 55.0
8 2.3140729047846538 16 54.0
9 2.3960255029420634 14 52.0
10 4.4296557654961735 2 51.0
11 3.080462327357376 7 48.0
12 1.9938812548248033 18 47.0
13 2.541551156994992 13 45.0
14 3.2405712722625215 6 41.0
15 2.793902404824137 11 38.0
16 2.8022358352468446 10 38.0
17 3.727838703186765 4 38.0
18 2.0991890450975914 17 37.0
19 2.82126019732632 9 33.0
20 0.0 20 26.0
1 6.558495596424715 1 93.0
2 4.9040386092892785 4 80.0
3 0.3789429446711088 19 78.0
4 3.589978060134089 9 77.0
5 5.605052583561319 2 58.0
6 4.184464621583034 5 55.0
7 2.568438609288586 12 55.0
8 1.941206544401745 15 54.0
9 3.6792386092884115 8 52.0
10 2.324007049646013 13 51.0
11 5.594095255463626 3 48.0
12 3.5155258893403163 10 47.0
13 1.2016775548894136 17 45.0
14 3.9683531864446175 6 41.0
15 2.585560000001912 11 38.0
16 3.87195258356211 7 38.0
17 0.0 20 38.0
18 1.125155609855909 18 37.0
19 1.213207049646305 16 33.0
20 2.263399999999521 14 26.0
1 3.2366117467003237 6 93.0
2 5.207458733502447 1 80.0
3 2.2417649761308 15 78.0
4 2.325552718337329 13 77.0
5 2.2304603397922342 16 58.0
6 0.0 20 55.0
7 3.827735240101265 4 55.0
8 3.035041698961275 9 54.0
9 3.1879252260607993 7 52.0
10 4.954123493400937 2 51.0
11 2.65770000000107 11 48.0
12 2.8267234934008787 10 47.0
13 1.203164976130397 19 45.0
14 1.3249587335018986 18 41.0
15 2.2484189721989405 14 38.0
16 4.421437233922378 3 38.0
17 3.4861906795846043 5 38.0
18 1.8708469868015136 17 37.0
19 2.447590679584191 12 33.0
20 3.1339919797808995 8 26.0
1 3.7232313387655096 11 93.0
2 4.64058136204835 8 80.0
3 4.201416880739523 9 78.0
4 6.57625156448181 3 77.0
5 5.730382424007039 5 58.0
6 2.4811751843223973 14 55.0
7 2.8565168315814957 12 55.0
8 0.0 20 54.0
9 7.915051564480251 1 52.0
10 6.586590975293893 2 51.0
11 2.15652805135145 18 48.0
12 5.935416856164348 4 47.0
13 2.6703468315877785 13 45.0
14 2.1647686612339134 16 41.0
15 4.919341587116732 6 38.0
16 3.821862677533198 10 38.0
17 4.718198804164902 7 38.0
18 2.165255618291314 15 37.0
19 1.6399574414702398 19 33.0
20 2.164768661233074 17 26.0
1 6.2822699980620405 4 93.0
2 10.450929998841083 1 80.0
3 4.304569998854321 10 78.0
4 4.390799992806533 9 77.0
5 5.873899997742246 5 58.0
6 0.0 20 55.0
7 2.09082222257112 19 55.0
8 5.146877776212744 7 54.0
9 3.079769999082293 13 52.0
10 6.382269998248262 2 51.0
11 4.9712700024011625 8 48.0
12 2.274277776212773 18 47.0
13 2.8297999990992517 14 45.0
14 4.199088889237746 11 41.0
15 2.8031444428794776 15 38.0
16 2.290666665421777 17 38.0
17 2.437188889237722 16 38.0
18 6.382229999157181 3 37.0
19 3.5154666661471823 12 33.0
20 5.22076666558041 6 26.0
