1 7.879523030931939 2 93.0
2 4.896527046184576 8 80.0
3 4.502741872961989 9 78.0
4 6.869023880114062 3 77.0
5 3.796540663096218 12 58.0
6 2.6594700255751644 17 55.0
7 3.2852108453544 14 55.0
8 3.979370025573566 11 54.0
9 3.3888700255738144 13 52.0
10 5.624069452744434 4 51.0
11 5.090409388061227 6 48.0
12 2.600194940604429 18 47.0
13 1.1332418729576523 19 45.0
14 4.142119517441171 10 41.0
15 9.567623880114414 1 38.0
16 5.001750645473822 7 38.0
17 2.8077765443971456 16 38.0
18 5.489923880114363 5 37.0
19 0.0 20 33.0
20 2.8605207140457534 15 26.0
1 9.394784987972521 1 93.0
2 3.6735974880215014 13 80.0
3 2.2057368004327054 16 78.0
4 4.363736800552075 11 77.0
5 6.670287262797049 4 58.0
6 6.605274987965794 6 55.0
7 6.641857487570681 5 55.0
8 9.278177712864276 2 54.0
9 0.0 20 52.0
10 1.6416000005168296 18 51.0
11 6.569984987944663 7 48.0
12 1.8539132500949136 17 47.0
13 4.5041567998988885 10 45.0
14 3.7731777134906603 12 41.0
15 7.291879088203331 3 38.0
16 4.505407487469093 9 38.0
17 5.007494987822423 8 38.0
18 3.286064113070182 14 37.0
19 1.5785358897533053 19 33.0
20 2.8569068000183027 15 26.0
1 7.060665358696543 1 93.0
2 1.30558987573623 17 80.0
3 4.01050096036328 5 78.0
4 6.64667975092075 2 77.0
5 2.9715883432912373 10 58.0
6 2.3216797509211036 14 55.0
7 5.283061975561148 3 55.0
8 3.81466535869697 6 54.0
9 1.864720677576216 15 52.0
10 2.4700910100824074 12 51.0
11 3.189120677576151 8 48.0
12 3.1105846518267968 9 47.0
13 0.8052294020572073 18 45.0
14 0.0 20 41.0
15 4.291969930227815 4 38.0
16 2.3272619755613593 13 38.0
17 2.6642798507041223 11 38.0
18 0.3358787911099794 19 37.0
19 1.5509248757362306 16 33.0
20 3.2437459964550865 7 26.0
1 7.86201046670487 1 93.0
2 4.371177627683514 9 80.0
3 6.188335654267826 3 78.0
4 0.5435300000000041 19 77.0
5 3.075231905611624 17 58.0
6 5.2204720009033245 5 55.0
7 0.8832500000000025 18 55.0
8 6.283268401958112 2 54.0
9 3.4547327996771555 15 52.0
10 4.373610621532516 8 51.0
11 3.68216448864013 13 48.0
12 3.431211905611625 16 47.0
13 0.0 20 45.0
14 4.061569731309636 11 41.0
15 4.4526209334097295 7 38.0
16 5.500924234933716 4 38.0
17 4.014791749514831 12 38.0
18 4.128746862435428 10 37.0
19 3.49059930597513 14 33.0
20 4.973423327602804 6 26.0
1 7.518104218802609 1 93.0
2 4.510380782783748 5 80.0
3 4.662952544488109 4 78.0
4 5.352100000000007 2 77.0
5 2.909144274553457 14 58.0
6 3.1466353133440506 11 55.0
7 3.7830276100102127 8 55.0
8 4.230817076645891 7 54.0
9 2.772004218803962 15 52.0
10 2.9667999999999677 13 51.0
11 0.34408995836234446 19 48.0
12 4.235990139584924 6 47.0
13 1.8282760603598391 16 45.0
14 1.2412964968373577 17 41.0
15 4.957504218795054 3 38.0
16 3.107552210456853 12 38.0
17 3.1583018351870282 10 38.0
18 0.0 20 37.0
19 0.6375899583675646 18 33.0
20 3.5167522330274497 9 26.0
1 7.744224986478525 1 93.0
2 5.658706629202468 8 80.0
3 7.304923669612826 2 78.0
4 6.052630435985346 6 77.0
5 6.304153669612827 4 58.0
6 7.11525366961437 3 55.0
7 6.214051494826643 5 55.0
8 4.390048630259389 10 54.0
9 1.940736808369984 17 52.0
10 3.9406958391119065 11 51.0
11 0.0 20 48.0
12 2.5235124932404984 14 47.0
13 2.395832278873005 15 45.0
14 1.3155770509866689 19 41.0
15 5.9188218230969545 7 38.0
16 3.935515516125742 12 38.0
17 3.1254604521504605 13 38.0
18 2.0134875067636497 16 37.0
19 1.6544790620141643 18 33.0
20 4.737153669612829 9 26.0
1 8.904865001094215 3 93.0
2 3.4678950008167324 16 80.0
3 6.392965000134158 10 78.0
4 8.310805004850154 4 77.0
5 6.731404974737807 9 58.0
6 7.930385013024491 5 55.0
7 9.538644999869469 2 55.0
8 6.958897507068865 7 54.0
9 0.0 20 52.0
10 3.132565000340878 18 51.0
11 7.908554998087574 6 48.0
12 2.4810999999993766 19 47.0
13 5.323402513887725 12 45.0
14 6.191364996773438 11 41.0
15 4.14538499750724 13 38.0
16 10.226102497920873 1 38.0
17 6.8767999942996365 8 38.0
18 3.6356000021304964 15 37.0
19 3.66700249792252 14 33.0
20 3.1785250058670753 17 26.0
1 8.87985874639554 1 93.0
2 4.504729478208084 7 80.0
3 3.4778817474451844 12 78.0
4 5.635881747445179 2 77.0
5 4.315458243385085 8 58.0
6 4.684714824946155 4 55.0
7 3.6202852606750495 9 55.0
8 3.3850467971053977 13 54.0
9 2.084198234215332 15 52.0
10 1.6961582433850826 17 51.0
11 5.544731226095109 3 48.0
12 4.6353328373197495 5 47.0
13 1.1080457911947899 18 45.0
14 0.0 20 41.0
15 4.575454208805278 6 38.0
16 3.489602112909643 11 38.0
17 2.954926812572522 14 38.0
18 2.080780429652535 16 37.0
19 0.3653467971054716 19 33.0
20 3.6139088001988076 10 26.0
1 9.485165498285333 1 93.0
2 4.192378104692971 8 80.0
3 5.222685245594651 4 78.0
4 5.907000000000003 3 77.0
5 3.7339835155656615 10 58.0
6 2.279163769237244 13 55.0
7 4.236100475806201 7 55.0
8 3.5067000000000017 11 54.0
9 0.0 20 52.0
10 2.2598240432281784 14 51.0
11 1.6838267501214228 16 48.0
12 4.6290193369700665 6 47.0
13 1.5556464479611143 18 45.0
14 0.1663487793969134 19 41.0
15 6.13880048987752 2 38.0
16 4.642792800073719 5 38.0
17 2.450573418472184 12 38.0
18 1.5641391903379236 17 37.0
19 1.781423132075118 15 33.0
20 3.7428918062327403 9 26.0
1 8.36778642314664 1 93.0
2 2.9208999999998797 14 80.0
3 5.452674339486508 2 78.0
4 3.8220172160315298 8 77.0
5 3.8148507118115575 9 58.0
6 4.1401623381790005 5 55.0
7 3.349861674798213 11 55.0
8 4.379376087893527 3 54.0
9 3.1682079495964066 12 52.0
10 4.011436740800304 6 51.0
11 2.1790214610760112 17 48.0
12 3.9447596243946133 7 47.0
13 3.4497544320630453 10 45.0
14 2.9311729002811373 13 41.0
15 1.1456168996272487 19 38.0
16 2.694325213690083 16 38.0
17 2.90670790028108 15 38.0
18 0.0 20 37.0
19 1.2806716480945317 18 33.0
20 4.319710699239514 4 26.0
1 4.877880978765022 1 93.0
2 2.599142941897491 8 80.0
3 2.5416055711649026 10 78.0
4 3.006036898496606 6 77.0
5 2.631361712992604 7 58.0
6 1.7778033254764398 13 55.0
7 2.558323425985134 9 55.0
8 4.394994010373571 3 54.0
9 0.8842055711648718 16 52.0
10 1.9139767644674106 12 51.0
11 0.4426545544328273 18 48.0
12 4.152144010373563 4 47.0
13 0.0 20 45.0
14 0.4173052666532524 19 41.0
15 4.586286774827274 2 38.0
16 3.1334487432545526 5 38.0
17 0.9421087585521908 15 38.0
18 0.9826531839413377 14 37.0
19 0.6286887585521226 17 33.0
20 2.0432855711648727 11 26.0
1 8.33548951447126 2 93.0
2 3.125043969322035 17 80.0
3 5.007274530643246 9 78.0
4 9.175218210994505 1 77.0
5 5.161292407931372 7 58.0
6 3.969646181137926 12 55.0
7 2.3754963141418597 19 55.0
8 7.086361926693291 3 54.0
9 3.2682182109945095 15 52.0
10 5.230700954325647 6 51.0
11 3.2074006274132554 16 48.0
12 5.584928879314029 4 47.0
13 0.0 20 45.0
14 3.891749061286497 13 41.0
15 5.461309582660074 5 38.0
16 4.178278527801639 10 38.0
17 5.061445840857212 8 38.0
18 4.053378012529359 11 37.0
19 2.7449328478045922 18 33.0
20 3.8102895144712545 14 26.0
1 9.553806666666663 1 93.0
2 5.761222993947057 10 80.0
3 7.78816787604554 4 78.0
4 8.601629810181851 2 77.0
5 6.811178052918699 7 58.0
6 5.710090046240001 11 55.0
7 6.09125636095863 8 55.0
8 8.44626009560996 3 54.0
9 6.026368052919052 9 52.0
10 5.126365265557888 15 51.0
11 5.6129999999999916 12 48.0
12 7.448301401108609 5 47.0
13 0.0 20 45.0
14 1.9695760201275894 18 41.0
15 6.89875837399339 6 38.0
16 5.321458373993578 14 38.0
17 5.3799133333334 13 38.0
18 3.8763523151743966 17 37.0
19 1.2280139873359586 19 33.0
20 4.562911954544883 16 26.0
1 6.939404617197095 3 93.0
2 5.802814617197033 8 80.0
3 4.427504617197071 12 78.0
4 7.1874441578333705 2 77.0
5 5.498119140165411 9 58.0
6 2.77187465253255 16 55.0
7 6.294505147232867 5 55.0
8 7.627818303887169 1 54.0
9 3.975302308598814 13 52.0
10 6.2421046171970325 6 51.0
11 5.293497691403177 10 48.0
12 6.230013663132818 7 47.0
13 0.0 20 45.0
14 2.459911460542161 17 41.0
15 6.480304617197252 4 38.0
16 3.6110423085987318 15 38.0
17 4.893642485276414 11 38.0
18 1.3956114605421912 19 37.0
19 2.446604617197016 18 33.0
20 3.7975723085986957 14 26.0
1 6.747180885466589 1 93.0
2 2.2117781524656497 11 80.0
3 4.743260316427239 3 78.0
4 3.4688656757628715 8 77.0
5 2.6935078919055115 10 58.0
6 0.42974827330007104 18 55.0
7 3.971383280614611 5 55.0
8 3.5754865466001786 7 54.0
9 2.0482860337737385 13 52.0
10 2.7230462127791952 9 51.0
11 0.4079182733001021 19 48.0
12 4.101033672030676 4 47.0
13 1.7161070276341643 15 45.0
14 0.0 20 41.0
15 5.200625854768287 2 38.0
16 1.8097180656122827 14 38.0
17 2.075366391784595 12 38.0
18 3.7001232806146582 6 37.0
19 0.5557865466000487 17 33.0
20 0.7623779787589515 16 26.0
1 7.422826414536961 1 93.0
2 4.404313259244819 5 80.0
3 5.063851448724505 3 78.0
4 6.741656331900002 2 77.0
5 3.0031648620975635 9 58.0
6 3.652322348414 8 55.0
7 0.836440350280109 18 55.0
8 1.0901200000000157 16 54.0
9 1.5124394010714324 14 52.0
10 4.111423555543648 7 51.0
11 0.0 20 48.0
12 4.615995899518094 4 47.0
13 2.0981943814858868 11 45.0
14 1.5254223484461127 13 41.0
15 4.3669838517201285 6 38.0
16 2.71996121522341 10 38.0
17 0.8829199999275081 17 38.0
18 1.389556331924837 15 37.0
19 0.4831033096698305 19 33.0
20 1.9875723703805006 12 26.0
1 6.436274511673306 2 93.0
2 3.863270434072695 6 80.0
3 4.558957233776312 4 78.0
4 8.255723634368081 1 77.0
5 1.9128572337763095 14 58.0
6 0.9298054165919556 19 55.0
7 3.2361693599342605 8 55.0
8 4.475330248299864 5 54.0
9 2.3487236343635014 11 52.0
10 1.7577940334808548 16 51.0
11 1.8276572337763048 15 48.0
12 3.40037931028165 7 47.0
13 0.0 20 45.0
14 1.2741072337763282 17 41.0
15 4.95740723377622 3 38.0
16 2.6842796634154205 10 38.0
17 2.0769540334802374 13 38.0
18 2.964909359931756 9 37.0
19 2.1801808331871566 12 33.0
20 1.0798545834056315 18 26.0
1 10.574353277571808 1 93.0
2 4.05536060252596 5 80.0
3 8.0262914942106 3 78.0
4 9.499122385890773 2 77.0
5 0.9695999999990357 18 58.0
6 3.9314279932309106 7 55.0
7 7.276184169252796 4 55.0
8 3.3409957192251447 10 54.0
9 3.3143059526141947 11 52.0
10 1.8211308359187943 17 51.0
11 2.1941088856396442 15 48.0
12 3.8576730076574126 8 47.0
13 0.29357540085437783 19 45.0
14 3.931551972921645 6 41.0
15 2.112063996614225 16 38.0
16 3.6352150609331964 9 38.0
17 3.133795719224085 14 38.0
18 0.0 20 37.0
19 3.1737776966488265 12 33.0
20 3.136575952616683 13 26.0
1 9.239184135294577 1 93.0
2 4.785262807469393 3 80.0
3 4.482402989343434 4 78.0
4 3.5556933615826356 9 77.0
5 3.5527032692854488 10 58.0
6 4.040246384039052 7 55.0
7 3.991367487197417 8 55.0
8 4.240382898406413 6 54.0
9 0.0 20 52.0
10 2.2706828984064145 15 51.0
11 1.0711773167816467 19 48.0
12 2.3487511561185492 14 47.0
13 3.108117487197407 11 45.0
14 1.9803355670467122 16 41.0
15 5.419823998851951 2 38.0
16 4.4765917858434925 5 38.0
17 1.7008746335632854 17 38.0
18 2.58886386240934 12 37.0
19 1.4822226832183587 18 33.0
20 2.5283105088011695 13 26.0
1 8.56534069819585 1 93.0
2 4.978522023344883 7 80.0
3 7.536368902076468 3 78.0
4 6.1592667778989325 6 77.0
5 3.4954328569661834 14 58.0
6 4.917226016811603 8 55.0
7 7.435678902076347 4 55.0
8 6.30923691513157 5 54.0
9 1.7620263228547328 18 52.0
10 3.7739667778960535 12 51.0
11 3.354854000942077 15 48.0
12 3.607974577427812 13 47.0
13 0.0 20 45.0
14 2.8173605565624236 16 41.0
15 4.755304800134563 10 38.0
16 4.377254000941181 11 38.0
17 0.990766777896054 19 38.0
18 2.1585779766460034 17 37.0
19 4.7607344952779 9 33.0
20 7.582506770829269 2 26.0
1 8.882513738325986 1 93.0
2 6.599499999999974 9 80.0
3 5.962013368787047 11 78.0
4 7.742358880661813 3 77.0
5 6.859310256704318 6 58.0
6 5.6980954007299145 15 55.0
7 6.477713528499766 10 55.0
8 6.943747432672378 5 54.0
9 5.097174344619029 16 52.0
10 5.716722943000303 14 51.0
11 5.8495139481519285 13 48.0
12 6.694358880661379 8 47.0
13 0.0 20 45.0
14 4.20865647150034 18 41.0
15 8.21741025670391 2 38.0
16 7.328405988788909 4 38.0
17 6.732433948152219 7 38.0
18 4.13971025670398 19 37.0
19 5.920908829002858 12 33.0
20 4.579001812745687 17 26.0
1 7.713157500047789 2 93.0
2 4.198398750019801 9 80.0
3 3.870871249998428 10 78.0
4 5.612198749917001 4 77.0
5 4.983381250032545 7 58.0
6 3.0960725000062768 14 55.0
7 5.68528624990382 3 55.0
8 5.535412500002002 5 54.0
9 0.1624437499931326 19 52.0
10 3.5657125000005743 12 51.0
11 0.0 20 48.0
12 3.612957499992166 11 47.0
13 4.802036250079394 8 45.0
14 2.725886250022328 17 41.0
15 8.3107987500198 1 38.0
16 2.788928749980987 16 38.0
17 5.529953749972618 6 38.0
18 3.134000000010592 13 37.0
19 0.8063150000300547 18 33.0
20 2.975458750006041 15 26.0
1 6.150929139838363 1 93.0
2 3.027539745952233 9 80.0
3 4.490335689670644 3 78.0
4 4.392262827913335 4 77.0
5 2.843970663736031 10 58.0
6 3.3623719779612107 6 55.0
7 3.132489026677036 7 55.0
8 3.0731523194960206 8 54.0
9 1.3253962177632104 15 52.0
10 2.037235888800295 13 51.0
11 2.736173027672403 12 48.0
12 2.8193627969957693 11 47.0
13 0.0 20 45.0
14 1.1536487334510226 16 41.0
15 3.3777447542751418 5 38.0
16 4.9026999884179245 2 38.0
17 1.9552268724138797 14 38.0
18 1.0637512614565712 17 37.0
19 0.08166610631679694 19 33.0
20 0.6729541479062209 18 26.0
1 9.607463365632913 1 93.0
2 2.733853871739776 18 80.0
3 7.389953870392588 4 78.0
4 9.56279999886474 2 77.0
5 4.985772524209083 9 58.0
6 0.11838168283171857 19 55.0
7 3.7315816827212185 15 55.0
8 6.758562302297922 5 54.0
9 3.6558000002799522 16 52.0
10 5.185961240277184 8 51.0
11 2.851939078942278 17 48.0
12 8.347490841679722 3 47.0
13 0.0 20 45.0
14 3.879218783215258 14 41.0
15 4.782381682832703 10 38.0
16 4.551086327778183 11 38.0
17 4.29926717460101 13 38.0
18 5.4215309841603805 7 37.0
19 4.550255270064622 12 33.0
20 5.94361693626083 6 26.0
1 8.681094638926849 1 93.0
2 3.366593898794385 9 80.0
3 6.210113140685467 2 78.0
4 5.640809750718454 3 77.0
5 4.168979425821844 7 58.0
6 4.21128251733397 6 55.0
7 2.9594000029588146 11 55.0
8 1.3064926150331815 15 54.0
9 0.8773863354098239 18 52.0
10 3.066515400921509 10 51.0
11 2.6504271282308087 12 48.0
12 4.5291654751581305 5 47.0
13 0.7323995826415435 19 45.0
14 0.0 20 41.0
15 3.7842194515636014 8 38.0
16 4.906733728947201 4 38.0
17 2.4684070894662122 13 38.0
18 2.4027892380640834 14 37.0
19 1.0979415479205756 16 33.0
20 0.9794435059752122 17 26.0
1 6.205299999987888 1 93.0
2 3.6688919668417457 4 80.0
3 3.639032777185941 6 78.0
4 3.6396544037255905 5 77.0
5 5.091234895117966 2 58.0
6 3.2753204421399755 7 55.0
7 2.4068634033745773 11 55.0
8 3.6812035563876915 3 54.0
9 0.6090126681820709 19 52.0
10 1.0127380902812697 18 51.0
11 2.231525726012146 12 48.0
12 2.6180532634068685 10 47.0
13 0.0 20 45.0
14 1.711256233844427 15 41.0
15 1.9885757260120673 14 38.0
16 2.0111512541109002 13 38.0
17 3.0270769992651347 9 38.0
18 1.1506507379926176 17 37.0
19 1.3694705430120837 16 33.0
20 3.1407127771862333 8 26.0
1 6.831520726513194 5 93.0
2 5.655485206219777 8 80.0
3 8.413857565638668 2 78.0
4 10.393037639342579 1 77.0
5 1.9805571704238112 15 58.0
6 6.594194330697588 6 55.0
7 0.9097381081652545 19 55.0
8 3.238381685383319 13 54.0
9 1.2938617544649809 17 52.0
10 7.481580948125737 3 51.0
11 4.268981685988977 11 48.0
12 2.795460363442297 14 47.0
13 0.0 20 45.0
14 6.186714256889255 7 41.0
15 3.8565308002420564 12 38.0
16 4.510800874491787 10 38.0
17 1.2258662328399788 18 38.0
18 7.40298168538374 4 37.0
19 1.9030380080458684 16 33.0
20 5.187138007900512 9 26.0
1 7.186647447321931 1 93.0
2 5.125024657044636 4 80.0
3 5.329317846627722 2 78.0
4 3.5141919170845037 11 77.0
5 2.763160777610786 16 58.0
6 4.054658245809209 7 55.0
7 5.228627846633839 3 55.0
8 3.9666676384766033 8 54.0
9 0.0 20 52.0
10 4.814774657035488 6 51.0
11 4.83348058086573 5 48.0
12 2.638743309331349 17 47.0
13 3.654611917180778 10 45.0
14 3.2441237237327245 12 41.0
15 2.88931672107833 15 38.0
16 2.9001676382306236 14 38.0
17 2.6281178466627306 18 38.0
18 3.830367638282805 9 37.0
19 2.333170733171392 19 33.0
20 3.086697638282768 13 26.0
1 9.10857117657762 5 93.0
2 9.45381872549348 3 80.0
3 6.258734215617421 8 78.0
4 12.130515980401325 1 77.0
5 4.548507745183349 13 58.0
6 9.200613235309103 4 55.0
7 11.57272147059263 2 55.0
8 6.636034215709888 7 54.0
9 3.475610490210003 16 52.0
10 4.219511568697913 14 51.0
11 6.176009926451703 9 48.0
12 3.93725742655657 15 47.0
13 0.5630099266314064 19 45.0
14 2.922000000058784 17 41.0
15 5.661110490179769 11 38.0
16 4.878471568305606 12 38.0
17 2.3141007842412007 18 38.0
18 6.778415980401343 6 37.0
19 6.108621470623451 10 33.0
20 0.0 20 26.0
1 5.126976197744513 2 93.0
2 0.22337355248883783 19 80.0
3 3.416854061609084 3 78.0
4 6.8351961977445095 1 77.0
5 1.1376662918484985 15 58.0
6 1.3895298458511092 14 55.0
7 2.8097789426545434 5 55.0
8 2.331534570729341 7 54.0
9 1.0808170777303698 16 52.0
10 1.5173664611348237 12 51.0
11 1.7007041446123234 11 48.0
12 2.1156576532027853 9 47.0
13 0.5016664611347719 18 45.0
14 2.4134761977445094 6 41.0
15 3.266317077730484 4 38.0
16 1.8345230764183118 10 38.0
17 0.0 20 38.0
18 1.4830961977445125 13 37.0
19 0.6341761977445137 17 33.0
20 2.1973419973762485 8 26.0
1 7.109129469749452 1 93.0
2 3.211483992748433 11 80.0
3 5.6204988487226 3 78.0
4 4.688060249229995 5 77.0
5 4.344568189600851 7 58.0
6 4.367205451234073 6 55.0
7 5.027780249248464 4 55.0
8 3.646843467180137 9 54.0
9 1.603820273885843 18 52.0
10 2.82628173662707 14 51.0
11 2.576711858203137 15 48.0
12 4.009214796183008 8 47.0
13 0.0 20 45.0
14 3.1835634108311766 12 41.0
15 5.911072562227338 2 38.0
16 3.4852417366164543 10 38.0
17 3.09291351475654 13 38.0
18 2.514395700826717 16 37.0
19 2.3464988394282336 17 33.0
20 0.7785946452597226 19 26.0
1 4.028060353696385 10 93.0
2 4.254830353696379 9 80.0
3 6.385214824509235 3 78.0
4 4.31041313238823 8 77.0
5 3.528737495352137 12 58.0
6 3.632284529158951 11 55.0
7 6.494902153666336 2 55.0
8 6.511361415787288 1 54.0
9 2.2838194181763587 17 52.0
10 4.541661415787291 6 51.0
11 4.385183360132471 7 48.0
12 2.3831238030568764 16 47.0
13 0.0 20 45.0
14 3.4258084826563153 13 41.0
15 4.574216372280257 5 38.0
16 4.585591597741081 4 38.0
17 2.423925313783898 15 38.0
18 2.5199312338335016 14 37.0
19 1.1365131323882363 19 33.0
20 1.6894749538033749 18 26.0
1 5.627396605109071 1 93.0
2 4.091533026228431 6 80.0
3 3.8513062341819686 9 78.0
4 4.660201463472687 5 77.0
5 3.4976840215104312 10 58.0
6 3.4571584426302335 12 55.0
7 4.899200510492067 4 55.0
8 4.977347044661762 2 54.0
9 3.4599245433458083 11 52.0
10 4.060997094523184 7 51.0
11 4.001645796278946 8 48.0
12 1.6331970945233711 14 47.0
13 0.0 20 45.0
14 1.0980062341819403 16 41.0
15 4.946244498031508 3 38.0
16 1.5716347675875724 15 38.0
17 0.38513238799957694 19 38.0
18 2.528084021510073 13 37.0
19 1.0419177007765075 17 33.0
20 0.4147835904908117 18 26.0
1 5.321188473873086 4 93.0
2 4.771134829183173 6 80.0
3 4.708570672062942 7 78.0
4 6.288577711087247 2 77.0
5 4.305391674662017 8 58.0
6 2.6729441346272322 14 55.0
7 5.388704829256776 3 55.0
8 2.6353784738730854 15 54.0
9 0.0 20 52.0
10 3.7013402057236267 11 51.0
11 0.5977363034051635 19 48.0
12 3.816102752983092 9 47.0
13 1.9552698538107496 18 45.0
14 1.9552706720716848 17 41.0
15 7.809436303405162 1 38.0
16 4.888733052347442 5 38.0
17 2.7917422138320482 13 38.0
18 3.731736303409714 10 37.0
19 2.9671140207675855 12 33.0
20 2.147900592330493 16 26.0
1 5.909265722407833 1 93.0
2 3.423361154640618 10 80.0
3 4.968217768017833 2 78.0
4 4.809101504350775 3 77.0
5 2.5021791751960625 12 58.0
6 3.7618973985133253 7 55.0
7 1.0806791751960731 16 55.0
8 3.6067038451478304 8 54.0
9 0.5553501058460784 19 52.0
10 1.7968060911542252 14 51.0
11 4.188685621830576 4 48.0
12 3.5123682926100095 9 47.0
13 0.6656879532904649 18 45.0
14 2.4545547886288714 13 41.0
15 4.094244820443075 5 38.0
16 3.8620956054614295 6 38.0
17 1.6920760043608452 15 38.0
18 0.0 20 37.0
19 0.7233430380173655 17 33.0
20 2.7751504863921315 11 26.0
1 5.289900000000005 6 93.0
2 4.555548000000004 7 80.0
3 1.0738900000000013 15 78.0
4 5.969347999999993 5 77.0
5 4.389948000000004 8 58.0
6 2.3157489999999963 13 55.0
7 0.9732000000000167 16 55.0
8 9.488768000000004 2 54.0
9 0.8591699999999931 17 52.0
10 3.297592000000022 11 51.0
11 3.5189149999999927 10 48.0
12 9.245918000000012 3 47.0
13 6.10976800000001 4 45.0
14 1.8574809999999824 14 41.0
15 10.419318000000011 1 38.0
16 2.3959800000000206 12 38.0
17 0.0 20 38.0
18 0.7019400000000018 18 37.0
19 0.6782799999999929 19 33.0
20 3.9623800000000062 9 26.0
1 5.3186787255378665 1 93.0
2 3.5441426847477997 6 80.0
3 2.806136312932536 9 78.0
4 4.618052735682172 3 77.0
5 3.7085364095369697 5 58.0
6 2.860692081508821 8 55.0
7 4.857468183050234 2 55.0
8 3.7817429882033506 4 54.0
9 0.12438687802791426 19 52.0
10 2.174866605335155 13 51.0
11 1.001423681352669 15 48.0
12 2.343852316542014 11 47.0
13 0.3487206366935056 18 45.0
14 1.1171032149236393 14 41.0
15 2.322196678611144 12 38.0
16 2.345673058997377 10 38.0
17 0.0 20 38.0
18 3.2758730589973766 7 37.0
19 0.8160653397131916 16 33.0
20 0.5435364095369695 17 26.0
1 8.23349964488814 1 93.0
2 2.6946292416469872 11 80.0
3 3.078256067366335 9 78.0
4 4.926271609378283 4 77.0
5 3.6701285281946134 6 58.0
6 4.945214822652539 3 55.0
7 2.4517900308088265 12 55.0
8 3.3790000005303487 8 54.0
9 1.12961213377885 15 52.0
10 2.7841818786973307 10 51.0
11 5.387371117217494 2 48.0
12 1.607990939307701 14 47.0
13 0.0 20 45.0
14 0.6426458200663321 17 41.0
15 4.6541218737664085 5 38.0
16 3.668770761428456 7 38.0
17 0.6181808200475936 18 38.0
18 0.5376000005301358 19 37.0
19 0.9224555597717214 16 33.0
20 2.3117808200664562 13 26.0
1 8.151778646273451 1 93.0
2 4.306972703787737 5 80.0
3 4.4302668329112755 2 78.0
4 0.0 20 77.0
5 4.416236029267432 3 58.0
6 3.6476847683501044 9 55.0
7 4.4143884247290615 4 55.0
8 4.055957803779436 6 54.0
9 1.422397505721103 15 52.0
10 2.1325698277555873 13 51.0
11 1.9727998935363142 14 48.0
12 4.051578646273551 7 47.0
13 0.140420000001785 19 45.0
14 0.19196340646680143 18 41.0
15 3.316104296595835 10 38.0
16 3.9473796646743766 8 38.0
17 2.4967519775507734 12 38.0
18 3.2903414337898895 11 37.0
19 1.0362578037781824 17 33.0
20 1.2512360292679092 16 26.0
1 5.530095990566435 4 93.0
2 4.944749716991936 7 80.0
3 5.646358254720902 3 78.0
4 7.804358254721247 1 77.0
5 4.327040801889456 9 58.0
6 4.974383160383883 6 55.0
7 2.917095990570736 13 55.0
8 6.699114056605332 2 54.0
9 2.8069718867980153 15 52.0
10 4.729414056619757 8 51.0
11 3.3207457075545275 11 48.0
12 3.0368729716971528 12 47.0
13 1.2784380188737967 18 45.0
14 2.8474831603687063 14 41.0
15 5.345576037736315 5 38.0
16 4.262858254720182 10 38.0
17 0.9028729717030881 19 38.0
18 2.452258254720901 16 37.0
19 0.0 20 33.0
20 1.8170122641579338 17 26.0
1 5.588411871412429 2 93.0
2 5.77194054270849 1 80.0
3 4.787512697207083 5 78.0
4 5.062493469529365 4 77.0
5 3.483093469529364 7 58.0
6 5.362331260874689 3 55.0
7 3.426524129950265 8 55.0
8 3.3928913289481866 9 54.0
9 2.1798179549612504 16 52.0
10 1.204537890623145 18 51.0
11 2.5871581589865293 13 48.0
12 2.3388419662711555 15 47.0
13 0.0 20 45.0
14 3.0513655838383307 12 41.0
15 2.419921979040889 14 38.0
16 3.3153735814307472 10 38.0
17 3.5878090241164147 6 38.0
18 1.598824783412452 17 37.0
19 0.45168445229810006 19 33.0
20 3.145640326084169 11 26.0
1 7.533036032435019 1 93.0
2 7.210972064334211 3 80.0
3 7.525035257510887 2 78.0
4 4.701845049603548 10 77.0
5 4.858599999247615 9 58.0
6 3.174345923824821 12 55.0
7 5.041565049726542 8 55.0
8 6.0599360324330895 5 54.0
9 2.557422101439336 15 52.0
10 6.0989014523466025 4 51.0
11 4.3669117761972345 11 48.0
12 5.343928710301762 7 47.0
13 2.484328712673285 16 45.0
14 2.8099840126118933 14 41.0
15 6.020370511977749 6 38.0
16 1.5070700000019763 19 38.0
17 0.0 20 38.0
18 1.9426705143919882 17 37.0
19 3.040236032873008 13 33.0
20 1.6936000001974922 18 26.0
1 7.092962950389618 1 93.0
2 2.310798907337757 11 80.0
3 4.347592671528192 3 78.0
4 4.2393188806981845 4 77.0
5 1.9558168250204169 12 58.0
6 1.5775016258181953 14 55.0
7 0.6314372232450896 18 55.0
8 4.56051343908463 2 54.0
9 2.6113818649705993 10 52.0
10 1.2933204581632778 15 51.0
11 0.0 20 48.0
12 2.7831055383626655 9 47.0
13 0.277620459838956 19 45.0
14 3.3044432721081596 7 41.0
15 3.595062847234799 5 38.0
16 3.492525277806121 6 38.0
17 0.8829200000009723 17 38.0
18 1.2405409786201922 16 37.0
19 2.8634039745422 8 33.0
20 1.9459628990003943 13 26.0
1 6.920175352132135 1 93.0
2 2.442587946456326 17 80.0
3 4.928834204805591 6 78.0
4 4.4904042958819455 8 77.0
5 2.478330352132138 16 58.0
6 4.156780000375273 12 55.0
7 5.9387982849730445 3 55.0
8 6.3695293094630125 2 54.0
9 2.888950704264289 15 52.0
10 4.889667596858093 7 51.0
11 2.9223394456225913 14 48.0
12 4.2070715970306765 10 47.0
13 0.0 20 45.0
14 4.206675352132138 11 41.0
15 5.708922531335571 4 38.0
16 5.3736429027833195 5 38.0
17 3.374745292711742 13 38.0
18 1.7494546549191483 18 37.0
19 4.44434590083183 9 33.0
20 0.5572206453075732 19 26.0
1 6.5881727599259055 2 93.0
2 2.208390000003106 10 80.0
3 1.4064100000404718 15 78.0
4 3.061183679981735 8 77.0
5 3.164999999956013 7 58.0
6 7.3896736800413 1 55.0
7 1.3057199997737667 16 55.0
8 1.04837367998174 17 54.0
9 1.5773736801436375 14 52.0
10 0.5457000000643055 18 51.0
11 2.078973680039266 12 48.0
12 2.752671839993461 9 47.0
13 0.15777092005373117 19 45.0
14 5.262773679977232 4 41.0
15 3.6046736799812567 6 38.0
16 6.472673679995456 3 38.0
17 1.7565299999898087 13 38.0
18 5.2129736798940165 5 37.0
19 2.0953727600067213 11 33.0
20 0.0 20 26.0
1 8.467555994112937 1 93.0
2 5.3034676018828835 3 80.0
3 5.955655994112433 2 78.0
4 4.171285384213839 7 77.0
5 4.38236381845595 6 58.0
6 2.7161299917989483 13 55.0
7 0.0 20 55.0
8 4.787297787189721 4 54.0
9 1.1510691939009483 17 52.0
10 3.698449735294036 11 51.0
11 3.045599999999999 12 48.0
12 4.448599999997745 5 47.0
13 1.6776524916045243 15 45.0
14 2.305126493052578 14 41.0
15 4.1200083960048195 8 38.0
16 3.7207977871870304 10 38.0
17 3.72793911239515 9 38.0
18 1.638439736604987 16 37.0
19 0.8934525604121952 19 33.0
20 0.9148198497260145 18 26.0
1 5.2738215996520115 3 93.0
2 2.993363085742717 7 80.0
3 3.408866629429037 6 78.0
4 5.3737050837845866 2 77.0
5 6.075546629429151 1 58.0
6 2.2344790949472344 12 55.0
7 2.9467814357813644 8 55.0
8 4.84943337057074 4 54.0
9 0.5553047126787698 19 52.0
10 2.0055350279280657 14 51.0
11 1.8797047126785538 16 48.0
12 1.4285847620035002 18 47.0
13 3.5920095779406873 5 45.0
14 0.0 20 41.0
15 2.740804712678553 10 38.0
16 2.658102944897122 11 38.0
17 1.6121862421335116 17 38.0
18 2.0643309302283743 13 37.0
19 1.935609577940571 15 33.0
20 2.9105466294291715 9 26.0
1 6.536151774891139 4 93.0
2 5.258664021148426 6 80.0
3 4.981691893832924 8 78.0
4 8.133226883704745 3 77.0
5 4.77220987180872 10 58.0
6 4.649251774881513 12 55.0
7 4.042571957708002 14 55.0
8 5.116795882818507 7 54.0
9 0.0 20 52.0
10 5.668646322908794 5 51.0
11 4.841909986783175 9 48.0
12 4.510833172686575 13 47.0
13 2.921220022467469 17 45.0
14 3.8553039524231227 15 41.0
15 8.39820493700325 2 38.0
16 2.0167359788549026 18 38.0
17 3.397782918060443 16 38.0
18 8.779267904845925 1 37.0
19 1.2289999999987469 19 33.0
20 4.725567904844005 11 26.0
1 5.713409304242424 1 93.0
2 3.0219217736050914 8 80.0
3 3.8453768437557545 5 78.0
4 3.9472215415716523 4 77.0
5 3.2519511576405815 7 58.0
6 1.635962669150453 13 55.0
7 5.205984223748243 2 55.0
8 4.222676843755719 3 54.0
9 0.12196790467574603 19 52.0
10 1.7924343754778256 11 51.0
11 1.1817705698268013 17 48.0
12 2.5847705698267736 9 47.0
13 1.3509678426599412 14 45.0
14 0.9245568978224699 18 41.0
15 3.741948774190297 6 38.0
16 2.252361363302642 10 38.0
17 1.2242617795624469 16 38.0
18 0.0 20 37.0
19 1.2651982284891372 15 33.0
20 1.7016760344447048 12 26.0
1 8.01730463999911 2 93.0
2 6.213240910769587 3 80.0
3 5.013990166154299 5 78.0
4 8.727987577435892 1 77.0
5 5.442917636923411 4 58.0
6 4.36641096615447 9 55.0
7 2.9558000000003473 14 55.0
8 4.340213323076021 10 54.0
9 1.791166492307351 19 52.0
10 2.3705133230771107 16 51.0
11 3.2513403507693215 12 48.0
12 4.790114209230942 6 47.0
13 1.9177600307687745 18 45.0
14 2.0469807876917727 17 41.0
15 3.7026995446141586 11 38.0
16 0.0 20 38.0
17 4.660434244102562 7 38.0
18 2.988440455384551 13 37.0
19 4.618380166153832 8 33.0
20 2.435315803079692 15 26.0
1 11.061309394153088 1 93.0
2 6.0601244174622915 5 80.0
3 8.129297254626193 3 78.0
4 10.776764417462104 2 77.0
5 4.426794600000177 12 58.0
6 0.021829999999963157 19 55.0
7 3.6350300000002065 16 55.0
8 5.561079950180194 7 54.0
9 3.6419845999986706 15 52.0
10 4.7378138416464 11 51.0
11 0.0 20 48.0
12 5.152915358359071 10 47.0
13 4.147126830138618 13 45.0
14 3.307499927998424 18 41.0
15 6.706771524894451 4 38.0
16 5.274664530963415 8 38.0
17 5.608264417462073 6 38.0
18 3.788186830138616 14 37.0
19 3.4383426832672184 17 33.0
20 5.155276069760826 9 26.0
1 9.350268370557819 1 93.0
2 3.415918990923917 8 80.0
3 3.8584187691678706 6 78.0
4 5.992207153508058 2 77.0
5 3.8202427282858156 7 58.0
6 2.6793311580860246 12 55.0
7 4.934055578096187 4 55.0
8 5.220386651827374 3 54.0
9 0.8299459405685297 19 52.0
10 2.8226908733805383 11 51.0
11 1.4220675715592888 16 48.0
12 2.9182795179570546 10 47.0
13 1.0306403242559794 17 45.0
14 1.5961451951756516 15 41.0
15 4.284168384237919 5 38.0
16 2.931155392738775 9 38.0
17 1.8098093512620146 13 38.0
18 1.6295568352693932 14 37.0
19 0.0 20 33.0
20 0.8568679264824675 18 26.0
1 6.099173638143901 1 93.0
2 4.823350580364501 3 80.0
3 3.78032464943026 4 78.0
4 5.504749622646195 2 77.0
5 3.430714013288781 6 58.0
6 1.1797496226462096 14 55.0
7 2.520001411492297 7 55.0
8 0.0 20 54.0
9 0.18709765364163955 19 52.0
10 2.274850808275619 9 51.0
11 1.030599999999996 15 48.0
12 2.072955764053273 11 47.0
13 2.1889874336263233 10 45.0
14 0.7410234557603805 16 41.0
15 3.5293527875615505 5 38.0
16 1.738042125379266 13 38.0
17 0.3063866965659445 17 38.0
18 1.9808641888608496 12 37.0
19 0.28082806933400306 18 33.0
20 2.4415515380827473 8 26.0
1 5.595197728430602 2 93.0
2 1.3157693916554138 12 80.0
3 4.279450240280267 4 78.0
4 3.88579407067081 6 77.0
5 2.7840276203893506 8 58.0
6 0.0 20 55.0
7 8.087603907045315 1 55.0
8 4.567874883452004 3 54.0
9 0.8892919756981286 15 52.0
10 1.0055193916555591 14 51.0
11 3.535803907045365 7 48.0
12 1.8544519756981543 11 47.0
13 0.01867725769495987 19 45.0
14 0.7443321465145727 16 41.0
15 4.009022579899332 5 38.0
16 1.8648578152001125 10 38.0
17 1.1190268430515249 13 38.0
18 2.1420706836239405 9 37.0
19 0.45815060834462806 17 33.0
20 0.29911878734852504 18 26.0
1 12.836215254760505 1 93.0
2 7.008122868586975 13 80.0
3 9.544969446167862 4 78.0
4 9.19157482685436 5 77.0
5 8.698169030534425 7 58.0
6 7.154905124762346 11 55.0
7 9.604929149976444 2 55.0
8 8.939261478984376 6 54.0
9 3.655799999999818 19 52.0
10 7.624545124764181 9 51.0
11 6.5809015577556496 15 48.0
12 8.253264386066558 8 47.0
13 0.0 20 45.0
14 5.626498827678418 16 41.0
15 9.597577414759808 3 38.0
16 7.1597782469233895 10 38.0
17 6.843769446168702 14 38.0
18 7.107803170275629 12 37.0
19 5.3219343553379534 17 33.0
20 4.077293175192099 18 26.0
1 7.079692120683564 5 93.0
2 6.490417572941283 8 80.0
3 8.002550991234758 2 78.0
4 7.816204615430134 4 77.0
5 5.356450991235225 9 58.0
6 4.078230012958201 13 55.0
7 8.137589605250565 1 55.0
8 6.876608786470656 6 54.0
9 2.481793931163934 17 52.0
10 4.2712899021703565 12 51.0
11 4.830593827716561 11 48.0
12 7.8872842820883236 3 47.0
13 1.2365918649450145 19 45.0
14 2.9220000000001676 16 41.0
15 5.24018908636862 10 38.0
16 3.6628890863659382 14 38.0
17 6.601473589096257 7 38.0
18 1.7741918649445108 18 37.0
19 3.6009500064773636 15 33.0
20 0.0 20 26.0
1 8.053114211895647 2 93.0
2 5.19389268290619 7 80.0
3 5.051522745697226 8 78.0
4 6.30624003444065 4 77.0
5 3.8175591639831143 13 58.0
6 4.824883269538149 9 55.0
7 8.707876327597027 1 55.0
8 5.970152096315847 5 54.0
9 3.3941227458306726 17 52.0
10 4.0004520965372965 12 51.0
11 3.5615052520821493 16 48.0
12 3.652512654056342 15 47.0
13 2.0002000001522378 19 45.0
14 0.0 20 41.0
15 5.482290605893531 6 38.0
16 4.583905252053675 10 38.0
17 7.734676327695684 3 38.0
18 3.727597961705735 14 37.0
19 3.243776328158808 18 33.0
20 4.2994093935310955 11 26.0
1 7.144500015457786 1 93.0
2 3.624609942742695 6 80.0
3 3.995411552026242 5 78.0
4 3.0939186016055333 8 77.0
5 1.6318946316575076 15 58.0
6 2.3058341338244817 11 55.0
7 3.165801491662773 7 55.0
8 4.162021491662769 3 54.0
9 1.6019686659274932 16 52.0
10 2.4057814916627502 10 51.0
11 4.966350007728906 2 48.0
12 1.534691745503423 17 47.0
13 0.0 20 45.0
14 0.3397686360584755 19 41.0
15 4.023068636058524 4 38.0
16 2.5282685469816766 9 38.0
17 1.6949216926633213 13 38.0
18 0.9212315051287812 18 37.0
19 1.6894685671526037 14 33.0
20 1.7484208452273662 12 26.0
1 6.56367155287222 2 93.0
2 6.036881452305943 3 80.0
3 3.6774282468604227 10 78.0
4 6.77867765243527 1 77.0
5 1.1571141234295594 19 58.0
6 1.8027600796713976 17 55.0
7 2.7101303077876087 12 55.0
8 5.052860985765071 5 54.0
9 2.5719420353712152 13 52.0
10 5.726631452307727 4 51.0
11 3.993385429864819 8 48.0
12 3.6932730530576316 9 47.0
13 0.0 20 45.0
14 3.4398354298721676 11 41.0
15 4.6012710176846445 7 38.0
16 4.640209241460631 6 38.0
17 1.648114858872687 18 38.0
18 2.3318898515454753 14 37.0
19 2.033160985769319 15 33.0
20 1.9297751443735889 16 26.0
1 7.23445822777663 1 93.0
2 4.8273802129332966 5 80.0
3 2.684788666622501 15 78.0
4 5.60691422252793 3 77.0
5 3.7191510246334096 9 58.0
6 5.213214648395453 4 55.0
7 4.292285975990339 7 55.0
8 6.052822442527451 2 54.0
9 1.9855125205322777 18 52.0
10 2.8935574975485645 14 51.0
11 3.6050077886873773 11 48.0
12 4.380565628385869 6 47.0
13 3.9859805845212795 8 45.0
14 3.086314648395836 12 41.0
15 1.1597886666225041 19 38.0
16 3.6142053994028056 10 38.0
17 2.986385777471212 13 38.0
18 0.0 20 37.0
19 2.0712771289436205 17 33.0
20 2.186468666622524 16 26.0
1 8.082873000016278 1 93.0
2 3.9342299999935504 9 80.0
3 7.5461633333433396 2 78.0
4 3.075669999996657 13 77.0
5 2.667639999965337 16 58.0
6 3.3221400000021437 12 55.0
7 4.551800000006878 6 55.0
8 2.7700300000216527 15 54.0
9 1.8828300001035763 18 52.0
10 3.79177999999786 10 51.0
11 0.0 20 48.0
12 4.023922999974564 8 47.0
13 2.7760800000024988 14 45.0
14 4.7928633332963475 4 41.0
15 5.238573000081465 3 38.0
16 3.702522999974563 11 38.0
17 1.941472999948808 17 38.0
18 4.6234966666493005 5 37.0
19 1.204872999983687 19 33.0
20 4.112280000001032 7 26.0
1 5.11877812827443 3 93.0
2 5.34554812827443 2 80.0
3 2.398984620650611 8 78.0
4 3.99648776219332 4 77.0
5 2.384751909257262 9 58.0
6 3.3775459567278165 5 55.0
7 6.879128900420211 1 55.0
8 2.0331124548240176 11 54.0
9 0.44928508350370433 18 52.0
10 1.0647114104415116 15 51.0
11 2.215711844112603 10 48.0
12 1.7738502011933246 13 47.0
13 2.0001999999999995 12 45.0
14 0.0 20 41.0
15 2.6347850835037074 7 38.0
16 0.7640503246571522 16 38.0
17 0.2582814791079042 19 38.0
18 3.2995247571090687 6 37.0
19 0.49593810343832234 17 33.0
20 1.2489831241575287 14 26.0
1 6.07158736426255 1 93.0
2 3.0526539318992674 8 80.0
3 4.948641859629717 3 78.0
4 4.466453931899045 5 77.0
5 2.7256506531319076 10 58.0
6 4.471829611946477 4 55.0
7 2.2308061428987993 11 55.0
8 5.085025435165722 2 54.0
9 1.0591884595079963 14 52.0
10 2.8303868118675166 9 51.0
11 4.301803555232181 6 48.0
12 0.8943816447991622 15 47.0
13 0.6461036095973813 17 45.0
14 0.32309808372850135 19 41.0
15 3.1565696918358648 7 38.0
16 1.782139504531023 13 38.0
17 0.4001296119463822 18 38.0
18 0.8293951633649488 16 37.0
19 0.0 20 33.0
20 2.0937296119463644 12 26.0
1 12.879313464146005 1 93.0
2 5.412849651818362 13 80.0
3 7.051230942574659 7 78.0
4 8.686289372278116 4 77.0
5 8.471235747587192 5 58.0
6 7.517507164377546 6 55.0
7 0.0 20 55.0
8 4.691449999995653 17 54.0
9 4.31494965227923 19 52.0
10 7.029485667957576 8 51.0
11 5.944157164379005 11 48.0
12 4.44859999872622 18 47.0
13 6.293091179598508 10 45.0
14 5.390607169329605 14 41.0
15 9.326287521158108 2 38.0
16 8.707688030358115 3 38.0
17 4.836316913683934 15 38.0
18 4.816142835185426 16 37.0
19 5.6461560624473375 12 33.0
20 6.992641176292455 9 26.0
1 9.364334783766912 1 93.0
2 4.3096978589155555 8 80.0
3 4.498310894077616 6 78.0
4 5.723497858959426 3 77.0
5 4.348100562364739 7 58.0
6 2.934069136057688 13 55.0
7 6.978569005027679 2 55.0
8 5.664009947286453 4 54.0
9 0.0 20 52.0
10 4.757907858953265 5 51.0
11 1.5656869646933287 17 48.0
12 3.6077793766353548 10 47.0
13 1.3570943652069487 18 45.0
14 3.989197858684411 9 41.0
15 2.6698336590940785 15 38.0
16 3.182834070462072 11 38.0
17 1.2041640120943002 19 38.0
18 3.1512663421654525 12 37.0
19 2.5816381605528247 16 33.0
20 2.8977640121123356 14 26.0
1 7.754681382029693 2 93.0
2 3.754703087635661 7 80.0
3 7.952821076907909 1 78.0
4 3.2318681152561974 14 77.0
5 3.410165709471794 12 58.0
6 3.693739994906457 8 55.0
7 5.13289860778329 4 55.0
8 5.391695132525231 3 54.0
9 3.4170341466489673 11 52.0
10 1.5708252253454282 18 51.0
11 0.5810986077846305 19 48.0
12 3.638511076906405 10 47.0
13 2.0369562305118483 17 45.0
14 2.1448821042821384 16 41.0
15 4.4428915210710285 6 38.0
16 4.575921076908171 5 38.0
17 3.652456118401287 9 38.0
18 2.7074309499238662 15 37.0
19 3.261881382028293 13 33.0
20 0.0 20 26.0
1 7.459927446765194 1 93.0
2 3.023138840786513 7 80.0
3 5.21771241150541 2 78.0
4 4.310703658158891 5 77.0
5 2.6050684755333426 10 58.0
6 4.0038274770846725 6 55.0
7 4.643101453251656 3 55.0
8 1.4618572027926913 14 54.0
9 1.8944400000009236 12 52.0
10 1.3382014532515603 15 51.0
11 0.09130145325152927 19 48.0
12 2.859600000001156 8 47.0
13 0.0 20 45.0
14 2.0083471139489264 11 41.0
15 4.320008559441722 4 38.0
16 2.7427085594426273 9 38.0
17 1.2546572027964482 16 38.0
18 1.0865342377673273 17 37.0
19 0.8040014532515547 18 33.0
20 1.4943078402197638 13 26.0
1 8.285127661981416 1 93.0
2 1.4382760534844863 11 80.0
3 0.7707560198504437 15 78.0
4 5.610626636083221 2 77.0
5 1.8116520718102969 10 58.0
6 3.636377694225075 5 55.0
7 4.9157346917313385 3 55.0
8 0.2740760538836049 19 54.0
9 1.0268420777037295 14 52.0
10 2.6684420723393996 6 51.0
11 0.7681120369979164 16 48.0
12 2.001393824831638 9 47.0
13 0.0 20 45.0
14 2.156443826884035 8 41.0
15 3.9754206300256794 4 38.0
16 1.2865987418370959 12 38.0
17 2.3320879649259907 7 38.0
18 0.5376000040522131 17 37.0
19 0.3751460181476043 18 33.0
20 1.2582776926497723 13 26.0
1 4.492800000008493 11 93.0
2 2.794583636352429 12 80.0
3 5.525697272791969 8 78.0
4 2.7372754545461238 13 77.0
5 6.091063343661551 6 58.0
6 8.194710659477659 2 55.0
7 10.949024797625869 1 55.0
8 6.839441201825952 4 54.0
9 4.660265485268525 10 52.0
10 0.35197545454820167 19 51.0
11 1.7550654545467177 16 48.0
12 5.911177210668582 7 47.0
13 1.7971754904158996 15 45.0
14 1.9804290599823493 14 41.0
15 6.454541695171849 5 38.0
16 7.13433893590244 3 38.0
17 0.8995109090763824 18 38.0
18 5.149602275180242 9 37.0
19 0.0 20 33.0
20 1.0959022751701033 17 26.0
1 7.726486163890515 2 93.0
2 7.922904616372289 1 80.0
3 5.218814613172032 4 78.0
4 0.3636146172177286 19 77.0
5 5.213543077658791 5 58.0
6 2.582756926813112 13 55.0
7 3.1352865404855454 9 55.0
8 6.223971540124683 3 54.0
9 2.848828845301281 11 52.0
10 2.5942430812442447 12 51.0
11 2.364986155354035 14 48.0
12 1.498756923761019 16 47.0
13 1.3234046165485118 17 45.0
14 0.5874142312201736 18 41.0
15 3.0622146132894374 10 38.0
16 3.387386153083081 8 38.0
17 2.1620865348628913 15 38.0
18 0.0 20 37.0
19 4.823204617322434 6 33.0
20 3.8556865404788043 7 26.0
1 6.208331860535392 1 93.0
2 1.6314325284915658 12 80.0
3 1.1590829498257875 16 78.0
4 2.805277896522173 4 77.0
5 2.6127312216881635 5 58.0
6 2.3619133894167197 6 55.0
7 2.2490025284915656 7 55.0
8 3.3246769150379576 2 54.0
9 0.428424333459817 19 52.0
10 2.1517589843201024 8 51.0
11 1.1409598637954825 17 48.0
12 1.3174609529551897 15 47.0
13 0.551284247235948 18 45.0
14 1.5396444392599737 13 41.0
15 3.0301455986623766 3 38.0
16 1.9639980201887899 10 38.0
17 2.023879863795482 9 38.0
18 1.6945835372736404 11 37.0
19 0.0 20 33.0
20 1.3431059267682244 14 26.0
1 6.641322578951087 1 93.0
2 3.537576719532578 10 80.0
3 5.2468122727924325 2 78.0
4 3.9387701348783315 7 77.0
5 2.674584728905174 13 58.0
6 3.6343655058659046 9 55.0
7 4.872058832661055 3 55.0
8 2.6907824493845456 12 54.0
9 1.7836956954800114 16 52.0
10 4.465500374011031 4 51.0
11 2.3776984304975013 14 48.0
12 3.958905912284422 6 47.0
13 0.0 20 45.0
14 2.006259724833684 15 41.0
15 4.083476288415515 5 38.0
16 3.647110995672784 8 38.0
17 2.8849187827778033 11 38.0
18 1.4652003740110302 17 37.0
19 0.5436929348361761 18 33.0
20 0.31391782037211735 19 26.0
1 6.740092114905943 8 93.0
2 10.312580064107333 1 80.0
3 5.398970640906664 10 78.0
4 5.907260128284803 9 77.0
5 4.892400000033582 12 58.0
6 3.6875082053062034 13 55.0
7 10.021053525650473 2 55.0
8 3.4940921154639035 14 54.0
9 0.24400782057514636 19 52.0
10 9.250580064107332 3 51.0
11 7.671130064111912 6 48.0
12 5.248379999999996 11 47.0
13 2.4318199358352848 18 45.0
14 0.0 20 41.0
15 7.4281800640826505 7 38.0
16 3.0865235258139005 16 38.0
17 2.752760897591807 17 38.0
18 8.813550064107334 4 37.0
19 7.964630064105492 5 33.0
20 3.2730535256137774 15 26.0
1 5.200342307871354 7 93.0
2 5.716768210568835 5 80.0
3 2.79259803735855 12 78.0
4 6.548274413418831 3 77.0
5 1.8798946902470872 15 58.0
6 2.690994690248342 13 55.0
7 3.117739516184569 11 55.0
8 4.423820980072115 9 54.0
9 1.4905669697112578 17 52.0
10 1.8369630604637712 16 51.0
11 0.33425995379868656 19 48.0
12 5.798019078552553 4 47.0
13 0.0 20 45.0
14 4.8139744134157905 8 41.0
15 5.511526421173869 6 38.0
16 6.5485782105746875 2 38.0
17 1.2171799538016637 18 38.0
18 6.6440912983885045 1 37.0
19 2.124026120953904 14 33.0
20 3.799887846746741 10 26.0
1 9.138100000000081 2 93.0
2 3.979209203188353 17 80.0
3 7.210143005420364 6 78.0
4 7.6735039803211755 5 77.0
5 9.540485367591625 1 58.0
6 7.020473005413349 8 55.0
7 8.062357588789254 3 55.0
8 7.717201738003638 4 54.0
9 2.8813092031802006 19 52.0
10 5.994599356775601 12 51.0
11 5.527355148972495 13 48.0
12 5.037899999999652 15 47.0
13 3.649400643225942 18 45.0
14 4.648085367574709 16 41.0
15 7.164231738015322 7 38.0
16 6.4911918912472855 10 38.0
17 6.208529116017232 11 38.0
18 0.0 20 37.0
19 5.116945623995375 14 33.0
20 6.6777218912370895 9 26.0
1 5.844374551660881 3 93.0
2 3.943504645519806 8 80.0
3 4.52276179141623 7 78.0
4 5.275539366969987 4 77.0
5 3.6014555543200766 9 58.0
6 3.1726319563303873 14 55.0
7 4.866861604793336 6 55.0
8 5.056612980012718 5 54.0
9 2.3851001703323496 17 52.0
10 3.5951547863446205 10 51.0
11 3.150801956330387 15 48.0
12 6.256257796664061 2 47.0
13 0.0 20 45.0
14 2.356799543181708 18 41.0
15 6.482203329481013 1 38.0
16 3.457878738560545 12 38.0
17 3.493631776404108 11 38.0
18 3.0625077540673358 16 37.0
19 2.0214554014096575 19 33.0
20 3.1998590114030843 13 26.0
1 9.499717198115878 1 93.0
2 4.971955070194949 10 80.0
3 7.330387752391516 3 78.0
4 7.739317198115918 2 77.0
5 4.693173193701557 12 58.0
6 4.618984818767118 13 55.0
7 7.082133027600925 4 55.0
8 6.492321034153644 6 54.0
9 3.1697145673391134 15 52.0
10 5.951335031969085 8 51.0
11 0.0 20 48.0
12 5.034104315912562 9 47.0
13 0.2974335836989912 18 45.0
14 4.811200000000001 11 41.0
15 6.801079326037476 5 38.0
16 3.618763778698866 14 38.0
17 6.285121034153026 7 38.0
18 2.3872171981157253 16 37.0
19 0.22240338870048326 19 33.0
20 1.8891999999991467 17 26.0
1 11.155312162060175 3 93.0
2 10.839258648676594 4 80.0
3 8.318265405384716 8 78.0
4 12.610365405381932 2 77.0
5 5.6721654053740975 17 58.0
6 8.285365405382128 9 55.0
7 9.917842432420404 5 55.0
8 14.49728243242041 1 54.0
9 6.010982432585518 16 52.0
10 7.733118648609425 10 51.0
11 7.258217567606136 11 48.0
12 7.20136540538128 12 47.0
13 2.0001999998523194 19 45.0
14 0.0 20 41.0
15 7.030265405412966 14 38.0
16 6.902900000000008 15 38.0
17 5.617065405381439 18 38.0
18 9.646582432348524 6 37.0
19 7.196735134969447 13 33.0
20 9.539781891905228 7 26.0
1 7.881425646297204 1 93.0
2 3.6243937340108348 13 80.0
3 5.84565151725419 2 78.0
4 5.172324673189526 4 77.0
5 3.4624843730496746 14 58.0
6 4.5491774459897325 10 55.0
7 5.162005948344161 5 55.0
8 5.1010749999243945 6 54.0
9 0.0 20 52.0
10 4.680015820790763 8 51.0
11 3.9885172370313433 11 48.0
12 3.6727945160530595 12 47.0
13 1.6940147528741445 18 45.0
14 2.3067939681995187 17 41.0
15 5.7241683580893685 3 38.0
16 4.592500000000013 9 38.0
17 3.3688856269502727 15 38.0
18 1.1916047774007699 19 37.0
19 3.0293959906224233 16 33.0
20 5.0624856269502665 7 26.0
1 10.582701877474634 1 93.0
2 5.118575562271077 9 80.0
3 7.083393910645428 4 78.0
4 6.125075007641943 6 77.0
5 5.43466223417884 8 58.0
6 0.7775288905853937 18 55.0
7 4.0087178114445745 13 55.0
8 7.336701877509624 3 54.0
9 4.053835416304321 12 52.0
10 4.808325562309272 10 51.0
11 0.75569889058771 19 48.0
12 7.469909844497397 2 47.0
13 3.7138939105036846 14 45.0
14 1.9941183509875704 16 41.0
15 5.668544437774831 7 38.0
16 4.091244437372944 11 38.0
17 0.9526211095220805 17 38.0
18 6.355439927100962 5 37.0
19 0.0 20 33.0
20 2.64489889057495 15 26.0
1 7.856824100393135 1 93.0
2 1.8620357135532897 13 80.0
3 4.626111743536926 6 78.0
4 5.050032813198992 3 77.0
5 2.726490066822673 9 58.0
6 1.225619836350574 17 55.0
7 6.107467942596202 2 55.0
8 2.1223882564630627 11 54.0
9 0.4248165101071897 19 52.0
10 4.94929509546618 4 51.0
11 1.7043768595021727 14 48.0
12 3.0377256352752595 8 47.0
13 0.0 20 45.0
14 3.192775635275261 7 41.0
15 4.67126455565709 5 38.0
16 1.8826217519937742 12 38.0
17 2.5872968595021617 10 38.0
18 1.2847778636276674 16 37.0
19 0.4946590256902561 18 33.0
20 1.451083645129176 15 26.0
1 4.746100000749272 7 93.0
2 5.0502866661471195 5 80.0
3 7.849326666814365 1 78.0
4 7.259449999544582 2 77.0
5 5.680050003403974 4 58.0
6 1.445410000668374 16 55.0
7 1.8235600001772139 14 55.0
8 2.8197799999784867 12 54.0
9 0.0 20 52.0
10 1.4816300005043832 15 51.0
11 3.715506666768727 11 48.0
12 6.732426666754328 3 47.0
13 0.6972200002495401 19 45.0
14 0.7129199982431427 18 41.0
15 4.838076667030196 6 38.0
16 4.472426666800088 10 38.0
17 4.598426667016173 9 38.0
18 4.710449999544744 8 37.0
19 1.119760000058093 17 33.0
20 2.2629333322806855 13 26.0
1 9.932421894018978 1 93.0
2 3.4947680880207157 6 80.0
3 4.87926105596324 2 78.0
4 2.0458726871640094 14 77.0
5 3.7599823866479363 5 58.0
6 2.36463572811577 12 55.0
7 3.780969687585881 4 55.0
8 2.6035685359555845 10 54.0
9 2.481133728014008 11 52.0
10 3.4599490240786075 8 51.0
11 0.9418134803091809 17 48.0
12 3.446293728013025 9 47.0
13 0.5275510472938398 19 45.0
14 0.5726424532484038 18 41.0
15 4.866321894026623 3 38.0
16 1.5023610559617933 15 38.0
17 2.2532375198597805 13 38.0
18 1.085322320025141 16 37.0
19 0.0 20 33.0
20 3.4826682427251967 7 26.0
1 9.73092605921353 1 93.0
2 5.758548106740682 8 80.0
3 8.04771370920648 3 78.0
4 5.22887735071964 10 77.0
5 5.801383134174367 7 58.0
6 5.628796324640226 9 55.0
7 9.371044701439345 2 55.0
8 7.687848162320071 4 54.0
9 6.721389009191853 5 52.0
10 4.771342826705818 13 51.0
11 4.819244701439608 12 48.0
12 2.656574606740782 19 47.0
13 3.396664309178103 15 45.0
14 2.922000000000108 17 41.0
15 6.692042266637758 6 38.0
16 4.2984744869599965 14 38.0
17 5.031409291720041 11 38.0
18 3.112926921761954 16 37.0
19 2.6588481067408067 18 33.0
20 0.0 20 26.0
1 5.765999433168821 3 93.0
2 2.278129229284957 17 80.0
3 3.3694999999991935 12 78.0
4 7.436020321648144 2 77.0
5 4.326517081488904 8 58.0
6 2.9160993720336243 13 55.0
7 5.145869997191278 5 55.0
8 5.454114328251484 4 54.0
9 1.8275005668348934 19 52.0
10 5.050720321649985 6 51.0
11 2.426850906214523 15 48.0
12 3.488026263078321 11 47.0
13 0.0 20 45.0
14 2.129497732679072 18 41.0
15 7.964316058261546 1 38.0
16 4.865700857950518 7 38.0
17 2.3676008579503875 16 38.0
18 3.8866160582601106 9 37.0
19 2.7203509062147972 14 33.0
20 3.5924356139325595 10 26.0
1 4.54694146272946 2 93.0
2 2.8067781643868868 11 80.0
3 4.365875634415524 3 78.0
4 4.879966674347193 1 77.0
5 2.9772094147283736 10 58.0
6 1.897632069989088 15 55.0
7 3.00404693371341 9 55.0
8 1.300941462729461 19 54.0
9 3.655800000000004 6 52.0
10 1.8335034838579793 16 51.0
11 1.8206377488243684 18 48.0
12 3.684723096735605 5 47.0
13 0.0 20 45.0
14 1.833441462729461 17 41.0
15 3.079192819483765 8 38.0
16 2.5093821551095754 13 38.0
17 2.0298422910433866 14 38.0
18 4.158205929564044 4 37.0
19 2.512854110303714 12 33.0
20 3.37639739832577 7 26.0
1 5.995166157420158 2 93.0
2 6.221936157420011 1 80.0
3 3.3769000000025073 5 78.0
4 3.7739639784369015 4 77.0
5 3.1158220269670593 6 58.0
6 2.407777896515702 9 55.0
7 1.363972267167866 12 55.0
8 0.5797189010979191 18 54.0
9 0.6623222890604026 17 52.0
10 0.8656574676762134 15 51.0
11 0.8668037660554384 14 48.0
12 2.038796233937283 10 47.0
13 0.161996489279836 19 45.0
14 2.6774222890561554 7 41.0
15 5.589896744619169 3 38.0
16 0.0 20 38.0
17 0.8376716447786388 16 38.0
18 2.4949969999617303 8 37.0
19 1.1230704891980807 13 33.0
20 1.4699661574199356 11 26.0
1 7.452759387977126 1 93.0
2 4.748024802619506 6 80.0
3 4.258766417313031 7 78.0
4 6.978613429069379 2 77.0
5 2.9440466657234383 9 58.0
6 1.5796626084196717 15 55.0
7 5.009079689907083 5 55.0
8 2.8995626084200903 10 54.0
9 1.3964209371236584 17 52.0
10 5.099940595697213 4 51.0
11 1.4245662575582596 16 48.0
12 0.4956626084200897 18 47.0
13 0.40222866811544034 19 45.0
14 2.7226997887310516 11 41.0
15 5.338140595697368 3 38.0
16 2.944339086047713 8 38.0
17 1.8101134290686764 14 38.0
18 1.8271248026195235 13 37.0
19 2.2792291571454464 12 33.0
20 0.0 20 26.0
1 5.392129384442292 2 93.0
2 1.4914770409450595 17 80.0
3 4.546695047830473 3 78.0
4 2.7315509752046743 7 77.0
5 2.622116404966785 8 58.0
6 1.9610855181293783 10 55.0
7 5.64118447679393 1 55.0
8 4.054827496948941 5 54.0
9 0.0 20 52.0
10 1.6643270409450177 15 51.0
11 1.749340975204524 14 48.0
12 1.6434839953138307 16 47.0
13 1.796127476000526 12 45.0
14 1.790729199739177 13 41.0
15 4.261606467811234 4 38.0
16 2.3232870409450688 9 38.0
17 3.8476274969488635 6 38.0
18 1.9097532339059726 11 37.0
19 0.17312246005711796 18 33.0
20 0.08836390575762554 19 26.0
1 5.835162404379076 2 93.0
2 3.838777135144592 4 80.0
3 2.3820692390506375 12 78.0
4 3.2605350421228985 6 77.0
5 2.440492989129875 11 58.0
6 1.4714915637002073 17 55.0
7 1.5823146195253077 15 55.0
8 2.6208670623132333 9 54.0
9 2.158703816774398 13 52.0
10 3.5197077464449107 5 51.0
11 2.4405135533461566 10 48.0
12 1.7349624043790781 14 47.0
13 0.0 20 45.0
14 1.283773850343281 18 41.0
15 6.3252072816096625 1 38.0
16 5.526207281609663 3 38.0
17 3.028107281609669 7 38.0
18 1.5120442137121735 16 37.0
19 0.663124213712206 19 33.0
20 2.7213160353133388 8 26.0
1 15.616571000000015 1 93.0
2 2.1463519999999994 16 80.0
3 4.112806000000002 8 78.0
4 6.160148000000004 6 77.0
5 10.827571000000013 3 58.0
6 4.079756000000003 9 55.0
7 9.406071000000013 4 55.0
8 2.4523259999999962 14 54.0
9 3.2552010000000022 12 52.0
10 3.774848000000003 10 51.0
11 5.035061000000001 7 48.0
12 3.7703040000000003 11 47.0
13 0.3991959999999999 18 45.0
14 0.17592600000000225 19 41.0
15 8.858748000000006 5 38.0
16 1.385825999999999 17 38.0
17 2.2451259999999964 15 38.0
18 0.0 20 37.0
19 11.123771000000023 2 33.0
20 2.6580710000000107 13 26.0
1 13.095998478016877 1 93.0
2 11.270096552546123 2 80.0
3 6.514268820164605 10 78.0
4 8.63271189527226 4 77.0
5 7.857143690970872 8 58.0
6 5.29763554572688 14 55.0
7 6.435643690970831 11 55.0
8 8.202266858456099 6 54.0
9 4.573134056310872 15 52.0
10 8.128067110773177 7 51.0
11 3.137303381360534 18 48.0
12 8.444203452816605 5 47.0
13 6.133964896747585 12 45.0
14 5.809501517257435 13 41.0
15 11.263325724646855 3 38.0
16 3.515928154514578 17 38.0
17 4.326000218835695 16 38.0
18 6.609301770731334 9 37.0
19 0.0 20 33.0
20 1.485871845485442 19 26.0
1 8.49630941240559 2 93.0
2 8.684573275298282 1 80.0
3 2.607347399339205 14 78.0
4 3.7838189009778915 6 77.0
5 6.621273275298639 4 58.0
6 7.43237327529873 3 55.0
7 3.4035207181635783 10 55.0
8 3.692194058763224 7 54.0
9 0.0 20 52.0
10 4.127109412396583 5 51.0
11 2.6020740587590945 15 48.0
12 2.0813786452679093 18 47.0
13 2.0850732753004193 17 45.0
14 2.703959156693355 12 41.0
15 3.4609064798805163 9 38.0
16 2.3643483895456163 16 38.0
17 3.484994058758002 8 38.0
18 2.6856526006565553 13 37.0
19 0.07557905876213145 19 33.0
20 2.986075832427316 11 26.0
1 9.498651473995817 1 93.0
2 5.606759283306312 10 80.0
3 6.1770444600385295 8 78.0
4 8.335044460038592 2 77.0
5 6.235364730348653 7 58.0
6 5.671116833311359 9 55.0
7 7.254241075040451 4 55.0
8 6.252651473995836 6 54.0
9 7.2611956750404865 3 52.0
10 4.588337006827498 12 51.0
11 4.237071806846006 13 48.0
12 3.852340716693618 15 47.0
13 0.0 20 45.0
14 3.5442168333113973 16 41.0
15 6.494103962739354 5 38.0
16 4.949600350907162 11 38.0
17 3.2580135809108626 19 38.0
18 3.890259775490705 14 37.0
19 3.3459647303486135 18 33.0
20 3.5292685691702403 17 26.0
1 8.497724859663183 1 93.0
2 1.5499355774068366 18 80.0
3 5.544379508633906 5 78.0
4 6.311480120804155 3 77.0
5 4.5029902106942 7 58.0
6 2.2323439983406583 16 55.0
7 4.069586780030649 10 55.0
8 4.277946131061069 8 54.0
9 0.0 20 52.0
10 7.1304681708765525 2 51.0
11 5.883568170876007 4 48.0
12 4.628247535177519 6 47.0
13 2.1748795086331882 17 45.0
14 3.712832385491026 12 41.0
15 1.0861600647003522 19 38.0
16 2.8337811548142198 13 38.0
17 4.070746131060399 9 38.0
18 2.4572978870367654 14 37.0
19 2.2473591486300997 15 33.0
20 3.7418021841485793 11 26.0
1 9.412297535538656 1 93.0
2 5.266319461682701 8 80.0
3 7.147074318642216 4 78.0
4 7.49532074620298 2 77.0
5 5.23638661530378 9 58.0
6 7.407205941437426 3 55.0
7 2.738813894018393 17 55.0
8 3.9902491874292076 13 54.0
9 4.020118636509364 11 52.0
10 3.4674316317973393 15 51.0
11 5.409981163727914 7 48.0
12 5.69877624736914 6 47.0
13 0.0 20 45.0
14 6.698797555615035 5 41.0
15 5.167031365014205 10 38.0
16 3.969460186031654 14 38.0
17 1.6706458545975353 19 38.0
18 2.3454193916771024 18 37.0
19 3.244020123366142 16 33.0
20 4.005521314475632 12 26.0
1 6.936640709309344 1 93.0
2 4.894820120427774 8 80.0
3 5.368520844278895 6 78.0
4 6.833788823777191 2 77.0
5 5.0369394032152215 7 58.0
6 4.351089193675695 10 55.0
7 3.075540422139448 16 55.0
8 5.833739113496206 3 54.0
9 3.1681894574327787 15 52.0
10 4.450166513556474 9 51.0
11 2.0427100341785662 19 48.0
12 3.551834975473395 14 47.0
13 0.0 20 45.0
14 4.139946530017701 12 41.0
15 5.5723101204277725 5 38.0
16 4.005545342513002 13 38.0
17 2.8195050928837357 18 38.0
18 5.687448251870563 4 37.0
19 4.271731394235187 11 33.0
20 2.8892188043212514 17 26.0
1 8.806108631704014 4 93.0
2 6.328526636117045 6 80.0
3 9.358648660656803 3 78.0
4 9.536722442889287 1 77.0
5 4.617717263407695 13 58.0
6 5.9236222454918 8 55.0
7 9.40549998049603 2 55.0
8 6.284196098483644 7 54.0
9 3.475579800272582 16 52.0
10 3.0159000000000007 18 51.0
11 5.079094497864157 10 48.0
12 4.83962224548993 11 47.0
13 2.000199999999869 19 45.0
14 0.0 20 41.0
15 4.23533094727886 14 38.0
16 5.754265102679462 9 38.0
17 3.078091368296378 17 38.0
18 8.585444320575924 5 37.0
19 4.704579800272968 12 33.0
20 3.9930090022068363 15 26.0
1 9.463263749250896 1 93.0
2 2.550757807065547 16 80.0
3 4.977492460284297 8 78.0
4 6.382086470846886 4 77.0
5 3.9518361493675154 9 58.0
6 2.9853052586050857 13 55.0
7 6.3096762727002895 5 55.0
8 6.217263749250993 7 54.0
9 0.6687964321072011 19 52.0
10 3.632556714847046 10 51.0
11 3.4043762460657803 12 48.0
12 8.669763005415984 2 47.0
13 0.0 20 45.0
14 6.736299738131731 3 41.0
15 6.288504140689296 6 38.0
16 3.4129378311192964 11 38.0
17 1.2135864708473854 17 38.0
18 2.982236149367392 14 37.0
19 2.5851799165047127 15 33.0
20 0.9825580281914261 18 26.0
1 10.405260086384024 1 93.0
2 5.758898612877998 7 80.0
3 6.082202257948426 4 78.0
4 8.495039964360632 2 77.0
5 5.088211404623756 14 58.0
6 6.016994334621004 6 55.0
7 7.406684934803175 3 55.0
8 5.504999954340679 9 54.0
9 4.301630107796304 16 52.0
10 3.4914966752901186 17 51.0
11 5.456969716525693 10 48.0
12 5.1751392914562615 12 47.0
13 2.624845673579415 19 45.0
14 0.0 20 41.0
15 6.041362638075887 5 38.0
16 5.749532677079124 8 38.0
17 5.3592483374324 11 38.0
18 5.097363579151378 13 37.0
19 2.808247648567172 18 33.0
20 5.035593914891286 15 26.0
