1 9.576575297487633 3 93.0
2 7.4887356152977596 6 80.0
3 0.0 20 78.0
4 9.814597605405893 1 77.0
5 7.688969945154517 5 58.0
6 6.258461786886193 9 55.0
7 3.2150202634544582 18 55.0
8 3.8393970863327334 16 54.0
9 4.648662555702412 11 52.0
10 9.592952852455767 2 51.0
11 3.8825000000000305 15 48.0
12 3.169886046226924 19 47.0
13 4.644869945154627 12 45.0
14 3.606235615298047 17 41.0
15 4.142338213113978 14 38.0
16 6.522086046226962 8 38.0
17 9.399659879535655 4 38.0
18 6.089249813917835 10 37.0
19 4.629567930071888 13 33.0
20 6.794458557367674 7 26.0
