1 4.407901072691557 1 93.0
2 4.030106788254323 2 80.0
3 0.0 20 78.0
4 3.076682920976555 5 77.0
5 1.9608186466618878 12 58.0
6 3.6928032041483765 3 55.0
7 0.5353053907085017 19 55.0
8 0.9593208701256046 17 54.0
9 1.3589499457075758 15 52.0
10 1.906364031795005 13 51.0
11 3.280659463767172 4 48.0
12 2.9617207247670105 6 47.0
13 2.8389919350851693 8 45.0
14 2.7613193531742968 9 41.0
15 2.169360470742757 11 38.0
16 0.7003081601885905 18 38.0
17 2.233943314089666 10 38.0
18 1.5388906206248882 14 37.0
19 1.355796478969155 16 33.0
20 2.9603702475020572 7 26.0
