1 11.743867398552931 1 93.0
2 6.942582872690674 10 80.0
3 5.796400000000014 14 78.0
4 10.646376641022261 3 77.0
5 3.304399999999994 18 58.0
6 9.749920906586736 4 55.0
7 6.724809016480045 12 55.0
8 6.118726648700973 13 54.0
9 4.102563098053473 17 52.0
10 11.29364935357176 2 51.0
11 5.405023795794573 15 48.0
12 9.141312702183377 5 47.0
13 2.9083699594407184 19 45.0
14 0.0 20 41.0
15 9.005651889638708 6 38.0
16 7.30865623666623 8 38.0
17 8.869168473735485 7 38.0
18 6.953936744055716 9 37.0
19 4.633398124394969 16 33.0
20 6.733338192953812 11 26.0
