1 4.5541627326815615 1 93.0
2 3.9168465077360626 3 80.0
3 1.5898310741323274 14 78.0
4 2.824883073847907 9 77.0
5 3.625588325224676 4 58.0
6 3.441492137331355 5 55.0
7 0.0 20 55.0
8 2.05256636712928 11 54.0
9 1.9410089237360864 13 52.0
10 0.9880181068031919 17 51.0
11 4.142209312462288 2 48.0
12 2.61339450563013 10 47.0
13 2.9645178953748785 8 45.0
14 3.145381008955562 7 41.0
15 1.1946391441907045 16 38.0
16 0.6687127721567443 18 38.0
17 0.5324157493632782 19 38.0
18 1.9557757909898557 12 37.0
19 1.275104553924818 15 33.0
20 3.4343543843770075 6 26.0
