1 6.694188967763067 1 84.0
2 0.3598660200341346 15 63.0
3 3.9254984522504737 5 55.0
4 3.834882652256729 6 54.0
5 3.9520973062783904 4 54.0
6 4.085132020941091 3 53.0
7 1.0552109628659447 14 51.0
8 3.6262690360638787 7 49.0
9 4.708710962865951 2 47.0
10 1.4746375760697206 12 43.0
11 1.6953347985054052 11 42.0
12 3.0798269939042373 9 41.0
13 0.0 18 39.0
14 1.2735493277091368 13 36.0
15 0.055767576991020196 17 36.0
16 1.7901157895614535 10 33.0
17 3.4398828080090134 8 31.0
18 0.17084835555126743 16 22.0
1 5.965388738741471 2 84.0
2 2.4122059159152824 11 63.0
3 4.745422522527202 4 55.0
4 6.9190774774796555 1 54.0
5 3.61779948948841 9 54.0
6 2.184355000000458 12 53.0
7 1.061566636639224 17 51.0
8 4.46876663663678 6 49.0
9 2.165700000000651 13 47.0
10 3.9499112612607847 8 43.0
11 4.02846930931007 7 42.0
12 5.62528705705707 3 41.0
13 1.7617774774693 15 39.0
14 1.433187057059941 16 36.0
15 0.0 18 36.0
16 4.702805915916644 5 33.0
17 2.6908693093086056 10 31.0
18 1.781325477479655 14 22.0
1 11.680304017470515 1 84.0
2 1.7967324875196886 17 63.0
3 6.314780207155675 7 55.0
4 9.266715641430984 2 54.0
5 3.9972826106483987 13 54.0
6 7.432904017470365 4 53.0
7 3.16629999999738 15 51.0
8 8.79399564143049 3 49.0
9 7.366782329450464 5 47.0
10 3.4760485091485034 14 43.0
11 6.554098731281634 6 42.0
12 4.40289530532438 10 41.0
13 4.0619489534091615 12 39.0
14 5.206632487519689 9 36.0
15 0.0 18 36.0
16 4.08733248752464 11 33.0
17 2.94488261064936 16 31.0
18 5.440592112312174 8 22.0
1 6.383706416896114 2 84.0
2 2.9183999515442434 9 63.0
3 5.519912190423348 4 55.0
4 6.105284355047134 3 54.0
5 3.7333922646761764 8 54.0
6 4.585186884594139 5 53.0
7 0.5605013184246896 16 51.0
8 2.476952099428112 12 49.0
9 2.7891369226246088 11 47.0
10 2.874511934176663 10 43.0
11 4.0106883098630846 7 42.0
12 4.090236922624984 6 41.0
13 1.6981525648562976 14 39.0
14 2.4073868845941706 13 36.0
15 0.12578688459513332 17 36.0
16 1.2880868845939828 15 33.0
17 7.236484355047348 1 31.0
18 0.0 18 22.0
1 8.356600023989245 2 84.0
2 4.503401921258741 10 63.0
3 5.344178919777 7 55.0
4 5.268473968108363 8 54.0
5 8.57202694701191 1 54.0
6 3.9700332581316524 14 53.0
7 5.7837259606293605 5 51.0
8 4.304616443942706 12 49.0
9 3.8122114922740504 15 47.0
10 4.362006291363874 11 43.0
11 4.525099999999948 9 42.0
12 7.932501921258717 3 41.0
13 0.0 18 39.0
14 4.302437376702185 13 36.0
15 2.9963534242926944 16 36.0
16 7.932326947011925 4 33.0
17 5.717934753404329 6 31.0
18 0.01954799999999146 17 22.0
1 6.3889417901235435 3 84.0
2 5.087119104938278 8 63.0
3 5.696618734568105 5 55.0
4 5.157300000000017 7 54.0
5 5.509258395061707 6 54.0
6 4.319458395061731 10 53.0
7 2.1936684722224147 17 51.0
8 6.274260895061706 4 49.0
9 4.203978549381891 11 47.0
10 8.955858919753094 1 43.0
11 4.460699359568132 9 42.0
12 6.88595891975303 2 41.0
13 0.0 18 39.0
14 2.849310169752929 15 36.0
15 3.996427608024626 12 36.0
16 2.3441543055554708 16 33.0
17 3.1723493595681314 13 31.0
18 2.9318968209879523 14 22.0
1 6.324412613913569 2 84.0
2 2.0587778748064225 15 63.0
3 2.851937607838302 12 55.0
4 7.50643986694876 1 54.0
5 4.89170078070762 5 54.0
6 4.950104784323073 4 53.0
7 5.156377874806431 3 51.0
8 1.6670440410147758 16 49.0
9 3.281015146938432 10 47.0
10 4.861129593976544 6 43.0
11 4.179792787842159 7 42.0
12 3.817697700877897 8 41.0
13 1.1025626017629473 17 39.0
14 2.5733801974506454 13 36.0
15 0.0 18 36.0
16 3.626472410861181 9 33.0
17 2.2366429617707304 14 31.0
18 2.8744749495742488 11 22.0
1 7.6792999999999925 1 84.0
2 0.9013129247311671 17 63.0
3 4.609181741935018 3 55.0
4 6.08376666666666 2 54.0
5 4.258522924730967 4 54.0
6 2.8428333333333544 11 53.0
7 2.9344062043013737 10 51.0
8 2.278953333333263 14 49.0
9 3.2705129247312343 7 47.0
10 1.5454199677423017 15 43.0
11 1.0211327096775107 16 42.0
12 4.057841580644951 5 41.0
13 3.0351129247309916 9 39.0
14 2.3016023333335607 13 36.0
15 2.4945602365591624 12 36.0
16 3.595945451612127 6 33.0
17 3.2061229247319845 8 31.0
18 0.0 18 22.0
1 6.709193258641349 2 84.0
2 2.911198655392398 13 63.0
3 5.268198655376368 4 55.0
4 6.523453746728162 3 54.0
5 4.805904887349523 7 54.0
6 6.952847399536525 1 53.0
7 2.956748566716423 12 51.0
8 4.311532557383153 9 49.0
9 3.8390816292854297 10 47.0
10 3.1847048879151716 11 43.0
11 0.0 18 42.0
12 4.34725015661623 8 41.0
13 5.025996143770922 6 39.0
14 2.3989897153966737 14 36.0
15 0.840381629285492 17 36.0
16 2.002681629270911 15 33.0
17 5.105860226843415 5 31.0
18 1.928699999989556 16 22.0
1 8.512086879948205 1 84.0
2 3.867176019354361 15 63.0
3 5.636407301862801 4 55.0
4 5.052014235613651 10 54.0
5 4.9888999995799175 11 54.0
6 5.5913999999999975 6 53.0
7 4.042386879941891 13 51.0
8 5.608643712438065 5 49.0
9 5.396373671464298 8 47.0
10 3.4603868799472774 16 43.0
11 4.3793280606829565 12 42.0
12 5.19548730145345 9 41.0
13 6.27638730186201 2 39.0
14 3.9679434399966276 14 36.0
15 0.0 18 36.0
16 5.469786879988496 7 33.0
17 3.389828471227763 17 31.0
18 6.061183876188571 3 22.0
1 6.8376029762392605 2 84.0
2 3.86951831462516 8 63.0
3 3.908700000000003 7 55.0
4 7.559331098730059 1 54.0
5 5.741389157312578 3 54.0
6 4.362035986071255 5 53.0
7 0.0 18 51.0
8 1.3249561356001682 15 49.0
9 2.498030956575179 9 47.0
10 4.144056135600166 6 43.0
11 4.553131098730025 4 42.0
12 0.8951094689334997 16 41.0
13 2.132644650962713 11 39.0
14 2.325543757886096 10 36.0
15 0.318401204424422 17 36.0
16 1.3930028022668344 14 33.0
17 1.6595646509627224 13 31.0
18 2.1167000000000122 12 22.0
1 8.977394341681144 1 84.0
2 4.354636135159584 9 63.0
3 5.487520951998997 3 55.0
4 4.411120988525206 8 54.0
5 5.058148230056808 5 54.0
6 6.074765389425142 2 53.0
7 2.4566544554478296 16 51.0
8 3.5694506471919163 11 49.0
9 4.872798560030316 6 47.0
10 2.949324386126091 13 43.0
11 4.527870577132896 7 42.0
12 3.9338667264964746 10 41.0
13 2.4959687835373834 15 39.0
14 1.9520360585449277 17 36.0
15 0.0 18 36.0
16 2.9581377603926082 12 33.0
17 5.300771328659197 4 31.0
18 2.79565519906146 14 22.0
1 8.57774825666602 1 84.0
2 3.6975244407107346 10 63.0
3 4.705938456534391 8 55.0
4 3.4803000000000375 11 54.0
5 4.738923174344275 6 54.0
6 6.041745282347456 2 53.0
7 1.934397993090751 14 51.0
8 4.305107266071549 9 49.0
9 5.09388634868844 5 47.0
10 0.0 18 43.0
11 2.7917132222572034 13 42.0
12 0.9242527339282742 17 41.0
13 5.720956200349891 3 39.0
14 1.108781448622579 16 36.0
15 1.2338527339283103 15 36.0
16 5.610967118352393 4 33.0
17 4.7310004952971685 7 31.0
18 2.9688332719097685 12 22.0
1 7.420399064410313 1 84.0
2 0.0 18 63.0
3 4.309605158789319 7 55.0
4 3.233205158789322 10 54.0
5 5.408029648128816 4 54.0
6 5.5389420568063175 3 53.0
7 2.692154905322795 11 51.0
8 4.62114527041399 5 49.0
9 7.3063452704139875 2 47.0
10 2.2561459370806656 14 43.0
11 2.5882746198002 13 42.0
12 1.6906062658416565 16 41.0
13 4.533445937080655 6 39.0
14 2.5971566311316527 12 36.0
15 1.4966704748769932 17 36.0
16 4.105165625465928 9 33.0
17 2.2036902564484824 15 31.0
18 4.278554603747323 8 22.0
1 4.770450477381811 4 84.0
2 2.206801953303037 12 63.0
3 4.637388567854562 5 55.0
4 7.047749304285699 1 54.0
5 4.235689878583395 6 54.0
6 5.301057832016927 2 53.0
7 0.46976095476362545 17 51.0
8 0.6390140748315876 16 49.0
9 4.933440664365056 3 47.0
10 2.7777465297283483 11 43.0
11 3.6587591645174093 8 42.0
12 2.8166271948995467 10 41.0
13 4.154920110802358 7 39.0
14 0.7655400000000001 15 36.0
15 0.0 18 36.0
16 1.972914074831585 13 33.0
17 3.1369303430213162 9 31.0
18 1.77304941647512 14 22.0
1 3.4145134845360814 10 84.0
2 1.2377002268041237 15 63.0
3 6.420213484536079 2 55.0
4 9.114495463917518 1 54.0
5 3.7244134845360803 8 54.0
6 5.28449546391752 4 53.0
7 3.03845942268041 12 51.0
8 4.889513484536064 5 49.0
9 0.0 18 47.0
10 3.561731505154616 9 43.0
11 3.2817002268041047 11 42.0
12 2.5271810309278777 13 41.0
13 4.528477443298964 6 39.0
14 0.17037901030927172 16 36.0
15 1.2401369896906962 14 36.0
16 6.2234134845360884 3 33.0
17 4.055397443298964 7 31.0
18 0.09846849484536513 17 22.0
1 6.574518940500152 1 84.0
2 1.1279500433793026 17 63.0
3 4.754697776979593 7 55.0
4 5.7025878376209995 3 54.0
5 4.778399481398961 6 54.0
6 6.523625087901944 2 53.0
7 2.912881146258454 15 51.0
8 3.4830789332240366 13 49.0
9 3.7136614022223076 10 47.0
10 4.105421066775961 9 43.0
11 4.357098657174404 8 42.0
12 3.5609569517148283 12 41.0
13 3.283486475091929 14 39.0
14 3.6569964750919297 11 36.0
15 0.0 18 36.0
16 5.314654849274876 5 33.0
17 5.508493810675191 4 31.0
18 2.3442878376210006 16 22.0
1 7.094761030516528 1 84.0
2 2.4546530186145037 12 63.0
3 3.5443861939064387 7 55.0
4 5.6650636454053505 3 54.0
5 2.8362130186143917 10 54.0
6 5.081961459618226 4 53.0
7 0.9235650566460132 17 51.0
8 5.968693484716784 2 49.0
9 4.170936588219253 6 47.0
10 2.1847636454051087 15 43.0
11 0.0 18 42.0
12 2.4482757782291875 13 41.0
13 3.3003530186150263 9 39.0
14 1.4074663519478146 16 36.0
15 2.366039685281147 14 36.0
16 2.568913806092459 11 33.0
17 4.554213806093541 5 31.0
18 3.524497122100077 8 22.0
1 10.97284217720069 2 84.0
2 4.877800000037496 15 63.0
3 6.755010445342609 8 55.0
4 3.3582999999932386 17 54.0
5 8.255916048623664 5 54.0
6 8.330285806596894 4 53.0
7 6.583516048615078 9 51.0
8 12.447842177199622 1 49.0
9 6.516142177193704 10 47.0
10 4.7371668228372075 16 43.0
11 6.405425823238592 11 42.0
12 7.086384354394561 7 41.0
13 5.0238050888165695 14 39.0
14 5.587416822816671 13 36.0
15 5.910370935928064 12 36.0
16 7.510530151579244 6 33.0
17 8.657796435732646 3 31.0
18 0.0 18 22.0
1 8.089254495145623 1 84.0
2 1.5195000000000078 16 63.0
3 4.0825339417475766 12 55.0
4 0.0 18 54.0
5 6.451590932038838 3 54.0
6 5.729167883495137 4 53.0
7 4.411066058252416 9 51.0
8 4.83607350485437 6 49.0
9 4.242544990291271 11 47.0
10 3.402357242718473 13 43.0
11 4.611793504854364 7 42.0
12 5.294751747572816 5 41.0
13 4.366244990291266 10 39.0
14 2.3270098155339856 15 36.0
15 6.8982320194174775 2 36.0
16 2.4061449902912626 14 33.0
17 1.131200000000001 17 31.0
18 4.43827053398057 8 22.0
1 7.93985502912008 1 84.0
2 5.28187547764052 4 63.0
3 3.9703479445030347 8 55.0
4 5.692443926140546 2 54.0
5 5.663435477640528 3 54.0
6 4.789661170841045 5 53.0
7 0.29842158445841926 17 51.0
8 2.598872416913184 12 49.0
9 2.9635858871636342 9 47.0
10 2.2789931689167338 14 43.0
11 2.533816889323375 13 42.0
12 4.206084091239432 7 41.0
13 2.6187611708410734 10 39.0
14 1.00833658461192 15 36.0
15 0.3331784155417119 16 36.0
16 2.6016550291200704 11 33.0
17 4.611035477640494 6 31.0
18 0.0 18 22.0
1 6.337522284110437 1 84.0
2 0.07023816924984749 17 63.0
3 2.695047257684527 4 55.0
4 4.1728270198223445 2 54.0
5 1.0561334397452566 10 54.0
6 3.5365148256639847 3 53.0
7 0.0 18 51.0
8 0.8180297104964024 11 49.0
9 2.0201697473179836 7 47.0
10 0.7212172105255281 12 43.0
11 2.1064584812184215 6 42.0
12 0.19171482566398312 16 41.0
13 0.3282238289160755 15 39.0
14 1.4509108722564856 9 36.0
15 0.5013148256639839 14 36.0
16 2.113220599899429 5 33.0
17 1.4606197473179836 8 31.0
18 0.6123839621893972 13 22.0
1 7.26278878384279 4 84.0
2 4.077433770742358 11 63.0
3 3.7529677117903955 12 55.0
4 5.078188783842792 7 54.0
5 8.784586181222705 3 54.0
6 6.361832386462881 6 53.0
7 0.0 18 51.0
8 3.135047207423592 14 49.0
9 3.1307887838428003 15 47.0
10 4.346319283842794 9 43.0
11 8.977318591703064 1 42.0
12 1.6410278558951998 17 41.0
13 6.522278591703063 5 39.0
14 2.009387567685587 16 36.0
15 8.905358591703063 2 36.0
16 4.562178591703057 8 33.0
17 4.14539136026202 10 31.0
18 3.6695861812227086 13 22.0
1 3.9556344276509816 6 84.0
2 2.222233182354737 13 63.0
3 5.218699094154539 2 55.0
4 1.7710344276508956 14 54.0
5 2.7616755723473196 9 54.0
6 3.924933182359175 7 53.0
7 2.283238647173641 12 51.0
8 2.9306750158572923 8 49.0
9 4.591433182359175 3 47.0
10 2.4213650158636764 10 43.0
11 4.378961701188821 4 42.0
12 1.0153244276513134 16 41.0
13 1.4116104370670155 15 39.0
14 5.2305018315163485 1 36.0
15 0.30026284588491237 17 36.0
16 4.111201831515093 5 33.0
17 0.0 18 31.0
18 2.313645015855929 11 22.0
1 6.192927396226407 2 84.0
2 1.683154792452864 15 63.0
3 3.4146000000000747 10 55.0
4 6.069432898113227 3 54.0
5 4.964714467924551 5 54.0
6 4.872181735848981 7 53.0
7 3.890771607547187 9 51.0
8 7.667927396226442 1 49.0
9 4.907470920754736 6 47.0
10 2.4125787471698565 12 43.0
11 0.8136573283019874 16 42.0
12 3.157871607547185 11 41.0
13 2.34239086792455 13 39.0
14 0.0 18 36.0
15 1.7681144679245122 14 36.0
16 3.926187049056591 8 33.0
17 0.7070460603773459 17 31.0
18 6.007471607547188 4 22.0
1 9.636542727316984 3 84.0
2 6.793153636569198 12 63.0
3 3.4553000002203693 17 55.0
4 9.647531818375846 2 54.0
5 7.262285454537527 11 54.0
6 10.374658485037727 1 53.0
7 8.190931818338425 8 51.0
8 9.047605151704879 5 49.0
9 5.754349999999933 14 47.0
10 7.709450000220262 10 43.0
11 8.749581818496482 6 42.0
12 8.160939818375859 9 41.0
13 4.946180909074361 16 39.0
14 6.15311090907436 13 36.0
15 0.0 18 36.0
16 9.618331818376166 4 33.0
17 5.194800001143044 15 31.0
18 8.430575151704616 7 22.0
1 9.243113636363777 3 84.0
2 2.721495454545496 17 63.0
3 6.088913636363574 7 55.0
4 3.909243636363146 13 54.0
5 12.005113636363598 2 54.0
6 7.36728363636367 4 53.0
7 4.77341363636356 10 51.0
8 13.170213636363599 1 49.0
9 4.761221818181871 11 47.0
10 2.846378181818442 16 43.0
11 6.378043636363556 6 42.0
12 3.4433472727275114 14 41.0
13 4.598243636363641 12 39.0
14 5.189483636363317 8 36.0
15 0.0 18 36.0
16 2.924821818181485 15 33.0
17 5.040443636363906 9 31.0
18 6.890113636363613 5 22.0
1 6.31009957432064 1 84.0
2 2.1761995743206395 11 63.0
3 3.385318380106051 4 55.0
4 3.3510142529154674 5 54.0
5 4.469189727925905 3 54.0
6 4.484921232697189 2 53.0
7 2.3631839418498823 10 51.0
8 2.1308298338826246 12 49.0
9 1.5693415096385646 14 47.0
10 1.368581282713697 16 43.0
11 2.4634935963688376 9 42.0
12 2.7246000000000006 8 41.0
13 3.1785555900596028 6 39.0
14 1.588139100104279 13 36.0
15 0.5449084838294822 17 36.0
16 2.800988085587062 7 33.0
17 0.0 18 31.0
18 1.5221958051747568 15 22.0
1 8.285329744679736 1 84.0
2 0.4105679999998211 17 63.0
3 3.3889163574445735 6 55.0
4 6.718501136172462 2 54.0
5 4.310775382982987 4 54.0
6 4.918285846806334 3 53.0
7 2.638375382977793 9 51.0
8 2.881847123403686 8 49.0
9 0.5595499999989828 15 47.0
10 1.6901419489400427 11 43.0
11 0.6404600000035598 14 42.0
12 3.7150897446797293 5 41.0
13 0.473079999999773 16 39.0
14 1.3340986297865893 12 36.0
15 1.1141753829777905 13 36.0
16 2.9471297446860842 7 33.0
17 0.0 18 31.0
18 1.7898036425418447 10 22.0
1 9.524271063975887 1 84.0
2 3.7295877407568705 4 63.0
3 3.03575989420138 8 55.0
4 3.5882041068913764 6 54.0
5 0.04687441321357344 17 54.0
6 4.4253977104139075 2 53.0
7 0.0 18 51.0
8 1.211974413213588 14 49.0
9 3.073642237168888 7 47.0
10 2.094095473274232 11 43.0
11 1.3938767162984187 13 42.0
12 2.5948398942013853 9 41.0
13 1.398714413213576 12 39.0
14 0.5079314755707753 16 36.0
15 0.8121755647559976 15 36.0
16 3.5960142961952246 5 33.0
17 2.323684417537853 10 31.0
18 4.357227740756871 3 22.0
1 5.918528239526292 4 84.0
2 1.784628239525199 16 63.0
3 6.773007272073552 3 55.0
4 7.355379953245979 2 54.0
5 4.119587308037966 10 54.0
6 7.8856231019601655 1 53.0
7 3.649123101960223 11 51.0
8 0.0 18 49.0
9 2.4772337493254586 14 47.0
10 3.027066250675211 13 43.0
11 5.05619729005587 7 42.0
12 1.9772746466458817 15 41.0
13 5.30436625067427 5 39.0
14 3.106117254090615 12 36.0
15 0.5019231019601791 17 36.0
16 5.076523101959946 6 33.0
17 4.831286250674463 8 31.0
18 4.335429449739549 9 22.0
1 5.947171270507436 3 84.0
2 0.0 18 63.0
3 2.5156712705074353 10 55.0
4 4.663133585827563 5 54.0
5 4.200909003100859 7 54.0
6 6.022035500701283 2 53.0
7 2.0487542839161934 13 51.0
8 4.479716624421324 6 49.0
9 2.1675197978792733 12 47.0
10 1.2159889182045416 16 43.0
11 3.5116148364090836 8 42.0
12 2.8584409023860524 9 41.0
13 1.0845712705074355 17 39.0
14 1.9088850105421689 14 36.0
15 1.6355000000000028 15 36.0
16 7.028146587921851 1 33.0
17 2.3534618059606784 11 31.0
18 5.694808339434619 4 22.0
1 7.826941490255543 2 84.0
2 3.683840117387015 9 63.0
3 5.824189321104898 3 55.0
4 5.491918124852146 4 54.0
5 4.788750725586268 5 54.0
6 4.086060777476189 8 53.0
7 0.0 18 51.0
8 2.7088114894546256 14 49.0
9 2.8791410985855332 13 47.0
10 3.0626253101629675 12 43.0
11 4.3267279656079225 6 42.0
12 4.276691595337483 7 41.0
13 2.127375883797419 16 39.0
14 2.5008858837986647 15 36.0
15 1.8398644353318638 17 36.0
16 8.81368932110514 1 33.0
17 3.65085369088812 10 31.0
18 3.589447411959141 11 22.0
1 9.274470000400843 7 84.0
2 5.140569999099776 15 63.0
3 16.295760000076264 3 55.0
4 15.511210000077103 4 54.0
5 8.046710000061859 11 54.0
6 16.452035000076066 1 53.0
7 6.374310000115942 13 51.0
8 9.211810000083464 8 49.0
9 16.433380000076085 2 47.0
10 12.030910000073892 6 43.0
11 8.98753000007481 9 42.0
12 8.5696700004127 10 41.0
13 5.203082000306278 14 39.0
14 12.88116000007691 5 36.0
15 3.9680699999999973 17 36.0
16 7.801709999959877 12 33.0
17 0.0 18 31.0
18 4.545800000400849 16 22.0
1 3.1542000002435904 13 84.0
2 8.610872608591205 2 63.0
3 0.0 18 55.0
4 7.091372609610621 4 54.0
5 8.710392608754587 1 54.0
6 7.520592608556857 3 53.0
7 2.4523978695863233 14 51.0
8 4.629199998862763 7 49.0
9 2.0279726096111776 15 47.0
10 3.8407926096155913 11 43.0
11 4.407422782483573 8 42.0
12 5.968881304172205 5 41.0
13 4.347720827429917 9 39.0
14 4.0165976965701855 10 36.0
15 1.6496000002091598 16 36.0
16 5.200921305729442 6 33.0
17 1.468422608592054 17 31.0
18 3.733072604159511 12 22.0
1 8.778254238418583 1 84.0
2 2.843497285038639 13 63.0
3 5.10402979798298 6 55.0
4 6.6490993102247415 2 54.0
5 4.924614292195478 7 54.0
6 5.868542561062048 5 53.0
7 2.911770935643392 11 51.0
8 1.2653214206546042 17 49.0
9 6.175570935643391 3 47.0
10 3.605181695044298 10 43.0
11 2.8909446102112657 12 42.0
12 1.9273159769251773 15 41.0
13 6.011800935643392 4 39.0
14 0.0 18 36.0
15 1.849140697406988 16 36.0
16 4.339170935643394 9 33.0
17 2.7028605482266395 14 31.0
18 4.486043843445417 8 22.0
1 7.730342950253737 1 84.0
2 2.429929966841922 11 63.0
3 4.351833654464865 4 55.0
4 4.651983886112352 3 54.0
5 3.451162941934853 8 54.0
6 3.6697787412378435 6 53.0
7 3.0450270227798546 9 51.0
8 1.5778432926256596 12 49.0
9 3.9805662234127546 5 47.0
10 2.8235878845569755 10 43.0
11 3.626024016304581 7 42.0
12 5.859029966844894 2 41.0
13 1.3442405102932398 14 39.0
14 0.9998526272441586 15 36.0
15 0.24443778458908083 16 36.0
16 0.04490525514668153 17 33.0
17 1.5741842757335955 13 31.0
18 0.0 18 22.0
1 8.926471227086122 1 84.0
2 4.351080658369752 10 63.0
3 6.9720970674515765 2 55.0
4 6.220843207791368 3 54.0
5 4.637203301266772 9 54.0
6 6.079337291633415 6 53.0
7 2.540663595604973 16 51.0
8 6.192659262733338 4 49.0
9 2.217760894759853 17 47.0
10 4.7130031004039745 8 43.0
11 3.7096371674430215 13 42.0
12 4.192100000000003 11 41.0
13 5.406998533725786 7 39.0
14 0.0 18 36.0
15 3.4102520093442714 14 36.0
16 4.080411618215195 12 33.0
17 6.113454773093276 5 31.0
18 3.249621789519715 15 22.0
1 13.593866666614787 1 84.0
2 5.359500000000436 14 63.0
3 7.716500000058126 5 55.0
4 5.6786920000134335 13 54.0
5 11.726933333281456 2 54.0
6 9.941800000329499 3 53.0
7 4.2220919999910524 15 51.0
8 9.377919999948121 4 49.0
9 7.069010000009937 7 47.0
10 6.261999999878107 11 43.0
11 7.149920000008978 6 42.0
12 4.192100000060362 16 41.0
13 6.285399999997424 10 39.0
14 0.0 18 36.0
15 2.5580999999481246 17 36.0
16 7.044462000008848 8 33.0
17 5.812320000012949 12 31.0
18 6.3387920000145455 9 22.0
1 6.326369840236465 1 84.0
2 2.5564729204591305 16 63.0
3 4.598249763338955 6 55.0
4 6.298356755731648 2 54.0
5 3.351148180981259 13 54.0
6 5.688012536305618 3 53.0
7 0.7656307882161126 17 51.0
8 4.785943659046122 5 49.0
9 3.9865182215840345 8 47.0
10 3.182495290656006 15 43.0
11 3.4838772207690267 12 42.0
12 3.9073920289006048 9 41.0
13 3.3397493332981596 14 39.0
14 3.510212535959036 11 36.0
15 0.0 18 36.0
16 4.9690779576209865 4 33.0
17 4.020281979602682 7 31.0
18 3.634342554806223 10 22.0
1 7.715773033410911 1 84.0
2 0.0 18 63.0
3 3.4504015172918656 4 55.0
4 6.376809028715442 2 54.0
5 3.382044627306949 5 54.0
6 4.607022342542777 3 53.0
7 0.3705223425426867 15 51.0
8 2.482788522705196 7 49.0
9 0.6626433816057657 12 47.0
10 1.230906162380673 11 43.0
11 2.6383026154815123 6 42.0
12 1.466886202247415 10 41.0
13 0.6034739155276767 13 39.0
14 0.1543154419491204 17 36.0
15 1.8750213639549251 9 36.0
16 0.3443446273068089 16 33.0
17 2.3296446273067763 8 31.0
18 0.570824702865721 14 22.0
1 3.9759166134343884 5 84.0
2 5.889633636564304 2 63.0
3 3.455300000001659 7 55.0
4 3.761243945517763 6 54.0
5 2.663880255198728 10 54.0
6 2.1843550000002656 12 53.0
7 0.8508136368407451 16 51.0
8 3.146102190645284 8 49.0
9 2.1657000000087048 13 47.0
10 5.402583636553492 3 43.0
11 0.7171171757950812 17 42.0
12 1.5866529717814442 15 41.0
13 2.5977541519719676 11 39.0
14 2.0568397447829647 14 36.0
15 0.0 18 36.0
16 2.8603249192606914 9 33.0
17 6.144513636496499 1 31.0
18 5.29486363655097 4 22.0
1 6.229814459639611 5 84.0
2 0.0 18 63.0
3 1.2592127139307205 15 55.0
4 8.177534459790675 1 54.0
5 6.549746197093251 4 54.0
6 4.6044098363386325 6 53.0
7 1.6057311405273929 14 51.0
8 7.70481445981835 2 49.0
9 0.43191183051896775 16 47.0
10 1.7720013130120942 12 43.0
11 6.610895212885932 3 42.0
12 1.7330118305887794 13 41.0
13 2.0857952129174393 11 39.0
14 2.4266098363655835 10 36.0
15 3.529092582115583 7 36.0
16 2.4323109680685855 9 33.0
17 0.05737558739257542 17 31.0
18 2.850331549252626 8 22.0
1 7.509265190823436 1 84.0
2 4.525700000000001 9 63.0
3 5.920836395364788 3 55.0
4 3.0061999999999993 17 54.0
5 5.7130356153929425 4 54.0
6 7.212180678170461 2 53.0
7 3.1513015134832663 16 51.0
8 3.9411674128731797 13 49.0
9 4.959550639146602 5 47.0
10 3.8559166316017466 14 43.0
11 0.0 18 42.0
12 4.261200623876392 10 41.0
13 4.5832926950651585 8 39.0
14 4.197994766253924 11 36.0
15 4.896312695065159 6 36.0
16 3.713583706436588 15 33.0
17 4.1374 12 31.0
18 4.6514427659290245 7 22.0
1 4.708792677152699 2 84.0
2 0.39340331433517584 16 63.0
3 2.264054203376116 9 55.0
4 3.0608392701027847 5 54.0
5 2.2095106165089526 10 54.0
6 1.0197106165079008 14 53.0
7 0.16709725581753831 17 51.0
8 1.0778335035728972 13 49.0
9 3.1111357295941513 4 47.0
10 0.0 18 43.0
11 1.4246438794657843 12 42.0
12 3.0507979957454268 6 41.0
13 2.9473657295952913 7 39.0
14 0.5293921276802158 15 36.0
15 2.1119192701028995 11 36.0
16 3.274219270102204 3 33.0
17 5.2595192701028814 1 31.0
18 2.283797255814447 8 22.0
1 6.891446017674722 2 84.0
2 2.094363170631601 15 63.0
3 5.92836524948992 4 55.0
4 8.057644848402024 1 54.0
5 3.23114913392167 11 54.0
6 2.0413491339221386 16 53.0
7 0.0 18 51.0
8 4.203144848401978 8 49.0
9 6.110244848402008 3 47.0
10 4.577344848401967 7 43.0
11 0.9922536791290155 17 42.0
12 2.5074448484021747 13 41.0
13 2.926082152277062 12 39.0
14 4.851525895308783 6 36.0
15 2.463260719237971 14 36.0
16 3.615756188987286 9 33.0
17 3.3013471869465985 10 31.0
18 5.509386541128215 5 22.0
1 7.0469260051659495 1 84.0
2 3.358602187930364 8 63.0
3 4.153364879961288 4 55.0
4 3.9133487455679505 5 54.0
5 2.004257496580934 14 54.0
6 5.679141249392275 2 53.0
7 0.0 18 51.0
8 2.8526700419896525 10 49.0
9 3.8625670400110925 6 47.0
10 2.640057485761556 11 43.0
11 2.142157075033345 13 42.0
12 5.275573913262946 3 41.0
13 3.4409868788768936 7 39.0
14 2.4868326962367497 12 36.0
15 0.22323512564799675 17 36.0
16 1.987921770128782 15 33.0
17 3.3041424103473034 9 31.0
18 0.8069327028822388 16 22.0
1 5.110672476964847 1 84.0
2 1.0504261216333064 17 63.0
3 4.707691394752985 2 55.0
4 4.2608714398697 3 54.0
5 3.495528560130307 6 54.0
6 1.3683000000000003 16 53.0
7 3.1340455434757546 9 51.0
8 3.6586382102450012 5 49.0
9 3.066194255331341 10 47.0
10 2.64268659782677 12 43.0
11 4.108886597826771 4 42.0
12 3.203259793480309 8 41.0
13 3.244366597826772 7 39.0
14 1.789584965318202 14 36.0
15 1.465714184258961 15 36.0
16 2.628014184258959 13 33.0
17 2.77128659782677 11 31.0
18 0.0 18 22.0
1 7.695509493458244 1 84.0
2 2.5627762829825502 7 63.0
3 2.6953712156494305 5 55.0
4 5.007321405838879 2 54.0
5 2.069651862359283 8 54.0
6 3.956593774801953 4 53.0
7 4.857249441196062 3 51.0
8 1.5023264311562523 15 49.0
9 2.5721293958163223 6 47.0
10 1.049733519648899 17 43.0
11 1.1655753873867096 16 42.0
12 1.5664120022482533 14 41.0
13 1.9125225554321126 10 39.0
14 1.573266827881675 13 36.0
15 1.6909494411960586 12 36.0
16 1.7494566987139573 11 33.0
17 0.0 18 31.0
18 1.995152262834469 9 22.0
1 6.539897501139663 1 84.0
2 2.405997501139867 10 63.0
3 3.1193404862285097 6 55.0
4 5.562887364899138 2 54.0
5 5.1580634713171065 3 54.0
6 4.673598722879268 4 53.0
7 2.600786492477306 8 51.0
8 2.2476574924773063 12 49.0
9 2.8689964924775193 7 47.0
10 0.43116162201316666 17 43.0
11 1.8166383779869946 13 42.0
12 2.4120634713171087 9 41.0
13 0.0 18 39.0
14 2.270306492477248 11 36.0
15 1.2649495183308803 14 36.0
16 1.0325964924772657 15 33.0
17 0.9102765041435084 16 31.0
18 4.0569065158099145 5 22.0
1 5.609582495551969 3 84.0
2 2.771300000002489 13 63.0
3 5.632755220875122 2 55.0
4 2.4732644443964897 14 54.0
5 3.052306258980107 11 54.0
6 6.938111318169607 1 53.0
7 0.6641778298201166 17 51.0
8 3.2220088887935177 10 49.0
9 4.876752846717606 4 47.0
10 1.1747577751237874 16 43.0
11 3.520146569854966 9 42.0
12 1.743094377266665 15 41.0
13 4.107795652128758 6 39.0
14 0.0 18 36.0
15 4.4068 5 36.0
16 3.0403528467177052 12 33.0
17 3.821314789621324 7 31.0
18 3.8126882849270998 8 22.0
1 10.001701730529298 1 84.0
2 5.3004345746556005 7 63.0
3 5.668173678743207 6 55.0
4 5.287000000000075 8 54.0
5 5.168248608473072 11 54.0
6 7.24780120869082 2 53.0
7 3.2128481687437738 15 51.0
8 4.953464696418978 12 49.0
9 6.035541878293872 4 47.0
10 3.257675992852025 14 43.0
11 0.0 18 42.0
12 4.333159369319154 13 41.0
13 5.215928738638556 10 39.0
14 6.9467538169602845 3 36.0
15 0.05066275113297092 17 36.0
16 5.827453816960461 5 33.0
17 5.245462751132984 9 31.0
18 1.928699999999988 16 22.0
1 6.604854922615997 2 84.0
2 0.40632088274960765 17 63.0
3 4.5957471073058915 3 55.0
4 6.78922806616407 1 54.0
5 1.0621828106756577 12 54.0
6 3.363532319038507 5 53.0
7 1.8742186029966077 10 51.0
8 0.6816613109313752 14 49.0
9 3.162419837573162 6 47.0
10 3.7052027842895825 4 43.0
11 0.4573813109313747 16 42.0
12 2.4036999346314856 8 41.0
13 1.598063987536225 11 39.0
14 2.171436767052449 9 36.0
15 0.9967198375731632 13 36.0
16 0.6348263724167975 15 33.0
17 0.0 18 31.0
18 3.058588255949334 7 22.0
1 6.256446421801979 1 84.0
2 1.4592050164612091 9 63.0
3 3.0376044183956292 4 55.0
4 3.0315183049466534 5 54.0
5 1.9171139137491164 7 54.0
6 4.699273130791073 2 53.0
7 0.0 18 51.0
8 0.33183409382183293 17 49.0
9 3.3223544998238124 3 47.0
10 1.2405418431865218 11 43.0
11 1.8962167197918451 8 42.0
12 0.4594889484677671 16 41.0
13 1.3938464218019815 10 39.0
14 0.7100385156396034 14 36.0
15 3.0238733470665693 6 36.0
16 0.9799039831864175 13 33.0
17 0.5921523240956734 15 31.0
18 1.0272342489447346 12 22.0
1 5.76710879215743 2 84.0
2 1.8834952859057068 11 63.0
3 1.2737221563078156 13 55.0
4 0.6014243682574782 16 54.0
5 2.863586839584908 6 54.0
6 5.917389549466073 1 53.0
7 0.6876807298085219 15 51.0
8 2.4242778731401873 9 49.0
9 4.4109463516467855 3 47.0
10 1.119511004107444 14 43.0
11 3.14604701084511 5 42.0
12 0.0 18 41.0
13 3.298360789120359 4 39.0
14 1.8017044722249416 12 36.0
15 0.05660658020748288 17 36.0
16 2.732797417386683 8 33.0
17 1.9801242201645108 10 31.0
18 2.8043807298082255 7 22.0
1 9.42837851858907 1 84.0
2 6.89174835120984 6 63.0
3 9.070492870953576 2 55.0
4 7.665053401953138 5 54.0
5 6.783135524504966 7 54.0
6 7.759404148910836 4 53.0
7 3.7081893771346497 15 51.0
8 5.864900235676996 9 49.0
9 5.795125524505798 10 47.0
10 5.627167660048114 12 43.0
11 5.657247099225165 11 42.0
12 5.070444582270044 14 41.0
13 6.699310053388688 8 39.0
14 2.4993964667404738 16 36.0
15 0.0 18 36.0
16 1.3800964667402873 17 33.0
17 5.194799999999221 13 31.0
18 7.901332339954773 3 22.0
1 9.261422101796438 1 84.0
2 4.814873702594761 5 63.0
3 7.255778542914189 2 55.0
4 5.769758500998182 4 54.0
5 4.173963902195629 10 54.0
6 4.068290830339379 11 53.0
7 4.552440301397196 9 51.0
8 2.433044794411291 13 49.0
9 2.1657000000001103 14 47.0
10 3.974348864271478 12 43.0
11 1.9231291696605832 15 42.0
12 6.814858542914216 3 41.0
13 4.638103902195652 6 39.0
14 1.8904908303391013 16 36.0
15 0.0 18 36.0
16 4.617783383233528 7 33.0
17 4.575261025948188 8 31.0
18 1.5821221017964313 17 22.0
1 7.917925673546884 1 84.0
2 3.784025673546979 11 63.0
3 5.102377765275557 7 55.0
4 5.359906620793845 5 54.0
5 3.426635934238342 13 54.0
6 5.376401162868799 4 53.0
7 2.5216038918310844 15 51.0
8 3.7563236632012194 12 49.0
9 5.310660705608349 6 47.0
10 2.7230449182074787 14 43.0
11 5.58553970412307 3 42.0
12 4.903943734699247 8 41.0
13 4.17619593423816 10 39.0
14 1.6589556121383477 17 36.0
15 0.0 18 36.0
16 2.5015159342383413 16 33.0
17 4.661605459718493 9 31.0
18 7.01576070560836 2 22.0
1 7.831335498727068 2 84.0
2 3.2069648175367846 15 63.0
3 4.567669823506651 13 55.0
4 10.102963190823967 1 54.0
5 4.581302376999901 12 54.0
6 7.383700000000005 3 53.0
7 3.078067286311066 16 51.0
8 5.76693458074838 5 49.0
9 4.583387258073666 11 47.0
10 4.607298820942262 10 43.0
11 5.9860263816479335 4 42.0
12 4.769807133177546 9 41.0
13 5.077989548149637 7 39.0
14 0.7584547550887342 17 36.0
15 0.0 18 36.0
16 5.0945953546257385 6 33.0
17 3.5084447732231134 14 31.0
18 4.911199073895054 8 22.0
1 5.463760000224296 4 84.0
2 3.845514999040465 8 63.0
3 6.202515000480133 2 55.0
4 1.356685000808243 13 54.0
5 4.192160000110221 6 54.0
6 4.3364150005172695 5 53.0
7 0.0 18 51.0
8 0.883965000064356 16 49.0
9 4.097582498494733 7 47.0
10 2.570960000616118 12 43.0
11 1.2221299990321626 14 42.0
12 0.5010599984864141 17 41.0
13 1.070705000232091 15 39.0
14 3.498892500520815 9 36.0
15 3.447107498952146 10 36.0
16 9.192015000155239 1 33.0
17 6.089970000875592 3 31.0
18 3.250745005102443 11 22.0
1 8.069521681265059 1 84.0
2 4.341655757516927 9 63.0
3 5.174649376206436 5 55.0
4 5.819151659982586 4 54.0
5 4.683553943758692 7 54.0
6 7.383700000000003 2 53.0
7 3.6657300937344264 14 51.0
8 4.746301659982585 6 49.0
9 3.506074014048089 15 47.0
10 3.962117099147192 12 43.0
11 4.290288506203832 11 42.0
12 4.515292976973506 8 41.0
13 3.94858650708261 13 39.0
14 2.622212985681719 16 36.0
15 0.0 18 36.0
16 4.294652521518028 10 33.0
17 2.2176721265509567 17 31.0
18 6.021927873449044 3 22.0
1 5.926763010103093 10 84.0
2 1.2268970202034963 17 63.0
3 9.325425040405227 1 55.0
4 7.706677020205004 4 54.0
5 6.4525538787902805 8 54.0
6 8.994532111113577 2 53.0
7 0.0 18 51.0
8 3.407200000006735 12 49.0
9 5.930719525253972 9 47.0
10 5.528826939393779 11 43.0
11 6.477805171718007 7 42.0
12 8.884505040407038 3 41.0
13 2.5493770202030857 14 39.0
14 2.0908630100997883 16 36.0
15 2.8623970202036495 13 36.0
16 6.777559050503685 6 33.0
17 7.498891030303723 5 31.0
18 2.1167000000018272 15 22.0
1 8.508988987891065 1 84.0
2 2.855050941088383 12 63.0
3 4.539359947119975 6 55.0
4 6.324388987891105 2 54.0
5 4.576453931624862 5 54.0
6 5.691498917455216 3 53.0
7 1.4383127703769292 17 51.0
8 3.5877411354156408 9 49.0
9 5.672843917469812 4 47.0
10 1.647764034846266 14 43.0
11 3.3181889878908017 10 42.0
12 3.128395195645037 11 41.0
13 4.074426939372883 7 39.0
14 1.4705905198989084 16 36.0
15 0.0 18 36.0
16 1.6467058439236906 15 33.0
17 3.6320058439264717 8 31.0
18 2.7544518966340865 13 22.0
1 5.115867769307669 1 84.0
2 1.9354649280703389 11 63.0
3 4.658240404101955 3 55.0
4 2.84414073518235 5 54.0
5 2.3286895081690444 8 54.0
6 4.946442997404229 2 53.0
7 1.417770798708154 13 51.0
8 0.0 18 49.0
9 2.2979636015159772 9 47.0
10 1.2666429974042257 16 43.0
11 2.6242946361310606 7 42.0
12 2.101859999999998 10 41.0
13 2.6857178228911867 6 39.0
14 1.4826080667381132 12 36.0
15 1.4112985755928358 14 36.0
16 1.3339000000000003 15 33.0
17 1.1741730645716077 17 31.0
18 4.552994636131061 4 22.0
1 2.7804128020843533 16 84.0
2 1.9751410217029712 17 63.0
3 7.21284272309067 5 55.0
4 7.692994128478274 2 54.0
5 7.494498465279219 3 54.0
6 8.09329846527922 1 53.0
7 5.07274102169945 10 51.0
8 4.255412802084658 13 49.0
9 5.745594128472243 7 47.0
10 4.49615727691204 12 43.0
11 5.286480809028028 9 42.0
12 4.748498465276738 11 41.0
13 6.457331872396703 6 39.0
14 3.4909462178806328 14 36.0
15 0.0 18 36.0
16 3.322242723090665 15 33.0
17 5.307542723095557 8 31.0
18 7.450694128473478 4 22.0
1 10.601921499999964 1 84.0
2 5.806233456852729 10 63.0
3 5.593824738578644 11 55.0
4 8.686360865482156 3 54.0
5 8.676753086294294 4 54.0
6 7.034424738578776 5 53.0
7 5.051696992385931 12 51.0
8 0.0 18 49.0
9 6.3498428020304685 8 47.0
10 6.203789913705784 9 43.0
11 4.5867215 13 42.0
12 6.3628465431472225 7 41.0
13 8.906994388324902 2 39.0
14 2.602840000000021 14 36.0
15 1.8287886116748764 16 36.0
16 6.712995690355271 6 33.0
17 2.453799999999992 15 31.0
18 0.9229399999999934 17 22.0
1 1.2228564285714931 11 84.0
2 1.1803635100851357 12 63.0
3 3.5102603739516525 4 55.0
4 4.670681560350955 3 54.0
5 1.589026646218961 10 54.0
6 6.2196340025613335 1 53.0
7 0.0 18 51.0
8 2.697856428571214 5 49.0
9 5.3830564285715 2 47.0
10 1.8361633033233256 9 43.0
11 2.606246910930452 7 42.0
12 0.9667001071268733 13 41.0
13 0.08015364244092327 17 39.0
14 0.28418137772934093 15 36.0
15 0.24761178318509103 16 36.0
16 2.6682375432541625 6 33.0
17 2.1629917934302894 8 31.0
18 0.5855935100851961 14 22.0
1 7.368676800000324 3 84.0
2 3.4567999999999595 15 63.0
3 5.191416799999894 8 55.0
4 8.989500000000005 1 54.0
5 5.425816799999893 6 54.0
6 5.159500000000039 9 53.0
7 4.503926266667046 13 51.0
8 5.615411866666358 5 49.0
9 5.140845000000003 10 47.0
10 8.434511866666735 2 43.0
11 5.231769333333609 7 42.0
12 4.6332967999991235 12 41.0
13 4.737256800000231 11 39.0
14 1.1124568000002313 17 36.0
15 3.473978133333233 14 36.0
16 5.7474000000000185 4 33.0
17 0.0 18 31.0
18 2.862030000000144 16 22.0
1 7.125222748878315 1 84.0
2 0.0 18 63.0
3 5.220323320734196 5 55.0
4 4.573527788987082 7 54.0
5 5.853622748878312 3 54.0
6 6.028811558939496 2 53.0
7 3.1454027605710397 12 51.0
8 5.109143040652617 6 49.0
9 2.31833733596193 15 47.0
10 3.7664322817131195 11 43.0
11 4.045014904418761 9 42.0
12 2.4706933669612523 14 41.0
13 1.1929566792658046 17 39.0
14 3.8510115589394975 10 36.0
15 1.635499999999999 16 36.0
16 5.342792480489463 4 33.0
17 2.730379447450715 13 31.0
18 4.492113040652616 8 22.0
1 4.8684521093294215 4 84.0
2 1.069098916743662 15 63.0
3 4.514851728705736 5 55.0
4 4.896201829392487 3 54.0
5 3.4975940953053772 6 54.0
6 3.370098539236542 8 53.0
7 1.960644966027079 12 51.0
8 5.524711148375635 1 49.0
9 2.7585215210632095 9 47.0
10 2.23642710932942 11 43.0
11 3.375252225616519 7 42.0
12 0.876859252631758 16 41.0
13 1.1966519300791212 14 39.0
14 0.0 18 36.0
15 2.5451111483756526 10 36.0
16 0.6697573301262851 17 33.0
17 1.5531610832563356 13 31.0
18 5.303952225616489 2 22.0
1 5.544400000000001 1 84.0
2 0.46708807055157076 15 63.0
3 2.6516519759307666 4 55.0
4 3.578977781481054 2 54.0
5 2.3389483317209305 6 54.0
6 2.625599965450505 5 53.0
7 0.6015189041271012 14 51.0
8 1.433507560687525 10 49.0
9 1.845539073937651 8 47.0
10 0.8886409535655044 12 43.0
11 2.2224145120585375 7 42.0
12 1.2007654888085049 11 41.0
13 1.5438110034026011 9 39.0
14 0.6901086319370191 13 36.0
15 0.02483591006304553 17 36.0
16 3.050277705237174 3 33.0
17 0.0 18 31.0
18 0.24181668322810213 16 22.0
1 10.325918672571383 2 84.0
2 3.8481069026587154 10 63.0
3 6.2051069026614805 4 55.0
4 3.377848000004099 12 54.0
5 5.5740410176971515 6 54.0
6 4.814839159297803 9 53.0
7 2.0006151327430173 14 51.0
8 11.800918672570482 1 49.0
9 3.5325046460159815 11 47.0
10 5.012412787614112 8 43.0
11 3.2284748672497705 13 42.0
12 1.4700391592960722 16 41.0
13 0.0 18 39.0
14 1.6701351327722622 15 36.0
15 5.226574867263044 7 36.0
16 5.8471894690337045 5 33.0
17 6.30700407079982 3 31.0
18 0.019548000005303656 17 22.0
1 6.8429531938822015 1 84.0
2 1.4270078466166447 15 63.0
3 3.8851165575552438 2 55.0
4 2.980232040722099 4 54.0
5 2.0194879921778304 12 54.0
6 2.595553229516967 8 53.0
7 1.3590175061548457 16 51.0
8 2.2358314038931475 10 49.0
9 2.626482654563242 6 47.0
10 2.6246606094127714 7 43.0
11 1.9641950531741166 13 42.0
12 2.801245515747713 5 41.0
13 2.2014622407739353 11 39.0
14 0.0 18 36.0
15 0.5787522728073236 17 36.0
16 2.2847896534685974 9 33.0
17 1.7307744481603424 14 31.0
18 3.8333225040336094 3 22.0
1 5.057362500024396 7 84.0
2 2.6484560249438074 13 63.0
3 5.005456024919209 8 55.0
4 6.468073561379494 2 54.0
5 5.381859142768103 5 54.0
6 4.671858815499371 9 53.0
7 1.188324999869256 17 51.0
8 4.595525000793083 10 49.0
9 0.0 18 47.0
10 1.3544375000243587 16 43.0
11 7.026992071447941 1 42.0
12 6.077556024917756 3 41.0
13 3.080324724164745 12 39.0
14 2.331260357047678 14 36.0
15 4.100995327099075 11 36.0
16 5.309596024922753 6 33.0
17 5.689392071317316 4 31.0
18 2.236646722636305 15 22.0
1 9.286542637565987 1 84.0
2 3.4448613478357015 10 63.0
3 4.666266969929309 6 55.0
4 6.397446369526341 2 54.0
5 3.960406557016598 7 54.0
6 5.309572657050154 4 53.0
7 1.787638679646476 13 51.0
8 0.48028216582585115 17 49.0
9 4.880940068012043 5 47.0
10 1.4914306683483138 15 43.0
11 2.818939415068053 11 42.0
12 1.7274999404609328 14 41.0
13 3.8065854862034803 8 39.0
14 0.852650381451876 16 36.0
15 0.0 18 36.0
16 1.8141821658258452 12 33.0
17 5.925018218769189 3 31.0
18 3.5073845537581407 9 22.0
1 6.345096571383438 1 84.0
2 1.8582878503650666 7 63.0
3 1.6931843464506489 10 55.0
4 3.0155227240931657 2 54.0
5 1.7818860984078813 8 54.0
6 2.0976965713839304 5 53.0
7 0.0 18 51.0
8 1.401102058815464 11 49.0
9 0.9801121123253446 16 47.0
10 0.16017601953297023 17 43.0
11 1.1768220588160998 12 42.0
12 1.1678281529252368 13 41.0
13 1.149419341854674 14 39.0
14 1.0737182304283006 15 36.0
15 2.093407118097466 6 36.0
16 2.8114465630850884 3 33.0
17 2.220483275690633 4 31.0
18 1.7702105201443668 9 22.0
1 5.796073329078133 1 84.0
2 1.5195000000000103 12 63.0
3 2.7971590064688465 5 55.0
4 0.0 18 54.0
5 2.4188972450788153 6 54.0
6 3.124911221588436 3 53.0
7 0.5050039980673506 15 51.0
8 3.7626811639676068 2 49.0
9 2.939488998856876 4 47.0
10 1.3422896709218146 13 43.0
11 1.6392913309837303 10 42.0
12 1.5749070281446165 11 41.0
13 2.3389614544490223 7 39.0
14 1.1149976642808832 14 36.0
15 2.2055901649202787 8 36.0
16 0.12867007169581557 17 33.0
17 0.4432085527392251 16 31.0
18 1.7566112215884793 9 22.0
1 9.185104543695855 1 84.0
2 0.8491980431787698 16 63.0
3 4.946660008788892 3 55.0
4 8.672860008788891 2 54.0
5 4.29238555892716 5 54.0
6 4.9377045436958955 4 53.0
7 3.3332036128174796 9 51.0
8 1.0269509869459994 15 49.0
9 3.443297999785877 8 47.0
10 1.9091765064970372 12 43.0
11 2.4991367056993354 11 42.0
12 2.6896171824561943 10 41.0
13 3.5155600087888867 7 39.0
14 0.46391705346658085 17 36.0
15 0.0 18 36.0
16 1.5365348441246265 13 33.0
17 1.379202026048029 14 31.0
18 3.569404543695858 6 22.0
1 8.03603754150678 3 84.0
2 3.9736591035069786 12 63.0
3 0.0 18 55.0
4 12.2045013501868 1 54.0
5 7.659562458506448 5 54.0
6 8.46048751906564 2 53.0
7 5.987162458484866 7 51.0
8 7.858499652867261 4 49.0
9 2.534367805405355 17 47.0
10 4.827273152325237 10 43.0
11 2.615277805404162 16 42.0
12 3.835467805398866 13 41.0
13 6.961215181296959 6 39.0
14 4.108799999997002 11 36.0
15 5.609159103508711 8 36.0
16 2.9895000000006777 15 33.0
17 3.340388054698114 14 31.0
18 5.588931764215694 9 22.0
1 3.2628758782933995 3 84.0
2 1.711103013197925 8 63.0
3 1.888040911002666 7 55.0
4 3.8408805196547138 2 54.0
5 1.8958681785634885 6 54.0
6 2.9851079523768558 5 53.0
7 0.0 18 51.0
8 1.4743867238775317 9 49.0
9 3.230872996258803 4 47.0
10 1.1951186103569005 14 43.0
11 0.8281158192053416 15 42.0
12 1.4426407498303515 10 41.0
13 0.4569409110026652 16 39.0
14 1.4263382813668775 11 36.0
15 0.0621434500572704 17 36.0
16 1.3615925026871725 12 33.0
17 3.982511498129402 1 31.0
18 1.2164798415166738 13 22.0
1 12.796509534196723 1 84.0
2 0.0 18 63.0
3 8.539989821537404 7 55.0
4 10.364891638173727 2 54.0
5 9.391693463202603 5 54.0
6 9.597831147907396 4 53.0
7 3.097599999999993 17 51.0
8 6.504799999999991 11 49.0
9 7.491431033873683 8 47.0
10 6.404817266046023 13 43.0
11 6.3836311479073915 14 42.0
12 5.029512804651137 16 41.0
13 6.415408604544759 12 39.0
14 6.3070361953488385 15 36.0
15 8.823707973960868 6 36.0
16 9.83854350121384 3 33.0
17 6.637347355313208 9 31.0
18 6.517384800014343 10 22.0
1 4.862599999999984 14 84.0
2 7.070590640304303 11 63.0
3 9.570533514145252 6 55.0
4 7.108176501703747 10 54.0
5 3.719685901022282 17 54.0
6 11.843439809810668 2 53.0
7 4.072953342182476 16 51.0
8 6.208914098977779 13 49.0
9 10.292018501862264 5 47.0
10 11.515242841746586 4 43.0
11 4.505281201363031 15 42.0
12 8.71346718163082 9 41.0
13 0.0 18 39.0
14 9.198052413424229 7 36.0
15 6.287942402726168 12 36.0
16 13.605642841746565 1 33.0
17 9.049012413424032 8 31.0
18 11.780092841746582 3 22.0
1 5.175601500250767 2 84.0
2 3.5974342186594357 4 63.0
3 2.0502397789394515 9 55.0
4 3.0705145528872158 5 54.0
5 4.134251378548383 3 54.0
6 1.3656771659133344 13 53.0
7 0.27894164073791217 17 51.0
8 1.5971102449437284 12 49.0
9 1.0736746676723752 14 47.0
10 0.6468205903870665 15 43.0
11 0.0 18 42.0
12 6.841059074645661 1 41.0
13 2.8571130324861937 7 39.0
14 2.6489590746456635 8 36.0
15 0.28731640180485174 16 36.0
16 3.0408038138474915 6 33.0
17 1.8244307634904078 10 31.0
18 1.7963717395406735 11 22.0
1 9.922214000019348 1 84.0
2 4.377038000045009 12 63.0
3 1.431100000032616 15 55.0
4 5.1573000000294416 7 54.0
5 7.340900000023137 3 54.0
6 8.955878000017574 2 53.0
7 1.0201720000231425 16 51.0
8 1.7291380000175707 14 49.0
9 4.954852000011591 8 47.0
10 4.881600000023132 9 43.0
11 4.525100000064785 10 42.0
12 0.9901800000198242 17 41.0
13 0.0 18 39.0
14 6.778078000045012 4 36.0
15 6.012537999949438 6 36.0
16 4.4206000000204915 11 33.0
17 6.2885000000198215 5 31.0
18 2.753576000044528 13 22.0
1 5.218230571690826 1 84.0
2 0.5126737450994003 17 63.0
3 3.454286979272068 4 55.0
4 3.536364405246834 3 54.0
5 2.7209255110220125 7 54.0
6 3.613327035455626 2 53.0
7 0.5590732878440574 16 51.0
8 2.45099783069723 8 49.0
9 2.043785370261845 9 47.0
10 0.0 18 43.0
11 2.75412868212239 5 42.0
12 2.74424527145343 6 41.0
13 1.2280376098406856 12 39.0
14 0.6626645855064954 15 36.0
15 1.4595914091134543 11 36.0
16 1.9762852714534294 10 33.0
17 0.7882427046479403 14 31.0
18 1.2106972441377297 13 22.0
1 5.681831341897978 1 84.0
2 1.2346555565798454 14 63.0
3 3.249458824353318 6 55.0
4 4.600051251736591 2 54.0
5 2.280686896671455 9 54.0
6 2.765402648523153 7 53.0
7 0.8120348103277628 17 51.0
8 2.58417351537336 8 49.0
9 2.183896225083291 10 47.0
10 1.5194677308758757 12 43.0
11 3.804401042077643 4 42.0
12 3.891036527575441 3 41.0
13 1.3855871852255548 13 39.0
14 1.1196419791388115 16 36.0
15 2.148314264731995 11 36.0
16 3.3106142647319947 5 33.0
17 0.0 18 31.0
18 1.1362566373984326 15 22.0
1 6.087515300827386 1 84.0
2 1.907853433303966 11 63.0
3 3.491978177871374 6 55.0
4 4.074157664038461 5 54.0
5 2.5785622008674256 8 54.0
6 4.615298849921383 3 53.0
7 0.7481130906488913 17 51.0
8 4.670618485298078 2 49.0
9 4.4639216697687685 4 47.0
10 1.5667900785940518 13 43.0
11 2.1719837181635016 9 42.0
12 1.9848151675621835 10 41.0
13 1.7193531911319824 12 39.0
14 0.0 18 36.0
15 1.4849323188034498 14 36.0
16 3.095798849921382 7 33.0
17 1.0747834333593351 16 31.0
18 1.0801766717245336 15 22.0
1 6.858375833333339 6 84.0
2 6.914160000000023 5 63.0
3 3.7041758333333363 13 55.0
4 5.394660000000004 8 54.0
5 7.13875166666667 4 54.0
6 7.500927499999999 2 53.0
7 5.24830000000001 9 51.0
8 8.655500000000007 1 49.0
9 3.447260000000014 14 47.0
10 3.056924166666693 16 43.0
11 5.683400000000012 7 42.0
12 4.638950000000015 10 41.0
13 2.273075833333337 17 39.0
14 4.1428599999999705 11 36.0
15 0.0 18 36.0
16 3.3596625000000078 15 33.0
17 3.893403333333357 12 31.0
18 7.488550000000009 3 22.0
1 7.362033333333308 4 84.0
2 8.672320000000052 2 63.0
3 5.875680000000002 7 55.0
4 6.5342133333333425 5 54.0
5 4.884073333333505 9 54.0
6 4.320993333333474 10 53.0
7 2.5893266666666666 11 51.0
8 6.024420000000051 6 49.0
9 1.256690000000043 17 47.0
10 1.847553333333353 14 43.0
11 1.3376000000000579 15 42.0
12 2.5577900000000495 12 41.0
13 1.3115866666666887 16 39.0
14 2.2588466666667197 13 36.0
15 8.15569000000005 3 36.0
16 8.86518000000005 1 33.0
17 0.0 18 31.0
18 5.407390000000048 8 22.0
1 9.291600719988244 1 84.0
2 4.874656891452951 7 63.0
3 7.574999999979784 3 55.0
4 6.498600000011464 5 54.0
5 3.642099999909413 11 54.0
6 7.920871771363862 2 53.0
7 1.7086252113840543 17 51.0
8 2.3914010056865256 16 49.0
9 2.741911005686524 13 47.0
10 2.7108989942584727 14 43.0
11 5.575142011340716 6 42.0
12 4.563159428620432 8 41.0
13 2.578141005773753 15 39.0
14 0.0 18 36.0
15 4.119699999986959 9 36.0
16 7.165256891407315 4 33.0
17 4.117798994342324 10 31.0
18 3.140299999981143 12 22.0
1 4.345171464216975 6 84.0
2 1.7701909620265919 16 63.0
3 4.657804464928208 2 55.0
4 4.422954940553884 5 54.0
5 4.431599416498501 4 54.0
6 4.556816111302202 3 53.0
7 1.8781520687657172 14 51.0
8 2.9032240141258305 10 49.0
9 3.5249430134272037 8 47.0
10 0.0 18 43.0
11 2.2279677394651007 12 42.0
12 2.7868829641699406 11 41.0
13 0.8336979312342825 17 39.0
14 1.8343982517136863 15 36.0
15 1.9036148034282294 13 36.0
16 4.105028533564843 7 33.0
17 7.171852068765718 1 31.0
18 3.2027319877268985 9 22.0
1 8.669062365659324 1 84.0
2 1.9348921040116283 15 63.0
3 5.902604313816793 3 55.0
4 5.473437634341267 5 54.0
5 6.863909082520887 2 54.0
6 5.135786605252905 7 53.0
7 0.0 18 51.0
8 3.1593069490788204 10 49.0
9 5.875899082520462 4 47.0
10 1.4559866052525012 17 43.0
11 2.563485953952482 12 42.0
12 5.320280221873887 6 41.0
13 2.061299999999899 14 39.0
14 2.7920487250504333 11 36.0
15 2.486757904985897 13 36.0
16 3.6885114961422842 9 33.0
17 3.798051361228891 8 31.0
18 1.877102711869202 16 22.0
1 7.257007463081509 1 84.0
2 0.0 18 63.0
3 5.143701800115911 2 55.0
4 4.592465134917181 5 54.0
5 4.774501158181916 3 54.0
6 3.5300995966791975 6 53.0
7 0.8577555369184982 16 51.0
8 4.605852831738781 4 49.0
9 1.247038214521159 14 47.0
10 2.205307463081515 11 43.0
11 0.7577493414756469 17 42.0
12 2.9984831866902915 8 41.0
13 2.935179026763756 9 39.0
14 1.1982624300673388 15 36.0
15 2.710284475575983 10 36.0
16 1.8135555850974254 13 33.0
17 3.371326837688929 7 31.0
18 2.1162504684302226 12 22.0
1 5.202777559957992 2 84.0
2 1.1807317737048706 17 63.0
3 3.505295163188766 5 55.0
4 4.642087806569152 4 54.0
5 2.470358296041617 11 54.0
6 5.004931935679009 3 53.0
7 1.3771054708107147 15 51.0
8 2.8385073699347787 9 49.0
9 3.002945550587867 8 47.0
10 1.68801363478509 13 43.0
11 3.2129505212628025 7 42.0
12 2.557600972743695 10 41.0
13 1.6143863074642946 14 39.0
14 1.2646796577452541 16 36.0
15 0.0 18 36.0
16 2.040663313982774 12 33.0
17 3.3863618205221506 6 31.0
18 7.932161788016391 1 22.0
1 8.26545794642734 1 84.0
2 0.0 18 63.0
3 5.708606651789012 3 55.0
4 5.312578616072554 4 54.0
5 5.1992231696317095 5 54.0
6 2.8602698660731924 15 53.0
7 1.9400301339349029 17 51.0
8 2.742990714284648 16 49.0
9 3.999184732142689 13 47.0
10 6.421858616073102 2 43.0
11 4.916258616070539 6 42.0
12 4.3519586160725545 9 41.0
13 4.190858651787003 11 39.0
14 3.1290586160794405 14 36.0
15 4.363658616073101 8 36.0
16 4.55952316964624 7 33.0
17 4.0215572767915555 12 31.0
18 4.210406651786459 10 22.0
1 7.94137149399735 1 84.0
2 3.7809914883593203 8 63.0
3 5.32487902286383 2 55.0
4 3.687054631151791 10 54.0
5 5.114999999740785 3 54.0
6 3.6939714883065298 9 53.0
7 2.3163741265976237 15 51.0
8 3.79417902364854 7 49.0
9 1.7396546300576043 16 47.0
10 3.519349501226382 11 43.0
11 4.213419977799929 4 42.0
12 2.7563152491976393 13 41.0
13 1.6245389453677423 17 39.0
14 4.13195148835799 5 36.0
15 2.419545366826801 14 36.0
16 3.1046582491972843 12 33.0
17 4.0093914892501195 6 31.0
18 0.0 18 22.0
1 5.777616666663921 2 84.0
2 2.113406046511611 8 63.0
3 3.492400000001629 6 55.0
4 7.45787665116133 1 54.0
5 2.308108186044593 7 54.0
6 4.117581953490357 5 53.0
7 0.0 18 51.0
8 5.569149999999093 3 49.0
9 1.1332403255803385 13 47.0
10 0.469255627904654 17 43.0
11 1.0587661395325059 14 42.0
12 4.663702976742686 4 41.0
13 2.0612999999905233 10 39.0
14 0.5030766511611731 16 36.0
15 0.9060833333305889 15 36.0
16 1.2538999999990916 12 33.0
17 1.9076293023242896 11 31.0
18 2.0808480000000027 9 22.0
1 8.328001243200209 1 84.0
2 1.5237664344512991 13 63.0
3 4.867770600097263 2 55.0
4 3.1413953000486696 7 54.0
5 4.285650490988665 3 54.0
6 4.058936051949106 4 53.0
7 0.08294262688836707 17 51.0
8 2.0993823549334634 10 49.0
9 3.892966434451302 5 47.0
10 1.853570600097253 11 43.0
11 2.8986706000972635 8 42.0
12 0.43196428575880264 15 41.0
13 2.2861223549334566 9 39.0
14 0.38718437262570893 16 36.0
15 0.0 18 36.0
16 1.8276381648683324 12 33.0
17 3.584009895285361 6 31.0
18 0.5347028145815917 14 22.0
1 10.8179671382273 1 84.0
2 2.7713000000000756 17 63.0
3 5.4489356470329025 10 55.0
4 7.131266932530089 3 54.0
5 5.83873997595548 6 54.0
6 8.846235264960699 2 53.0
7 5.09133274213715 12 51.0
8 5.762518434988399 8 49.0
9 5.5865556470326645 9 47.0
10 2.851515524152772 16 43.0
11 4.0735364198859285 14 42.0
12 6.024398730671372 5 41.0
13 5.128815524152819 11 39.0
14 0.0 18 36.0
15 3.9738009494698936 15 36.0
16 6.568174241474113 4 33.0
17 5.831801775724787 7 31.0
18 4.432411087535657 13 22.0
1 6.563836275908571 1 84.0
2 0.30222475303537055 15 63.0
3 3.1498935257751866 5 55.0
4 3.895902686643998 2 54.0
5 0.4087928514574708 13 54.0
6 3.1688891345817494 4 53.0
7 0.2059028654182713 16 51.0
8 0.6485926193140232 12 49.0
9 2.3427295918198556 6 47.0
10 0.07235964105093662 17 43.0
11 0.398791769297824 14 42.0
12 0.0 18 41.0
13 0.872932851457469 11 39.0
14 1.0500078761875629 10 36.0
15 1.1859528514574715 9 36.0
16 1.624188483473414 8 33.0
17 3.4512282915556485 3 31.0
18 1.9895926475365213 7 22.0
