1 5.837698718234635 1 84.0
2 1.1073003680659685 13 63.0
3 3.646991218234635 5 55.0
4 3.9206422215142442 3 54.0
5 5.128129711581712 2 54.0
6 3.3608832209520245 6 53.0
7 2.4280227681784123 9 51.0
8 0.0 18 49.0
9 3.052749073650677 7 47.0
10 2.2866657381934052 11 43.0
11 1.659335224887559 12 42.0
12 2.315743610476015 10 41.0
13 0.997895115067468 14 39.0
14 0.29761514748875717 17 36.0
15 2.927149198275864 8 36.0
16 0.6877457788605708 16 33.0
17 0.7627341473013514 15 31.0
18 3.7937756104760143 4 22.0
