1 4.286250327783943 3 84.0
2 2.8109013111357735 9 63.0
3 2.837249672216055 8 55.0
4 3.1598813111357735 6 54.0
5 3.2900658810982955 5 54.0
6 4.659649739612988 1 53.0
7 0.01752897331467418 17 51.0
8 4.3725084379996435 2 49.0
9 2.2305686888642233 11 47.0
10 1.826189257765122 13 43.0
11 2.8592397241712093 7 42.0
12 1.5938201751355172 15 41.0
13 0.0 18 39.0
14 1.9393597550547692 12 36.0
15 2.803421117984846 10 36.0
16 3.3406111179848463 4 33.0
17 1.6645492806060886 14 31.0
18 1.1440763548713986 16 22.0
1 5.904280368500047 4 84.0
2 4.541239894000823 9 63.0
3 6.787600000000084 3 55.0
4 5.784630368499757 5 54.0
5 2.8935659198629122 13 54.0
6 3.2093227815083236 12 53.0
7 4.97654738387275 7 51.0
8 2.0263940801377056 15 49.0
9 7.4511398196349505 2 47.0
10 1.8408153887566856 16 43.0
11 1.6354581502858974 17 42.0
12 5.029189894000875 6 41.0
13 4.250954399245234 10 39.0
14 2.7134400000000856 14 36.0
15 3.5370000000001074 11 36.0
16 4.849139819634706 8 33.0
17 9.755247383872668 1 31.0
18 0.0 18 22.0
1 4.485600000044413 14 84.0
2 8.427910000000299 6 63.0
3 10.68300000000559 1 55.0
4 9.091620000002973 3 54.0
5 5.320059999935094 12 54.0
6 8.825760000025282 4 53.0
7 0.0 18 51.0
8 10.148220000008784 2 49.0
9 5.846620000030881 10 47.0
10 5.531060000003928 11 43.0
11 2.4293700000061214 15 42.0
12 5.946600000006443 9 41.0
13 7.864500000014532 7 39.0
14 1.7047600000245833 16 36.0
15 1.267999999999999 17 36.0
16 8.607170000016406 5 33.0
17 5.080360000037036 13 31.0
18 7.8088599999836665 8 22.0
1 6.648283335446147 1 84.0
2 0.5790766519358685 17 63.0
3 3.882642793716516 6 55.0
4 6.523740896662025 2 54.0
5 5.008120028964461 4 54.0
6 6.225423265527186 3 53.0
7 0.8492850866579083 16 51.0
8 0.9946561899173827 15 49.0
9 4.933917293176866 5 47.0
10 1.5359003143115044 12 43.0
11 2.211762116054085 9 42.0
12 0.0 18 41.0
13 1.4173328058242916 13 39.0
14 1.3928200289644603 14 36.0
15 2.1800373084047933 10 36.0
16 2.331917293176876 8 33.0
17 2.34857803567574 7 31.0
18 1.5741875759728412 11 22.0
1 6.810263140737799 3 84.0
2 3.489710189206809 11 63.0
3 3.624163886221794 10 55.0
4 6.921986976645625 2 54.0
5 4.877786792804471 5 54.0
6 5.7214407957978874 4 53.0
7 2.077187184490701 15 51.0
8 4.523032590814549 6 49.0
9 4.021936664972258 7 47.0
10 3.6260543689813667 9 43.0
11 2.4113999999998987 14 42.0
12 1.4123748899117814 16 41.0
13 1.3811805116112512 17 39.0
14 0.0 18 36.0
15 3.0429866390858153 13 36.0
16 6.947783396402255 1 33.0
17 3.281490189206722 12 31.0
18 3.807813886221794 8 22.0
1 8.092014414996266 6 84.0
2 7.123477911655536 9 63.0
3 8.876666909428586 3 55.0
4 7.403499938382184 8 54.0
5 8.350544659985466 5 54.0
6 4.113399938381564 15 53.0
7 6.742347822567696 10 51.0
8 9.52639935931698 1 49.0
9 1.0523323333333376 17 47.0
10 8.53623089606478 4 43.0
11 1.7073076666670781 16 42.0
12 6.131021163326005 13 41.0
13 6.090994170010135 14 39.0
14 0.0 18 36.0
15 6.546359158870667 11 36.0
16 6.404700918336448 12 33.0
17 7.795412054193874 7 31.0
18 9.044539359317572 2 22.0
1 4.305000000001104 5 84.0
2 1.348423744884135 15 63.0
3 4.7263978007341105 4 55.0
4 6.85466222172373 1 54.0
5 3.352376334558665 8 54.0
6 4.852171031598435 3 53.0
7 1.763214306632673 13 51.0
8 0.2928237448841342 17 49.0
9 3.9099866266614716 6 47.0
10 1.5837815997584035 14 43.0
11 3.478084868382212 7 42.0
12 0.8973141830540361 16 41.0
13 0.0 18 39.0
14 2.2987858554533034 11 36.0
15 2.869918400247821 9 36.0
16 2.4606237448848267 10 33.0
17 5.556171072565286 2 31.0
18 2.0963047276847333 12 22.0
1 7.194260105413562 1 84.0
2 3.2761529597463634 8 63.0
3 4.994363822448554 4 55.0
4 5.618900930517491 3 54.0
5 4.21515066390876 5 54.0
6 4.043722909742658 6 53.0
7 5.81323093051734 2 51.0
8 1.5401105138976068 15 49.0
9 3.533525550062086 7 47.0
10 1.3281605138975447 16 43.0
11 0.0 18 42.0
12 1.6423009305173382 14 41.0
13 3.1462267143798153 9 39.0
14 1.2335573399255142 17 36.0
15 2.1320121061038404 13 36.0
16 2.532842660074537 11 33.0
17 2.812531490754424 10 31.0
18 2.385250875404946 12 22.0
1 6.597150817795685 2 84.0
2 5.263019296987275 5 63.0
3 5.017282045890834 9 55.0
4 8.008458711628233 1 54.0
5 5.622707542321812 4 54.0
6 4.631499999996278 10 53.0
7 2.0320195896651656 17 51.0
8 3.007929589670969 13 49.0
9 5.23737900430258 6 47.0
10 2.140982045914547 16 43.0
11 5.086615084642946 7 42.0
12 2.3704000000009238 15 41.0
13 2.7032286542401147 14 39.0
14 0.0 18 36.0
15 6.252764327111148 3 36.0
16 3.109299296988959 12 33.0
17 5.054799296986857 8 31.0
18 3.614600000018689 11 22.0
1 12.76659999243985 4 84.0
2 6.075341818158224 15 63.0
3 12.834652729883508 3 55.0
4 9.193101818887744 11 54.0
5 5.96839999950188 16 54.0
6 13.931836363624724 2 53.0
7 9.38743181495667 10 51.0
8 12.38902091231281 5 49.0
9 15.684020908405408 1 47.0
10 10.637136363210976 9 43.0
11 7.862300001709646 14 42.0
12 0.0 18 41.0
13 12.105331817965999 6 39.0
14 11.02872636505448 7 36.0
15 8.719201818158309 12 36.0
16 10.93863181885795 8 33.0
17 8.638000001303894 13 31.0
18 5.182201817845938 17 22.0
1 6.950992024331503 2 84.0
2 3.744350894195737 5 63.0
3 4.008185850572062 4 55.0
4 9.183339517060649 1 54.0
5 0.0 18 54.0
6 3.529960274034221 7 53.0
7 0.11974999999937985 17 51.0
8 2.7260069467085786 9 49.0
9 1.6667406762786936 11 47.0
10 1.049307256789243 15 43.0
11 1.4313451370171828 13 42.0
12 4.500044531601431 3 41.0
13 1.6555395170595326 12 39.0
14 1.1731536193832643 14 36.0
15 0.3060632634246798 16 36.0
16 2.0274153930279346 10 33.0
17 3.6908406762803225 6 31.0
18 2.8279006217996683 8 22.0
1 4.868416555729608 4 84.0
2 2.270619435981529 11 63.0
3 2.4441735578942136 10 55.0
4 4.92087705223604 3 54.0
5 3.0647183128844 7 54.0
6 5.6331035574738735 1 53.0
7 0.5156559232772735 16 51.0
8 3.998132481589854 5 49.0
9 4.991243557473874 2 47.0
10 0.9031703309592263 15 43.0
11 1.7085709332905263 12 42.0
12 0.17366088903995625 17 41.0
13 3.066603228708251 6 39.0
14 0.0 18 36.0
15 1.5017981369396092 14 36.0
16 2.9551709943094253 8 33.0
17 2.6657063255947815 9 31.0
18 1.5948032287082514 13 22.0
1 6.7865367741935465 1 84.0
2 3.330266129032263 13 63.0
3 3.659023870967747 11 55.0
4 6.594130000000002 2 54.0
5 4.040091290322578 8 54.0
6 5.3166199999999995 5 53.0
7 4.775869999999999 6 51.0
8 3.7391900000000073 10 49.0
9 3.47834322580645 12 47.0
10 1.616030322580642 17 43.0
11 5.933991290322581 4 42.0
12 3.89111 9 41.0
13 1.9335496774193524 15 39.0
14 6.297568709677419 3 36.0
15 0.0 18 36.0
16 4.455568709677419 7 33.0
17 1.8237100000000024 16 31.0
18 3.2573299999999934 14 22.0
1 5.0969530400566905 3 84.0
2 2.046225345135558 13 63.0
3 4.633861401200717 4 55.0
4 7.5645219829703745 1 54.0
5 3.6643899644134343 6 54.0
6 5.270700777004205 2 53.0
7 0.8874520785860649 16 51.0
8 3.149834825634126 9 49.0
9 3.598860530356422 8 47.0
10 2.223638807766665 12 43.0
11 3.6226007770042052 7 42.0
12 0.0 18 41.0
13 0.5158540015273227 17 39.0
14 2.0366130400566904 14 36.0
15 1.5824322720450013 15 36.0
16 2.2860500945541693 11 33.0
17 4.247243136786167 5 31.0
18 2.3582254104960976 10 22.0
1 5.096354061536641 2 84.0
2 2.897064717642582 5 63.0
3 3.883696485894573 4 55.0
4 5.792347036831072 1 54.0
5 1.6408051962600658 9 54.0
6 4.280308057107686 3 53.0
7 0.24123354343183756 17 51.0
8 0.5755591943067957 15 49.0
9 2.0702725255435683 7 47.0
10 0.6450863449404785 14 43.0
11 2.501335914807549 6 42.0
12 1.552561426588084 10 41.0
13 0.5382275488034747 16 39.0
14 0.0 18 36.0
15 0.8235600366303373 13 36.0
16 1.9320385607129034 8 33.0
17 0.8933908129472516 12 31.0
18 0.9963819648830423 11 22.0
1 1.6594000000542497 16 84.0
2 5.350591835133594 7 63.0
3 0.0 18 55.0
4 7.554692660855571 1 54.0
5 5.829763669573298 5 54.0
6 6.039932293533315 4 53.0
7 5.020730000201193 10 51.0
8 5.342792660522371 8 49.0
9 4.546198899030092 11 47.0
10 4.521575505264733 12 43.0
11 4.3918322936330085 13 42.0
12 0.5550400002454068 17 41.0
13 6.574375504648527 3 39.0
14 2.242862477049397 15 36.0
15 4.1421399991742955 14 36.0
16 7.51059266061171 2 33.0
17 5.590063669801318 6 31.0
18 5.102575504522597 9 22.0
1 10.39704424999832 1 84.0
2 7.274338499998101 6 63.0
3 8.381838500000198 3 55.0
4 7.5277999999992655 5 54.0
5 5.837299999998355 13 54.0
6 7.672188500005075 4 53.0
7 4.422988499998891 16 51.0
8 6.285900000000676 10 49.0
9 6.534172749997805 9 47.0
10 5.508139999999559 15 43.0
11 5.9889000000019355 12 42.0
12 2.5812000000002033 17 41.0
13 0.0 18 39.0
14 6.185932750000223 11 36.0
15 6.798398500000197 7 36.0
16 8.453699999999692 2 33.0
17 5.597600000000154 14 31.0
18 6.655288499998893 8 22.0
1 2.9663468240118442 5 84.0
2 1.2787847630745173 13 63.0
3 2.665273810859632 6 55.0
4 5.675586742593869 1 54.0
5 2.5543367434656936 8 54.0
6 3.5922918617104704 2 53.0
7 1.0618331759882107 14 51.0
8 3.1639367417220585 3 49.0
9 2.1543278668449926 9 47.0
10 2.6603476460687485 7 43.0
11 3.141107646068765 4 42.0
12 1.0614715680703464 15 41.0
13 0.0 18 39.0
14 1.0337304110284504 16 36.0
15 0.5504457611883007 17 36.0
16 1.8152473641110771 10 33.0
17 1.5862497174576942 12 31.0
18 1.6646867425938692 11 22.0
1 5.185753124110489 6 84.0
2 4.873000177312086 8 63.0
3 2.8184999999892613 13 55.0
4 6.448840627613071 1 54.0
5 4.940953656055257 7 54.0
6 6.2827660568504475 2 53.0
7 3.2583016915214866 11 51.0
8 5.747726056844454 4 49.0
9 5.788807134804443 3 47.0
10 2.344877691519229 16 43.0
11 0.2814531241114624 17 42.0
12 2.372571691518624 15 41.0
13 0.0 18 39.0
14 4.2740584520018015 9 36.0
15 2.84890624822558 12 36.0
16 2.4920964959138283 14 33.0
17 3.7533904080994476 10 31.0
18 5.265866056842851 5 22.0
1 4.96646945990985 2 84.0
2 2.418045557619195 9 63.0
3 3.7367636105940694 5 55.0
4 4.989403066101344 1 54.0
5 1.5684030661012234 13 54.0
6 4.783559927455454 3 53.0
7 0.8544044880533994 16 51.0
8 3.7421214782905765 4 49.0
9 2.2561302757751416 11 47.0
10 0.8847363894048219 15 43.0
11 0.8888269739800612 14 42.0
12 2.5703301016163955 8 41.0
13 0.0 18 39.0
14 1.9557604499336092 12 36.0
15 0.6623798335184237 17 36.0
16 2.3207599274573774 10 33.0
17 3.2189541094186582 6 31.0
18 3.083904488051208 7 22.0
1 6.240986715682082 1 84.0
2 3.7528495913309854 7 63.0
3 0.0 18 55.0
4 4.999780558854498 3 54.0
5 2.662817819235326 10 54.0
6 4.248540897701407 6 53.0
7 1.4646795720879329 13 51.0
8 4.455598894148453 5 49.0
9 3.2510813690017812 8 47.0
10 1.3131284065435094 14 43.0
11 0.8605762905153935 15 42.0
12 0.34770139634830244 16 41.0
13 2.6640906315799215 9 39.0
14 4.491230631579924 4 36.0
15 5.314790631579923 2 36.0
16 2.2766734285033987 11 33.0
17 0.027445175148309797 17 31.0
18 1.9617586238074702 12 22.0
1 7.0242066665281 11 84.0
2 10.426750000038806 4 63.0
3 8.014866666694143 9 55.0
4 6.904556666878156 12 54.0
5 9.39950333342186 6 54.0
6 10.824599999317151 3 53.0
7 6.33680333326701 13 51.0
8 0.0 18 49.0
9 3.2949999995662704 16 47.0
10 7.358803333217099 10 43.0
11 9.176500000071876 7 42.0
12 3.2925133332741146 17 41.0
13 10.03810333325785 5 39.0
14 12.432103333257185 2 36.0
15 5.084856666528093 15 36.0
16 15.354299999896103 1 33.0
17 5.319100000162263 14 31.0
18 8.566303333254954 8 22.0
1 5.156783802119814 1 84.0
2 3.363669807571162 5 63.0
3 3.0674758858721156 9 55.0
4 3.258681964140492 6 54.0
5 2.7578248031825097 11 54.0
6 3.245066127317891 7 53.0
7 1.5953501989382808 14 51.0
8 2.2600492735213824 12 49.0
9 4.179396630496489 2 47.0
10 1.175342002187835 16 43.0
11 4.111779807604574 3 42.0
12 0.0 18 41.0
13 2.9808084746043226 10 39.0
14 0.3724661273241252 17 36.0
15 1.2363165378059084 15 36.0
16 1.7796665378059107 13 33.0
17 3.1522696984151963 8 31.0
18 3.492330922234589 4 22.0
1 7.027493912880775 1 84.0
2 1.7482809354935462 13 63.0
3 1.471292403755299 16 55.0
4 5.880562478762933 2 54.0
5 3.5751029068155287 6 54.0
6 2.590462478778842 11 53.0
7 1.5419831958292336 15 51.0
8 2.5988060992478283 10 49.0
9 3.5132867071142413 7 47.0
10 3.6063119183728056 5 43.0
11 2.0363624787788757 12 42.0
12 0.0 18 41.0
13 2.722493912749082 9 39.0
14 3.9979019184268108 4 36.0
15 1.210802906793913 17 36.0
16 2.963725742967778 8 33.0
17 5.416992478840271 3 31.0
18 1.657669064603645 14 22.0
1 7.273396641695021 3 84.0
2 0.35024981916833653 17 63.0
3 7.461130361664138 2 55.0
4 2.5420001808324204 11 54.0
5 7.64904158098663 1 54.0
6 0.0 18 53.0
7 1.988230361661791 13 51.0
8 3.5784735675539583 5 49.0
9 1.5372314182383517 14 47.0
10 2.8458455282873865 8 43.0
11 2.7672481038498287 9 42.0
12 1.417937308188971 15 41.0
13 3.1597374967702803 6 39.0
14 3.0511535675536767 7 36.0
15 0.6224096383363791 16 36.0
16 2.15831240248031 12 33.0
17 5.719637496771105 4 31.0
18 2.7521265202802425 10 22.0
1 5.039406666327667 8 84.0
2 7.66214999998281 3 63.0
3 6.372996665524744 5 55.0
4 7.8071033328422805 2 54.0
5 6.767166666788057 4 54.0
6 4.24464999931003 10 53.0
7 5.433489999809842 7 51.0
8 3.101139998656535 12 49.0
9 5.966653333732863 6 47.0
10 1.8029999992546584 16 43.0
11 2.5965500023203387 14 42.0
12 0.7987666664905824 17 41.0
13 0.0 18 39.0
14 3.003306667760948 13 36.0
15 4.554900000333134 9 36.0
16 8.77434999930166 1 33.0
17 2.427039999473212 15 31.0
18 3.2277499999963526 11 22.0
1 8.115395494120799 2 84.0
2 3.9412110021135764 10 63.0
3 10.041987884793533 1 55.0
4 6.560623958911663 3 54.0
5 4.449337884793536 8 54.0
6 5.787190816488863 4 53.0
7 4.569087884793123 6 51.0
8 3.440391039106709 12 49.0
9 5.321319152464181 5 47.0
10 1.3302733399394837 17 43.0
11 1.6328281642229774 15 42.0
12 1.440739639979093 16 41.0
13 0.0 18 39.0
14 3.0931910021142137 13 36.0
15 3.550371835779216 11 36.0
16 4.491408277843726 7 33.0
17 2.267103339939458 14 31.0
18 4.191355321046719 9 22.0
1 5.381499999999762 5 84.0
2 5.784553091704291 4 63.0
3 3.755828454143794 10 55.0
4 6.492610375546912 3 54.0
5 4.304290183405711 9 54.0
6 6.538834122280064 2 53.0
7 2.3352530917042884 15 51.0
8 6.937912873360405 1 49.0
9 4.566991048035249 7 47.0
10 3.357253091695739 12 43.0
11 4.810749318777016 6 42.0
12 2.3385116244543065 14 41.0
13 1.0765000000009035 16 39.0
14 3.6096715458528292 11 36.0
15 0.9047436069864294 17 36.0
16 3.0205125851507626 13 33.0
17 4.328449318778659 8 31.0
18 0.0 18 22.0
1 6.183215258170815 3 84.0
2 6.831213838151648 2 63.0
3 3.9681384634956194 5 55.0
4 7.180193838151538 1 54.0
5 5.188068397325066 4 54.0
6 3.8900938381521453 6 53.0
7 1.3632009319746543 17 51.0
8 2.415869596770421 13 49.0
9 3.040991552361948 9 47.0
10 2.2039195967848966 14 43.0
11 2.838277074555833 10 42.0
12 2.831816234232336 11 41.0
13 1.8782152581558875 15 39.0
14 3.2692938381667456 7 36.0
15 0.0 18 36.0
16 1.4272938381488478 16 33.0
17 3.1187615365283907 8 31.0
18 2.6313221189328875 12 22.0
1 3.2483550583073306 8 84.0
2 1.7085713994128877 14 63.0
3 1.5889550583068965 16 55.0
4 6.897708527669998 4 54.0
5 3.2046954519009954 9 54.0
6 5.389155058309237 6 53.0
7 7.999887521865066 2 51.0
8 1.6481999999979653 15 49.0
9 3.0081914723188703 10 47.0
10 2.0944550583069654 13 43.0
11 3.37328752188895 7 42.0
12 7.11415752186397 3 41.0
13 0.0 18 39.0
14 1.4463313265231674 17 36.0
15 6.357127857135316 5 36.0
16 9.551087521859266 1 33.0
17 2.692982376075706 12 31.0
18 2.853468192423861 11 22.0
1 6.522997540888483 2 84.0
2 2.8986415115636595 9 63.0
3 3.2205303194417696 7 55.0
4 7.2937838437979465 1 54.0
5 3.430912703701173 6 54.0
6 5.433424209041279 3 53.0
7 2.4352310698286805 13 51.0
8 2.6857503194401624 11 49.0
9 3.1752023904215183 8 47.0
10 2.47380031944045 12 43.0
11 2.343815077188198 14 42.0
12 1.9424708726733646 15 41.0
13 3.664547062521556 5 39.0
14 1.0574838437972716 17 36.0
15 1.7978590264459904 16 36.0
16 4.081283843794181 4 33.0
17 0.0 18 31.0
18 2.8534291273111845 10 22.0
1 5.7966178004939 2 84.0
2 3.065602122749395 9 63.0
3 2.1133120460249213 13 55.0
4 4.357052046022226 4 54.0
5 3.2819019692479845 8 54.0
6 8.455292046024919 1 53.0
7 3.4845978005039475 7 51.0
8 1.3412862915352641 16 49.0
9 2.7920285933486544 11 47.0
10 1.4594178005539251 15 43.0
11 5.175801969313488 3 42.0
12 3.510401969300399 6 41.0
13 2.6279980307017365 12 39.0
14 3.7605178005064803 5 36.0
15 0.10678089512410427 17 36.0
16 1.4612980306802916 14 33.0
17 2.9497920460508413 10 31.0
18 0.0 18 22.0
1 6.51960000005691 1 84.0
2 1.91254430092961 14 63.0
3 3.7587159383986846 7 55.0
4 6.02195104326486 3 54.0
5 5.006245588678725 5 54.0
6 5.261482474587551 4 53.0
7 2.6659371844465047 10 51.0
8 3.4993957687288804 8 49.0
9 2.378099999991089 12 47.0
10 3.2656161947736795 9 43.0
11 1.7552732436580039 15 42.0
12 1.4431401341332448 16 41.0
13 0.0 18 39.0
14 2.3241933781776822 13 36.0
15 2.5300895716500937 11 36.0
16 4.7540846796284795 6 33.0
17 6.366389571848782 2 31.0
18 1.1380999999921126 17 22.0
1 4.4024077973910805 2 84.0
2 1.8135046608531615 9 63.0
3 2.4864117648300175 8 55.0
4 4.282757797390897 3 54.0
5 0.639483955718102 16 54.0
6 3.047490889271815 6 53.0
7 2.6430890606794737 7 51.0
8 1.5507922026090566 12 49.0
9 5.6427890606796165 1 47.0
10 0.15363045149257504 17 43.0
11 0.9985513270508926 14 42.0
12 1.6446880188004944 11 41.0
13 0.0 18 39.0
14 1.6916127192703074 10 36.0
15 3.498143539740069 5 36.0
16 3.9564406316443894 4 33.0
17 0.9070757088271728 15 31.0
18 1.407277410481034 13 22.0
1 10.477548148151897 1 84.0
2 6.422321851876377 9 63.0
3 0.0 18 55.0
4 9.46450259260263 2 54.0
5 0.39416999999999724 17 54.0
6 9.337309999997636 3 53.0
7 4.601562222225887 13 51.0
8 5.682109999999926 12 49.0
9 6.910382407398659 4 47.0
10 6.140348148147433 11 43.0
11 6.86126540740918 6 42.0
12 6.910271851847394 5 41.0
13 3.8978072222143627 15 39.0
14 6.562142407409179 8 36.0
15 3.955510000000518 14 36.0
16 6.843642037030691 7 33.0
17 6.348948148132671 10 31.0
18 0.4185099999999258 16 22.0
1 3.187711884487078 6 84.0
2 1.359281035822971 11 63.0
3 1.528311885288105 9 55.0
4 6.580906648850155 1 54.0
5 1.8235662536858226 8 54.0
6 3.727271677892494 3 53.0
7 1.3549514759536345 12 51.0
8 3.292995714756595 5 49.0
9 0.2544181217108996 15 47.0
10 0.22993333333384136 16 43.0
11 3.717466253684136 4 42.0
12 0.8155595450200612 14 41.0
13 1.4721371427953325 10 39.0
14 1.3477099941813029 13 36.0
15 0.04763103140488001 17 36.0
16 2.788611884493053 7 33.0
17 4.677768274334965 2 31.0
18 0.0 18 22.0
1 8.310207111971952 1 84.0
2 6.221739999999435 5 63.0
3 5.360565099780963 7 55.0
4 6.802974972277184 2 54.0
5 5.968399999984897 6 54.0
6 3.9473989523262865 12 53.0
7 0.8857299999967689 17 51.0
8 4.129901635255313 11 49.0
9 4.463560327044534 9 47.0
10 4.281690321503533 10 43.0
11 2.2992989523252576 16 42.0
12 0.0 18 41.0
13 6.596499999999436 3 39.0
14 3.85895098115038 13 36.0
15 3.817764900227029 14 36.0
16 6.2977016352517 4 33.0
17 5.260506042126407 8 31.0
18 2.9304989523214746 15 22.0
1 5.149749995519281 2 84.0
2 1.2523535943730888 14 63.0
3 1.8735946894817195 8 55.0
4 4.545701988270656 3 54.0
5 1.0135043020063859 15 54.0
6 2.4478733150331555 6 53.0
7 0.0 18 51.0
8 5.60254269880874 1 49.0
9 1.278649980866168 13 47.0
10 0.9370133476740816 17 43.0
11 0.94606665232371 16 42.0
12 1.3514273906976757 12 41.0
13 3.428558006920994 5 39.0
14 1.8476067400970289 9 36.0
15 2.4165480027729993 7 36.0
16 1.7034986231427456 10 33.0
17 4.08213198826753 4 31.0
18 1.4309733150337545 11 22.0
1 3.510664556841353 4 84.0
2 1.3675776530541617 13 63.0
3 2.8607817153614543 7 55.0
4 4.710883058669761 1 54.0
5 3.3067766367996567 5 54.0
6 3.254919753754331 6 53.0
7 0.7384851509335417 17 51.0
8 3.830033522586661 3 49.0
9 2.637924516540643 8 47.0
10 2.0743821719572817 11 43.0
11 1.3063214501038158 14 42.0
12 1.2027215632303299 15 41.0
13 0.9377160843850103 16 39.0
14 0.0 18 36.0
15 2.2371619130965272 10 36.0
16 1.7951249714091753 12 33.0
17 4.296274097822105 2 31.0
18 2.2380197537543305 9 22.0
1 4.889577099596584 4 84.0
2 2.5583843066513503 11 63.0
3 5.157941484377034 3 55.0
4 6.752841484377351 1 54.0
5 2.6741254980486597 10 54.0
6 3.718777275391627 8 53.0
7 1.7090462011783163 13 51.0
8 4.196393066412897 6 49.0
9 4.230022400392456 5 47.0
10 0.0 18 43.0
11 4.180905400394131 7 42.0
12 2.1283853027322324 12 41.0
13 0.5845770996142248 16 39.0
14 0.2605056933620271 17 36.0
15 0.6969455957051589 15 36.0
16 3.5403414843770475 9 33.0
17 5.994421484377105 2 31.0
18 1.6292848242213451 14 22.0
1 15.880549050278937 1 84.0
2 1.270380000000003 17 63.0
3 8.923169999999947 12 55.0
4 15.084990949720726 2 54.0
5 10.352189832402253 10 54.0
6 12.723370000000152 3 53.0
7 4.069479999999995 15 51.0
8 11.212715027932576 5 49.0
9 11.189613871508364 6 47.0
10 10.823984692737756 8 43.0
11 11.140496871508427 7 42.0
12 0.0 18 41.0
13 8.289087821228973 13 39.0
14 10.68539502793304 9 36.0
15 5.672570000000013 14 36.0
16 11.338844636871743 4 33.0
17 10.224765027932948 11 31.0
18 2.1355699999999898 16 22.0
1 6.189079866288487 7 84.0
2 6.357632104943239 5 63.0
3 8.005877104943226 2 55.0
4 6.539362799837924 4 54.0
5 8.400047104943283 1 54.0
6 3.2486255996758473 15 53.0
7 1.5836889141004917 16 51.0
8 0.0 18 49.0
9 3.294999999999998 14 47.0
10 5.583173415721206 9 43.0
11 6.968508172609436 3 42.0
12 6.345122686385727 6 41.0
13 4.108090794165313 13 39.0
14 5.646846037277259 8 36.0
15 5.05569693273903 11 36.0
16 4.17754062803887 12 33.0
17 5.319737200162073 10 31.0
18 1.5193341329011432 17 22.0
1 5.51851915386773 1 84.0
2 3.796607265600208 7 63.0
3 4.4717458296333845 4 55.0
4 3.9766000428033355 5 54.0
5 4.98120418005183 2 54.0
6 3.915536014055573 6 53.0
7 0.5437896567027423 17 51.0
8 2.9326238722131155 9 49.0
9 2.5853801305490007 11 47.0
10 2.4239949264763543 12 43.0
11 2.9381968819352022 8 42.0
12 0.0 18 41.0
13 1.38729273752205 15 39.0
14 2.6976595857948205 10 36.0
15 2.055758845247043 14 36.0
16 1.2854330983890236 16 33.0
17 4.809235495164667 3 31.0
18 2.0715002086535623 13 22.0
1 4.734019492170032 3 84.0
2 4.499441190156796 4 63.0
3 2.9426836331096315 11 55.0
4 5.4416859194633105 2 54.0
5 3.243217841163098 10 54.0
6 5.589218586129785 1 53.0
7 1.8678399977627762 16 51.0
8 3.5289783825502767 8 49.0
9 3.8331436331094135 6 47.0
10 2.8898399977628975 12 43.0
11 4.010955315436464 5 42.0
12 0.0 18 41.0
13 1.1684939574946434 17 39.0
14 2.14375999776348 14 36.0
15 2.0695645190155245 15 36.0
16 2.378487606264315 13 33.0
17 3.7555839977619296 7 31.0
18 3.3611936331096777 9 22.0
1 6.706160903323301 1 84.0
2 5.4599609040084545 5 63.0
3 5.462209154090605 4 55.0
4 4.54033343013248 6 54.0
5 5.856379153903595 2 54.0
6 5.496765286123605 3 53.0
7 1.482096889681296 14 51.0
8 1.5412297073996108 12 49.0
9 4.049025984835289 7 47.0
10 0.0 18 43.0
11 1.4833371528207984 13 42.0
12 3.1644895949550516 9 41.0
13 0.6759990284771931 16 39.0
14 2.7200418473187833 10 36.0
15 1.134269668078721 15 36.0
16 2.1441873427533507 11 33.0
17 3.3336241234588972 8 31.0
18 0.5809999999681392 17 22.0
1 9.76133364019039 1 84.0
2 5.655709137240326 6 63.0
3 5.598881076325061 8 55.0
4 7.4281316749467 2 54.0
5 4.401867350151232 13 54.0
6 4.866924409658387 12 53.0
7 3.7627967503594797 15 51.0
8 5.088504409658397 11 49.0
9 5.89210451401656 4 47.0
10 5.09152096670137 10 43.0
11 5.7194163136794005 5 42.0
12 0.0 18 41.0
13 4.231197992027368 14 39.0
14 2.6152742126530777 17 36.0
15 3.587099999999996 16 36.0
16 6.205567744746867 3 33.0
17 5.632733640190397 7 31.0
18 5.432185484228271 9 22.0
1 8.417955205573817 2 84.0
2 1.2180275210378837 17 63.0
3 5.424689505328037 6 55.0
4 8.465274619223898 1 54.0
5 5.959478018739557 4 54.0
6 5.676180493693942 5 53.0
7 3.564494792789084 11 51.0
8 4.778988590993363 8 49.0
9 6.478557808360729 3 47.0
10 3.0926525627628663 14 43.0
11 2.0573477703245713 16 42.0
12 2.0674000000000223 15 41.0
13 4.100457808360732 9 39.0
14 3.2321079344817223 13 36.0
15 3.3707863636354 12 36.0
16 5.134840997497562 7 33.0
17 0.0 18 31.0
18 3.7413390093697787 10 22.0
1 2.4444605012259886 9 84.0
2 1.6627156581085538 12 63.0
3 3.8665484988339496 5 55.0
4 6.1060793631019274 1 54.0
5 4.7645535197697875 3 54.0
6 5.026349851042709 2 53.0
7 3.789233079667272 6 51.0
8 4.092560501225984 4 49.0
9 1.9155644943747991 10 47.0
10 2.896687188496886 7 43.0
11 1.76001857296799 11 42.0
12 0.00931769741075783 17 41.0
13 0.6755553958244551 15 39.0
14 2.7430289379465385 8 36.0
15 1.3281009004467013 13 36.0
16 0.0 18 33.0
17 0.08020909955327404 16 31.0
18 0.9434181991065567 14 22.0
1 5.298448157672832 2 84.0
2 4.386162046053638 5 63.0
3 4.872356002383044 3 55.0
4 5.6417242598426895 1 54.0
5 4.636689306812102 4 54.0
6 4.016579065436623 6 53.0
7 0.6018395968462076 17 51.0
8 3.4238252898933217 8 49.0
9 1.575141206217401 14 47.0
10 2.4023912062174015 11 43.0
11 2.8905622544166087 9 42.0
12 0.0 18 41.0
13 0.8514724079198803 16 39.0
14 1.941329263321239 13 36.0
15 2.775567528832181 10 36.0
16 0.9056500000000003 15 33.0
17 3.534925552123139 7 31.0
18 1.9803090219467818 12 22.0
1 8.351288727356724 2 84.0
2 0.7162509091623659 17 63.0
3 2.568189818243873 13 55.0
4 7.559780909223763 3 54.0
5 9.185748727341672 1 54.0
6 4.269680909143269 8 53.0
7 3.5153509091612616 11 51.0
8 4.491260909166455 7 49.0
9 2.5609041818875466 14 47.0
10 4.8901070909757705 6 43.0
11 3.715580909151284 9 42.0
12 4.909888727290003 5 41.0
13 0.0 18 39.0
14 6.6258809091966615 4 36.0
15 2.18530709100447 15 36.0
16 1.806880909165539 16 33.0
17 2.842488727571286 12 31.0
18 3.54888090896855 10 22.0
1 5.007836175757473 6 84.0
2 1.484912532132865 14 63.0
3 5.065225382077835 5 55.0
4 7.905898626242801 2 54.0
5 4.596838087888876 8 54.0
6 7.492105762424167 3 53.0
7 0.6331979576239921 16 51.0
8 9.86981726120263 1 49.0
9 3.7421551146124035 9 47.0
10 2.1889253820620027 12 43.0
11 1.3850208006268234 15 42.0
12 5.092917261186053 4 41.0
13 0.38201200417179315 17 39.0
14 2.584428760043613 11 36.0
15 3.378261912100942 10 36.0
16 4.693398626260019 7 33.0
17 2.1246942636003228 13 31.0
18 0.0 18 22.0
1 6.737950004694334 3 84.0
2 3.7511777253312157 13 63.0
3 5.3262991703455675 6 55.0
4 7.527800000582451 1 54.0
5 6.536737363105685 4 54.0
6 5.386060321311095 5 53.0
7 2.7862751640697407 15 51.0
8 5.205906329871043 7 49.0
9 4.636383809429552 9 47.0
10 4.368974456732831 11 43.0
11 4.422619675292172 10 42.0
12 2.1923118850385377 17 41.0
13 0.0 18 39.0
14 2.512418568412788 16 36.0
15 3.78525742909639 12 36.0
16 4.672134302512655 8 33.0
17 6.772255420500878 2 31.0
18 3.507871541275776 14 22.0
1 5.285741940796171 1 84.0
2 0.6423758117864766 15 63.0
3 2.5572362179686854 7 55.0
4 4.699689711606679 2 54.0
5 0.5058283697778025 16 54.0
6 3.3107837817820718 5 53.0
7 2.9199220113166406 6 51.0
8 1.9273177762444709 8 49.0
9 1.0801009017621002 13 47.0
10 4.20896294478859 4 43.0
11 1.662790775199783 9 42.0
12 0.7367243087203912 14 41.0
13 0.0 18 39.0
14 4.590521245692717 3 36.0
15 1.514194617564876 10 36.0
16 1.4871896999047056 12 33.0
17 0.22731506335299656 17 31.0
18 1.50348956014981 11 22.0
1 5.381500000000072 2 84.0
2 2.229327043092886 13 63.0
3 5.823210372912166 1 55.0
4 4.2347810590195785 4 54.0
5 2.256441799112389 12 54.0
6 2.601155074946276 9 53.0
7 2.5849764050368838 10 51.0
8 5.288430372912248 3 49.0
9 2.752714340787902 8 47.0
10 0.8730123667102143 15 43.0
11 3.175883282734979 6 42.0
12 3.114784340786492 7 41.0
13 0.37461434078649125 16 39.0
14 0.2623107083116367 17 36.0
15 3.5370000000000124 5 36.0
16 1.262172956906862 14 33.0
17 2.508757661810175 11 31.0
18 0.0 18 22.0
1 6.980883348502226 2 84.0
2 4.2412624642143 7 63.0
3 5.157993600182716 4 55.0
4 7.789494573133222 1 54.0
5 2.8739068863920587 13 54.0
6 5.278905589707748 3 53.0
7 2.2971425517325055 16 51.0
8 3.445623984347721 9 49.0
9 4.75835252669059 5 47.0
10 2.5195547183582754 15 43.0
11 3.9283419448036514 8 42.0
12 2.720967920656401 14 41.0
13 2.2226025537723086 17 39.0
14 3.0770000154715005 11 36.0
15 3.383643540257028 10 36.0
16 2.934763574564621 12 33.0
17 4.517386394156865 6 31.0
18 0.0 18 22.0
1 2.3279740321294526 12 84.0
2 3.554196928201023 6 63.0
3 3.8044867174882078 5 55.0
4 6.170351503336068 1 54.0
5 3.1624340321319293 7 54.0
6 4.69944059305559 2 53.0
7 0.0 18 51.0
8 0.9759099999981431 14 49.0
9 2.9996999999877847 8 47.0
10 1.4474581179257742 13 43.0
11 2.9505830000000013 10 42.0
12 0.7743199222435517 15 41.0
13 0.41808299999814214 16 39.0
14 2.966133198292398 9 36.0
15 0.1351700204822488 17 36.0
16 4.26277864912587 3 33.0
17 2.7654594683820712 11 31.0
18 3.967387726566664 4 22.0
1 4.4376436666679275 3 84.0
2 0.9008371428572168 13 63.0
3 2.670759285713847 8 55.0
4 6.124421428577703 2 54.0
5 6.675275000001266 1 54.0
6 3.2491999999992034 5 53.0
7 0.0 18 51.0
8 1.690379285713906 10 49.0
9 2.786237142852285 7 47.0
10 0.3898123333345942 15 43.0
11 0.9313285714321131 12 42.0
12 0.7068749999886048 14 41.0
13 0.18869999999935505 16 39.0
14 1.1630592857123467 11 36.0
15 2.9135378571421597 6 36.0
16 3.8581792857135664 4 33.0
17 0.046621428570245094 17 31.0
18 2.3727142857116923 9 22.0
1 12.598570000061974 5 84.0
2 6.4397700000037945 14 63.0
3 15.416969999996327 2 55.0
4 12.478919999940727 7 54.0
5 9.057920000021358 10 54.0
6 9.18882000004076 9 53.0
7 13.270760000016299 4 51.0
8 14.246669999954975 3 49.0
9 16.270459999996326 1 47.0
10 8.261369999977399 11 43.0
11 2.4114000000013904 17 42.0
12 6.927719999985943 12 41.0
13 12.598470000016297 6 39.0
14 0.0 18 36.0
15 5.361899999997135 15 36.0
16 6.726019999990326 13 33.0
17 9.19820000000875 8 31.0
18 4.619819999995092 16 22.0
1 6.6565062578660115 3 84.0
2 6.108052678124355 5 63.0
3 4.106029241759679 8 55.0
4 7.062538232158257 2 54.0
5 5.910248792613391 6 54.0
6 6.505902678124357 4 53.0
7 0.9932188891601093 16 51.0
8 7.104488379461807 1 49.0
9 2.5671508664839804 11 47.0
10 2.273191779927986 14 43.0
11 2.7539517799279847 10 42.0
12 2.103227966310226 15 41.0
13 0.0 18 39.0
14 2.394000000000001 13 36.0
15 0.966860223029367 17 36.0
16 2.445923336826606 12 33.0
17 4.244717343202197 7 31.0
18 3.1371785606591827 9 22.0
1 10.817537485579827 1 84.0
2 2.294474971166422 13 63.0
3 3.274262514399438 11 55.0
4 10.697887485578741 2 54.0
5 9.854987485578778 3 54.0
6 4.600276009221412 7 53.0
7 5.0935749711605185 5 51.0
8 1.7020008419768864 16 49.0
9 3.7177166782006843 10 47.0
10 4.588317254899174 8 43.0
11 0.0 18 42.0
12 3.8865874855795997 9 41.0
13 0.4732149134947776 17 39.0
14 1.7276760092370225 15 36.0
15 1.883517254893611 14 36.0
16 4.792237485575473 6 33.0
17 2.448873425599958 12 31.0
18 5.43603748557874 4 22.0
1 7.323162951598009 1 84.0
2 2.3721658719898775 13 63.0
3 3.4796658719901234 7 55.0
4 7.121768721361677 2 54.0
5 4.557319112666216 3 54.0
6 4.224157947173873 4 53.0
7 0.64952412801019 17 51.0
8 4.058887653813051 5 49.0
9 3.0947244368565 10 47.0
10 2.9859629515977955 11 43.0
11 3.167447360452262 9 42.0
12 2.3000401200185405 14 41.0
13 3.398167976025189 8 39.0
14 0.8854687213616712 16 36.0
15 0.0 18 36.0
16 3.6269008564588567 6 33.0
17 2.1639458719899185 15 31.0
18 2.406821115036009 12 22.0
1 8.591833227179917 2 84.0
2 5.8821194601728175 11 63.0
3 6.0912714996072115 9 55.0
4 7.870615607855458 3 54.0
5 6.815184392144655 5 54.0
6 6.363133227179883 7 53.0
7 5.152704528829659 13 51.0
8 7.181199460486994 4 49.0
9 5.941410514218399 10 47.0
10 6.471682521523936 6 43.0
11 4.686442768892423 15 42.0
12 2.3703999999999685 17 41.0
13 4.798613580518429 14 39.0
14 0.0 18 36.0
15 5.476143226551314 12 36.0
16 6.18173121571093 8 33.0
17 8.948457521523933 1 31.0
18 3.5254656931657133 16 22.0
1 6.404609999997115 3 84.0
2 5.350130000242124 9 63.0
3 4.450899999994617 12 55.0
4 6.23629999997681 5 54.0
5 3.6152999999931534 14 54.0
6 9.0189300000356 1 53.0
7 1.9190099999835022 16 51.0
8 3.8440299998642162 13 49.0
9 4.928940000010216 10 47.0
10 1.574599999995173 17 43.0
11 6.255029999981762 4 42.0
12 5.744279999979006 8 41.0
13 2.195830000033429 15 39.0
14 0.0 18 36.0
15 6.018940000035597 6 36.0
16 6.556129999804654 2 33.0
17 5.772730000055226 7 31.0
18 4.456989999922667 11 22.0
1 5.944238881835127 1 84.0
2 2.1272617168836208 8 63.0
3 3.0864141310083357 6 55.0
4 4.574185371650382 3 54.0
5 1.7273539897948798 13 54.0
6 3.6740877993688814 5 53.0
7 1.3070681200425731 15 51.0
8 4.7768999999999995 2 49.0
9 1.7593725771985143 12 47.0
10 0.7655566122924313 17 43.0
11 1.9367719131703773 10 42.0
12 0.0 18 41.0
13 1.5838881200425727 14 39.0
14 2.083253560713199 9 36.0
15 1.7996693027589066 11 36.0
16 2.3283122568453805 7 33.0
17 3.754425478292592 4 31.0
18 0.7925587517623824 16 22.0
1 8.746187419852824 1 84.0
2 5.962616127984845 7 63.0
3 6.560999994360387 5 55.0
4 8.155900023812965 2 54.0
5 0.0 18 54.0
6 5.768576767001305 8 53.0
7 4.661389032141364 10 51.0
8 7.21531612825294 3 49.0
9 4.604687418347665 11 47.0
10 3.6847000000119294 14 43.0
11 6.710726128309739 4 42.0
12 4.410253549030293 12 41.0
13 0.6280999943530006 16 39.0
14 3.5772248377112907 15 36.0
15 0.3867767744471866 17 36.0
16 5.577994510513035 9 33.0
17 6.154958703927579 6 31.0
18 4.144999995259315 13 22.0
1 5.988777582571916 6 84.0
2 4.7425775825722845 9 63.0
3 3.7673535189165115 12 55.0
4 8.160719114700088 1 54.0
5 6.896300953096057 3 54.0
6 6.313787594582788 5 53.0
7 2.802192745978102 14 51.0
8 6.441776631214871 4 49.0
9 5.706543192578874 7 47.0
10 4.439865729795606 11 43.0
11 4.66568759458272 10 42.0
12 2.370400000000676 16 41.0
13 0.9488535189166352 17 39.0
14 0.0 18 36.0
15 2.468747037833027 15 36.0
16 5.19847065536213 8 33.0
17 7.574742233003661 2 31.0
18 3.739533341445757 13 22.0
1 4.185048040539215 1 84.0
2 1.7217517949041115 10 63.0
3 2.6473734970213667 6 55.0
4 2.909154608368443 4 54.0
5 3.43176528736581 2 54.0
6 1.9563480405341034 9 53.0
7 1.3874433560723578 13 51.0
8 2.673067654684333 5 49.0
9 1.6875675161887789 11 47.0
10 2.461117654685262 8 43.0
11 1.3850327443085784 14 42.0
12 0.3307752419641603 16 41.0
13 0.04823865135771643 17 39.0
14 1.253632509876339 15 36.0
15 2.4905969918443014 7 36.0
16 1.5226175911920685 12 33.0
17 3.0451047958458934 3 31.0
18 0.0 18 22.0
1 5.660679338643634 3 84.0
2 3.1962555692428185 7 63.0
3 3.5427737509052273 6 55.0
4 5.683598150950382 2 54.0
5 5.822972864472524 1 54.0
6 4.355087406596918 4 53.0
7 0.5426894768184751 16 51.0
8 1.711929306868682 13 49.0
9 2.466727507526156 8 47.0
10 1.9081830561372763 11 43.0
11 0.5250676382747321 17 42.0
12 1.821437620394195 12 41.0
13 0.0 18 39.0
14 2.309446030998819 9 36.0
15 1.4173435709763975 14 36.0
16 3.63993927108199 5 33.0
17 2.2232311954091495 10 31.0
18 1.3848728740656224 15 22.0
1 7.841822106361592 1 84.0
2 4.784446822345494 5 63.0
3 6.182422106352613 3 55.0
4 7.3256936337698315 2 54.0
5 0.0 18 54.0
6 4.164125609121388 9 53.0
7 0.6226945256236602 16 51.0
8 1.4394165578605707 14 49.0
9 5.569505057378458 4 47.0
10 3.5965973904068123 10 43.0
11 3.4814936339321103 11 42.0
12 4.400422106359936 8 41.0
13 0.6072834422064695 17 39.0
14 1.1904596215363004 15 36.0
15 2.0140196215028494 13 36.0
16 4.432075939842765 7 33.0
17 2.553844616150785 12 31.0
18 4.4680726745189325 6 22.0
1 8.777651091954006 1 84.0
2 6.035991091954006 3 63.0
3 2.6280976666665894 13 55.0
4 7.092894057471202 2 54.0
5 3.0222676666666692 12 54.0
6 3.0633465977011767 11 53.0
7 5.171862574712579 5 51.0
8 4.880994057471444 6 49.0
9 2.3064653333333616 14 47.0
10 1.8029999999999506 15 43.0
11 3.876329609195413 8 42.0
12 0.8022465977009507 17 41.0
13 0.0 18 39.0
14 0.8565940574712632 16 36.0
15 5.560051091954029 4 36.0
16 3.3742000000001386 10 33.0
17 4.844762999999903 7 31.0
18 3.727995735632178 9 22.0
1 8.215543980627519 1 84.0
2 4.61259567688762 8 63.0
3 5.046300520718166 4 55.0
4 7.034295627898157 3 54.0
5 2.798346100115445 16 54.0
6 7.037981017186633 2 53.0
7 4.706704998453776 7 51.0
8 2.977624320019737 15 49.0
9 4.50707703138777 10 47.0
10 3.568779742755151 13 43.0
11 4.6094923384438085 9 42.0
12 0.0 18 41.0
13 3.4264461001138184 14 39.0
14 4.716415934258081 6 36.0
15 1.1476652095152913 17 36.0
16 4.309340040723003 11 33.0
17 4.88060609901034 5 31.0
18 3.8939000000004462 12 22.0
1 0.7484537602890113 15 84.0
2 1.0873892170017687 11 63.0
3 1.7765464063481633 7 55.0
4 4.904857622573312 2 54.0
5 1.582913760288985 9 54.0
6 7.528811061779026 1 53.0
7 0.9261244099179448 13 51.0
8 2.0339447623752482 4 49.0
9 0.767772936346123 14 47.0
10 1.8219947623752561 6 43.0
11 0.14529423930243457 17 42.0
12 1.3878095386448788 10 41.0
13 0.0 18 39.0
14 1.086534183367581 12 36.0
15 1.6239475904905927 8 36.0
16 2.5514261409435814 3 33.0
17 2.0233110617791072 5 31.0
18 0.5794463825853959 16 22.0
1 8.360198007653825 1 84.0
2 0.0 18 63.0
3 4.286265376601205 8 55.0
4 6.903787731489906 2 54.0
5 5.329111949078393 5 54.0
6 5.787831863480284 3 53.0
7 2.799100000000025 16 51.0
8 4.308740212902428 7 49.0
9 2.84672468025635 14 47.0
10 3.2884119490785593 11 43.0
11 3.7691719490783933 10 42.0
12 2.970876524211236 13 41.0
13 2.8212640254607226 15 39.0
14 3.934657923617163 9 36.0
15 5.486264151827654 4 36.0
16 4.6049559745391795 6 33.0
17 2.01887768931577 17 31.0
18 3.1297711710403284 12 22.0
1 5.165600000000319 6 84.0
2 4.062759999999473 7 63.0
3 5.468297999999423 4 55.0
4 5.697689999999211 3 54.0
5 1.8421000000003995 15 54.0
6 2.2767299999992554 12 53.0
7 0.2934359999995011 17 51.0
8 2.258621999999368 13 49.0
9 2.6018979999993976 10 47.0
10 2.737909999999571 9 43.0
11 0.7650000000001258 16 42.0
12 7.3015199999994245 2 41.0
13 0.0 18 39.0
14 3.1294999999992004 8 36.0
15 1.94799999999604 14 36.0
16 2.485190000000316 11 33.0
17 5.234119999999523 5 31.0
18 7.962619999999422 1 22.0
1 5.310800000457407 3 84.0
2 2.445549999921818 9 63.0
3 0.265959999870482 16 55.0
4 5.5155799998817425 2 54.0
5 6.173649999952565 1 54.0
6 3.082099999040425 6 53.0
7 2.332579999921818 10 51.0
8 3.303680000126246 4 49.0
9 1.8856499997340344 13 47.0
10 2.7128999999625845 7 43.0
11 3.193659999907335 5 42.0
12 0.8210000001288178 15 41.0
13 0.021600000081228643 17 39.0
14 2.5583499997365355 8 36.0
15 2.0931999998222426 11 36.0
16 0.0 18 33.0
17 1.1024399999288537 14 31.0
18 2.0652000000812305 12 22.0
1 8.34146400000213 4 84.0
2 8.740084000002065 2 63.0
3 7.695384000002065 6 55.0
4 9.089064000002203 1 54.0
5 0.5564520000026985 16 54.0
6 3.5322840000087297 11 53.0
7 0.0 18 51.0
8 7.806984000002344 5 49.0
9 6.859554000002204 8 47.0
10 7.595034000001842 7 43.0
11 2.167268000000006 13 42.0
12 3.0300840000027778 12 41.0
13 0.4717840000006408 17 39.0
14 0.6596839999999844 15 36.0
15 4.8902340000022715 10 36.0
16 1.2681160000026988 14 33.0
17 8.531864000002482 3 31.0
18 5.142544000002129 9 22.0
1 5.136799040405677 1 84.0
2 2.8608023744046718 7 63.0
3 3.783519705043732 4 55.0
4 3.4209999999977168 5 54.0
5 0.0 18 54.0
6 3.2586523743964486 6 53.0
7 1.6711533330054826 15 51.0
8 1.4182506341557313 16 49.0
9 4.746202374396449 2 47.0
10 2.032155373121503 11 43.0
11 1.8948197050416258 12 42.0
12 2.135073862942658 10 41.0
13 0.07425734637641668 17 39.0
14 2.2362131078547316 9 36.0
15 1.8125176256039721 13 36.0
16 2.6684398230202406 8 33.0
17 1.7755831078597208 14 31.0
18 4.321064618031119 3 22.0
1 6.076643030468874 2 84.0
2 0.8931399999846137 15 63.0
3 1.9199539712547937 10 55.0
4 5.659569846047937 3 54.0
5 6.204169846049121 1 54.0
6 4.870414046336865 4 53.0
7 0.568572014538407 17 51.0
8 3.79823721352669 6 49.0
9 3.3490189307545144 7 47.0
10 2.0072314359298664 9 43.0
11 1.0920919439586467 14 42.0
12 1.4717986634394145 11 41.0
13 0.635748825462986 16 39.0
14 3.2768610692348052 8 36.0
15 3.8398698460493357 5 36.0
16 1.4348610693129749 12 33.0
17 1.3726375578011378 13 31.0
18 0.0 18 22.0
1 13.279421000013903 2 84.0
2 5.4176200000386565 16 63.0
3 7.449820000004071 9 55.0
4 10.387909999944574 3 54.0
5 5.968400000206383 12 54.0
6 9.657000000047393 4 53.0
7 8.791730000222431 5 51.0
8 6.576380000167055 11 49.0
9 8.080869999919601 6 47.0
10 5.5505300000040725 14 43.0
11 7.862299999676091 8 42.0
12 0.0 18 41.0
13 6.596499999986908 10 39.0
14 5.942120000192251 13 36.0
15 4.941680000027141 17 36.0
16 5.478870000070447 15 33.0
17 13.570429999996696 1 31.0
18 7.897921000142045 7 22.0
1 7.835598023571144 2 84.0
2 3.1049073107714076 11 63.0
3 6.753404290455199 3 55.0
4 8.627830131972145 1 54.0
5 5.8691412610419675 4 54.0
6 5.25490241323963 6 53.0
7 2.1821485688657134 17 51.0
8 3.2588157456788442 9 49.0
9 4.072903060521662 8 47.0
10 2.97546001204468 12 43.0
11 4.121319002902316 7 42.0
12 3.2214940077980887 10 41.0
13 0.0 18 39.0
14 2.393999999999999 16 36.0
15 5.408182221665951 5 36.0
16 2.523047797477787 15 33.0
17 2.890004398857325 13 31.0
18 2.661366419760757 14 22.0
1 5.713241497654515 3 84.0
2 2.2867908213844332 15 63.0
3 5.809144762461627 2 55.0
4 7.160414902526211 1 54.0
5 4.6774539240674535 6 54.0
6 4.212224519142602 7 53.0
7 2.4750112750661124 14 51.0
8 2.567286291610742 13 49.0
9 5.417800527036184 4 47.0
10 2.8943399273099355 12 43.0
11 3.0725850425907955 11 42.0
12 1.4389977108609835 17 41.0
13 3.3568977108609857 9 39.0
14 3.526188018763869 8 36.0
15 1.8116076809610502 16 36.0
16 3.1074822232262695 10 33.0
17 4.860549298879748 5 31.0
18 0.0 18 22.0
1 4.7951063144201465 3 84.0
2 2.7190821644075758 9 63.0
3 2.3094916841099633 10 55.0
4 3.1509456018039117 5 54.0
5 5.319544882819954 1 54.0
6 3.0558996180597084 6 53.0
7 0.0 18 51.0
8 1.4113161174814723 12 49.0
9 1.2110128944879253 13 47.0
10 0.896165027383294 14 43.0
11 1.6133686813993295 11 42.0
12 0.4116103038149095 17 41.0
13 0.7912622123762616 15 39.0
14 4.865240561224606 2 36.0
15 2.7881082981653633 8 36.0
16 3.0232406014183435 7 33.0
17 3.2994925202741743 4 31.0
18 0.5714234753934688 16 22.0
1 8.22705179909428 2 84.0
2 7.460169621243311 4 63.0
3 4.786005747221082 12 55.0
4 7.771167064635653 3 54.0
5 8.57291066694113 1 54.0
6 5.177237393989296 8 53.0
7 5.045470378756691 9 51.0
8 6.538680757513382 5 49.0
9 3.950175747221083 13 47.0
10 5.55017 7 43.0
11 4.8194069946480065 11 42.0
12 3.4189444997941547 14 41.0
13 0.0 18 39.0
14 4.957610666941126 10 36.0
15 2.6507000000000014 17 36.0
16 3.292009843557021 15 33.0
17 6.487 6 31.0
18 3.020474030465215 16 22.0
1 4.581083081164636 8 84.0
2 1.4642262103485217 14 63.0
3 5.556115803443426 4 55.0
4 7.151015803405752 1 54.0
5 5.043297621576359 6 54.0
6 5.1463921670704 5 53.0
7 0.9902039851409397 15 51.0
8 5.021335803404674 7 49.0
9 3.403176014745006 9 47.0
10 2.4271448943185696 10 43.0
11 1.5474399520205184 13 42.0
12 0.0 18 41.0
13 5.6713976215950614 3 39.0
14 0.7984740590129711 17 36.0
15 1.6220340590322138 12 36.0
16 0.8011760147769045 16 33.0
17 6.950035803411685 2 31.0
18 1.7912837158692498 11 22.0
1 6.227055159816792 6 84.0
2 5.229228607307641 9 63.0
3 10.123817031963469 1 55.0
4 5.334287785388487 8 54.0
5 7.58625908675832 3 54.0
6 6.9253640410953015 4 53.0
7 4.650917031963772 12 51.0
8 8.568828059360746 2 49.0
9 1.3901081963471706 17 47.0
10 2.2173581963465248 16 43.0
11 5.511997031962617 7 42.0
12 0.0 18 41.0
13 4.927737031963473 11 39.0
14 4.255524429224216 13 36.0
15 6.842228059360936 5 36.0
16 3.3345222146119324 14 33.0
17 5.02100860730569 10 31.0
18 2.536212214611808 15 22.0
1 7.073301375841092 8 84.0
2 8.047212533556408 5 63.0
3 6.220930100720342 11 55.0
4 7.026065050326597 9 54.0
5 7.452973942954781 6 54.0
6 8.785961124162913 3 53.0
7 9.171766040268913 1 51.0
8 5.843216040241494 12 49.0
9 9.136191040273935 2 47.0
10 4.616587919453789 15 43.0
11 5.340651040275395 14 42.0
12 1.5806349496735148 17 41.0
13 3.223088808711325 16 39.0
14 0.0 18 36.0
15 8.293176040265601 4 36.0
16 6.664059714755782 10 33.0
17 7.414663070465757 7 31.0
18 5.376272040267402 13 22.0
1 5.071237824639321 3 84.0
2 3.44633995016328 7 63.0
3 1.1983686507927103 16 55.0
4 6.472348502065928 1 54.0
5 4.982995591145382 5 54.0
6 4.991082577351301 4 53.0
7 2.175719638041214 13 51.0
8 4.09522174504494 6 49.0
9 2.2537654073178626 12 47.0
10 3.325565785975596 8 43.0
11 2.908953490103383 10 42.0
12 0.0 18 41.0
13 0.7662378246431478 17 39.0
14 1.3676955911484001 15 36.0
15 2.059834196104506 14 36.0
16 6.263021745047011 2 33.0
17 2.951173523779623 9 31.0
18 2.46144850206192 11 22.0
1 5.937687126365946 3 84.0
2 5.840523815295898 4 63.0
3 4.542906092065534 8 55.0
4 6.294152757435043 1 54.0
5 5.240236749305215 6 54.0
6 6.00481697884169 2 53.0
7 3.1264411111175328 12 51.0
8 5.472814756606556 5 49.0
9 3.3450269345921866 11 47.0
10 2.8536483649421336 13 43.0
11 3.425108634608816 10 42.0
12 0.0 18 41.0
13 1.2219852433939078 16 39.0
14 3.46265866129304 9 36.0
15 2.2478511111174377 15 36.0
16 2.471702968242168 14 33.0
17 4.6228207683013665 7 31.0
18 0.6030789576428242 17 22.0
1 5.954857312707288 5 84.0
2 5.054284068112026 8 63.0
3 0.0 18 55.0
4 7.883976481061476 1 54.0
5 5.948757723531312 6 54.0
6 6.572899647023405 3 53.0
7 4.9919217103706695 9 51.0
8 5.591977750593152 7 49.0
9 4.954961682366895 10 47.0
10 3.3533607683086766 13 43.0
11 2.420857081630582 15 42.0
12 2.0432747169509917 16 41.0
13 3.437238525738137 12 39.0
14 4.213810350493391 11 36.0
15 2.8633622764686946 14 36.0
16 6.070705563139467 4 33.0
17 6.820300586972943 2 31.0
18 0.4185100000000026 17 22.0
1 5.111011725535491 4 84.0
2 0.9652670728642267 15 63.0
3 0.6667831526178354 16 55.0
4 4.704361657771145 5 54.0
5 5.572102023991385 3 54.0
6 3.4749060914874743 6 53.0
7 3.289423285554101 7 51.0
8 6.990702023989898 1 49.0
9 2.850667072855312 8 47.0
10 6.778752023990171 2 43.0
11 1.7133770728625835 11 42.0
12 1.9800942486877824 10 41.0
13 0.4144060915014647 17 39.0
14 1.208730873194408 13 36.0
15 2.8344323224394903 9 36.0
16 1.5420909931011595 12 33.0
17 0.0 18 31.0
18 1.0852931526562113 14 22.0
1 7.403040572355076 1 84.0
2 5.635924955131586 5 63.0
3 4.440541044415876 9 55.0
4 6.222759604856366 3 54.0
5 4.250401744966501 11 54.0
6 5.827543097805602 4 53.0
7 5.393620674911386 6 51.0
8 3.149893299901989 15 49.0
9 4.865047138224877 7 47.0
10 3.7918150169670306 13 43.0
11 4.333865655682096 10 42.0
12 6.920450305406833 2 41.0
13 1.4718000000000582 16 39.0
14 4.550050305406862 8 36.0
15 0.7663790573863327 17 36.0
16 3.3647430978056017 14 33.0
17 3.851565655681991 12 31.0
18 0.0 18 22.0
1 6.603497576154549 5 84.0
2 3.3448523236698513 15 63.0
3 5.0215155332504295 11 55.0
4 7.527800000001817 4 54.0
5 5.67598624747921 6 54.0
6 7.534054700822305 3 53.0
7 5.042195275932455 10 51.0
8 8.52198591904356 2 49.0
9 5.194115890366503 8 47.0
10 5.151774988373007 9 43.0
11 4.2161938381576265 12 42.0
12 3.745085919045116 14 41.0
13 0.0 18 39.0
14 3.1519663428144287 16 36.0
15 5.665149557045868 7 36.0
16 3.782616161835625 13 33.0
17 10.450685919043828 1 31.0
18 2.984306161835513 17 22.0
1 6.931579087476733 1 84.0
2 3.7837043521401235 6 63.0
3 5.569185542065964 2 55.0
4 4.985664063224144 3 54.0
5 3.691028352062758 7 54.0
6 4.405872632892784 4 53.0
7 1.8336777009771232 14 51.0
8 2.861703865016255 11 49.0
9 3.2296515668931653 9 47.0
10 3.270054466019927 8 43.0
11 2.931790679990036 10 42.0
12 0.0 18 41.0
13 0.6802073651463991 17 39.0
14 0.783450856409305 16 36.0
15 1.6268946998175435 15 36.0
16 1.943072632888242 13 33.0
17 2.6698146686738125 12 31.0
18 3.8929379134250786 5 22.0
1 7.072404689123072 1 84.0
2 3.366114541700209 7 63.0
3 2.826690888983541 10 55.0
4 4.421590888976457 4 54.0
5 2.1965591240739064 13 54.0
6 5.549540875924095 2 53.0
7 2.586804689126487 11 51.0
8 4.981934684774789 3 49.0
9 2.874247929949911 9 47.0
10 2.13441792995009 15 43.0
11 3.922718248147552 5 42.0
12 2.194355309108132 14 41.0
13 3.254024806180894 8 39.0
14 2.526007929949879 12 36.0
15 0.0 18 36.0
16 2.118479029020787 16 33.0
17 2.0954671690673017 17 31.0
18 3.790598372224637 6 22.0
1 5.630439213356462 3 84.0
2 1.7106342951497606 11 63.0
3 3.498399042831571 7 55.0
4 6.539506200828983 1 54.0
5 3.972796007253333 6 54.0
6 4.570780123598261 4 53.0
7 0.0 18 51.0
8 4.001077768916767 5 49.0
9 2.8532828062915034 8 47.0
10 1.1509769682462876 16 43.0
11 1.4402694229199342 15 42.0
12 0.5890194745656387 17 41.0
13 1.460466096446099 14 39.0
14 1.5731267263104414 13 36.0
15 1.7294151845904977 10 36.0
16 6.168877768916778 2 33.0
17 2.7611026549012743 9 31.0
18 1.5852141072596524 12 22.0
1 5.6467712845299705 1 84.0
2 0.0 18 63.0
3 3.4778946106147424 3 55.0
4 5.064663112259671 2 54.0
5 3.3707194349614906 4 54.0
6 2.8392876908530695 5 53.0
7 1.9089966040928046 9 51.0
8 1.814910012678861 10 49.0
9 1.9483233724428164 8 47.0
10 0.6015946105779946 15 43.0
11 1.484472290453753 12 42.0
12 0.4517509119519101 16 41.0
13 0.06086463543351872 17 39.0
14 1.5881864712874147 11 36.0
15 1.0064194359933119 14 36.0
16 1.9755791075126883 7 33.0
17 1.2856469523453211 13 31.0
18 1.9797443237639085 6 22.0
1 4.8842671305889125 5 84.0
2 2.083113761622818 13 63.0
3 4.3612781643468415 7 55.0
4 6.136884987613449 1 54.0
5 4.348848563972138 8 54.0
6 5.911999200905598 2 53.0
7 2.661100195096146 12 51.0
8 3.1038784472161387 11 49.0
9 3.1728694997628137 10 47.0
10 3.2807993178254797 9 43.0
11 0.685316036110811 17 42.0
12 1.0194423988174783 16 41.0
13 0.0 18 39.0
14 1.7372849707700297 15 36.0
15 1.9845485639720857 14 36.0
16 4.717208310598818 6 33.0
17 5.56371101711615 3 31.0
18 4.913342398817475 4 22.0
1 1.51801921361885 11 84.0
2 1.9328293975628803 9 63.0
3 2.1033941839325774 8 55.0
4 4.437656212012793 2 54.0
5 2.3524792136188495 6 54.0
6 3.082408174153983 4 53.0
7 0.8533990455177081 14 51.0
8 2.577347507311195 5 49.0
9 2.1064294268108394 7 47.0
10 1.3191406258941756 12 43.0
11 1.7786766002617553 10 42.0
12 0.01651638925658161 17 41.0
13 0.4611726905910727 16 39.0
14 0.0 18 36.0
15 0.7707364087700845 15 36.0
16 4.7884000605857375 1 33.0
17 3.357633301733527 3 31.0
18 1.0945306278482922 13 22.0
1 7.015141436182721 1 84.0
2 4.131984086680496 9 63.0
3 5.239484086677956 4 55.0
4 5.68054401475664 3 54.0
5 3.552555985239707 13 54.0
6 5.876360032571318 2 53.0
7 3.3642163924806825 14 51.0
8 3.093377385467538 15 49.0
9 4.510598785702673 6 47.0
10 3.7707687856916157 12 43.0
11 4.305012736913399 7 42.0
12 1.3026780288930087 16 41.0
13 1.1667000000006449 17 39.0
14 4.162358785689916 8 36.0
15 3.797541436185077 11 36.0
16 0.0 18 33.0
17 5.021509595229367 5 31.0
18 4.045650968311139 10 22.0
1 4.488446284828767 2 84.0
2 2.1165484746182726 6 63.0
3 1.7591957438926158 9 55.0
4 5.750156528557454 1 54.0
5 0.3643826091282856 16 54.0
6 3.941046585127731 3 53.0
7 0.0 18 51.0
8 2.4437503821816433 5 49.0
9 2.1027794536587385 7 47.0
10 0.7750382617182898 13 43.0
11 1.786809791037639 8 42.0
12 0.575589654106168 14 41.0
13 0.9924826091282857 12 39.0
14 0.3311057639829127 17 36.0
15 2.7122395538824544 4 36.0
16 1.5587766393067315 10 33.0
17 0.37368855332161965 15 31.0
18 1.5062607515649882 11 22.0
