1 5.412330192635041 3 84.0
2 1.9125646289963874 13 63.0
3 2.262997349830385 11 55.0
4 4.218120742078527 5 54.0
5 4.75799300314548 4 54.0
6 3.638997446078795 7 53.0
7 0.9786820698927876 17 51.0
8 3.622594579133813 8 49.0
9 6.1195076606061765 2 47.0
10 4.017501405985668 6 43.0
11 2.5244364883154105 10 42.0
12 1.4614137174752755 15 41.0
13 0.0 18 39.0
14 2.0248025539212073 12 36.0
15 3.3058185164970526 9 36.0
16 1.3817846289963969 16 33.0
17 6.256701405985673 1 31.0
18 1.7078673821246382 14 22.0
1 8.47186622222223 1 84.0
2 0.0 18 63.0
3 2.91505300000001 15 55.0
4 4.699822888888888 8 54.0
5 5.379870777777779 4 54.0
6 6.342941555555557 2 53.0
7 6.017314777777783 3 51.0
8 3.162702000000001 14 49.0
9 2.2713777777777793 16 47.0
10 4.631361000000005 9 43.0
11 5.151174111111114 5 42.0
12 3.459474111111108 13 41.0
13 4.809410777777781 6 39.0
14 3.862117111111113 11 36.0
15 1.8386797777777795 17 36.0
16 4.735367111111115 7 33.0
17 4.077949444444451 10 31.0
18 3.534633 12 22.0
1 7.069768081149965 1 84.0
2 3.266818085452644 7 63.0
3 2.367871562221043 10 55.0
4 3.895831911572772 3 54.0
5 3.6553247329413234 5 54.0
6 5.6418923447851554 2 53.0
7 2.6242517735127073 9 51.0
8 0.0 18 49.0
9 2.9184088816289897 8 47.0
10 0.9874909813120287 17 43.0
11 3.6894522793284983 4 42.0
12 1.9977522793284956 13 41.0
13 2.1352300706715033 12 39.0
14 1.2825703966008848 14 36.0
15 1.2261085388632316 15 36.0
16 2.1656843887872217 11 33.0
17 3.3948083915007747 6 31.0
18 0.9987775257601383 16 22.0
1 11.473841728513289 1 84.0
2 2.329180019152536 14 63.0
3 3.5369171055786044 13 55.0
4 1.3749328944218688 15 54.0
5 6.12532508498944 4 54.0
6 5.922680019152165 6 53.0
7 0.576035788843531 17 51.0
8 3.701382233660288 11 49.0
9 4.497541728513187 9 47.0
10 8.185741728513273 2 43.0
11 6.619071225760058 3 42.0
12 1.3478999999998522 16 41.0
13 5.554865084989178 7 39.0
14 3.6875978668903437 12 36.0
15 4.586487486233983 8 36.0
16 0.0 18 33.0
17 6.092787366530974 5 31.0
18 4.4378622336605416 10 22.0
1 8.748720327665938 1 84.0
2 3.53716559240642 15 63.0
3 4.621279896175769 8 55.0
4 5.907012309177373 5 54.0
5 6.614641086429899 3 54.0
6 7.616560837674692 2 53.0
7 0.0 18 51.0
8 1.2464881707735778 17 49.0
9 4.299488170773577 11 47.0
10 5.646556445371382 6 43.0
11 5.175425105600361 7 42.0
12 4.4101570313563565 10 41.0
13 3.2269203276659035 16 39.0
14 3.6430985375859453 14 36.0
15 3.693100962052294 13 36.0
16 4.453121969571483 9 33.0
17 5.967900000000009 4 31.0
18 4.21183023266893 12 22.0
1 6.0311726600938105 4 84.0
2 3.4580225029372915 13 63.0
3 6.14377294662782 3 55.0
4 3.2847677502163144 15 54.0
5 5.364979999999995 5 54.0
6 8.296686954278423 1 53.0
7 0.0 18 51.0
8 7.1415309523657635 2 49.0
9 5.08370000000003 8 47.0
10 4.307138286078561 10 43.0
11 3.788699609545068 12 42.0
12 1.3080412066123341 17 41.0
13 2.632937750216313 16 39.0
14 5.261892956191122 7 36.0
15 4.086654270731821 11 36.0
16 4.926739601439028 9 33.0
17 5.284242997495334 6 31.0
18 3.4109989454893164 14 22.0
1 4.375387720915073 1 84.0
2 0.24941455275665336 17 63.0
3 2.4589541001822837 8 55.0
4 2.0564317368213274 10 54.0
5 2.409578983301138 9 54.0
6 4.258582181910959 2 53.0
7 1.2146535879093767 14 51.0
8 1.3438667539445854 13 49.0
9 2.557894637885278 5 47.0
10 0.27385556587926296 16 43.0
11 3.095825303005384 3 42.0
12 2.5414210395520866 6 41.0
13 0.0 18 39.0
14 0.7283412126577105 15 36.0
15 1.9627342291724494 11 36.0
16 1.7514790664833855 12 33.0
17 2.513055565879357 7 31.0
18 2.6536093933530625 4 22.0
1 7.335287549611653 1 84.0
2 0.8049542712699767 17 63.0
3 3.009222849050812 12 55.0
4 5.239184242398284 6 54.0
5 5.423915766064133 5 54.0
6 5.827305623002069 3 53.0
7 2.3697899647575706 13 51.0
8 5.686859675430874 4 49.0
9 3.773332069293745 10 47.0
10 1.0162458094519868 16 43.0
11 3.273223391450932 11 42.0
12 1.9699923725270572 14 41.0
13 1.8969522501720486 15 39.0
14 0.0 18 36.0
15 4.877333978339066 7 36.0
16 3.965048943108913 8 33.0
17 6.826401281246789 2 31.0
18 3.8527040692930514 9 22.0
1 5.651614008821285 1 84.0
2 4.2637087798798445 3 63.0
3 0.6900492735890833 15 55.0
4 3.4396787798798076 5 54.0
5 3.8147147098834138 4 54.0
6 2.6251259974313133 9 53.0
7 0.0 18 51.0
8 1.2315087798796462 13 49.0
9 2.630438779879812 8 47.0
10 1.3268791661949189 12 43.0
11 2.5324192914177663 10 42.0
12 2.875391220120093 7 41.0
13 0.9863742630693695 14 39.0
14 0.2642380029404747 17 36.0
15 4.9637526144707405 2 36.0
16 3.2836387798798135 6 33.0
17 2.313894384489909 11 31.0
18 0.6299974388461302 16 22.0
1 11.354349113775811 1 84.0
2 9.155469135994224 3 63.0
3 6.265110842049528 13 55.0
4 7.821911039873395 7 54.0
5 7.97349999999158 5 54.0
6 7.302755026305048 10 53.0
7 4.654688315839862 16 51.0
8 4.757518337816963 15 49.0
9 7.325327518959714 9 47.0
10 2.6009000000012668 17 43.0
11 6.502064528058302 11 42.0
12 8.566169278901862 4 41.0
13 6.049099999999845 14 39.0
14 9.24885450181677 2 36.0
15 0.0 18 36.0
16 7.905309157998188 6 33.0
17 7.790011486034204 8 31.0
18 6.5004830333235795 12 22.0
1 12.64587779729602 2 84.0
2 8.963366047295276 5 63.0
3 6.606743256759941 13 55.0
4 8.020246290537049 7 54.0
5 8.453699999995456 6 54.0
6 10.414395243244472 3 53.0
7 7.368660351357812 9 51.0
8 7.314189648659053 10 49.0
9 4.303227999999933 17 47.0
10 7.44328908783629 8 43.0
11 6.343002932440172 15 42.0
12 0.0 18 41.0
13 10.077918844594517 4 39.0
14 7.096628000000306 11 36.0
15 6.993803256740244 12 36.0
16 6.491953094596813 14 33.0
17 12.862742445946743 1 31.0
18 4.382600000001694 16 22.0
1 7.215418576954095 1 84.0
2 3.179587834147173 11 63.0
3 1.5235989721980856 16 55.0
4 4.723018576979134 4 54.0
5 1.761361630336817 13 54.0
6 4.178620317502692 7 53.0
7 4.512805875610839 5 51.0
8 1.6301676268339074 14 49.0
9 0.0 18 47.0
10 1.5999203175562584 15 43.0
11 3.9342109983754825 8 42.0
12 3.5798000000007644 9 41.0
13 1.1909016303599396 17 39.0
14 3.2117185769791377 10 36.0
15 2.5980832976446546 12 36.0
16 5.948733917073874 3 33.0
17 4.460289379946854 6 31.0
18 7.097591958536876 2 22.0
1 11.032296458015553 1 84.0
2 3.7801139389311373 16 63.0
3 6.040100000000598 10 55.0
4 9.28205065648853 2 54.0
5 7.5142999999998406 5 54.0
6 6.416300000000039 8 53.0
7 4.310375847328236 14 51.0
8 6.366888061068902 9 49.0
9 0.0 18 47.0
10 2.141700000000036 17 43.0
11 5.9998000000000005 11 42.0
12 6.89062775572546 6 41.0
13 4.743588061067664 12 39.0
14 7.977258030534642 4 36.0
15 8.179573557251848 3 36.0
16 4.162595969465754 15 33.0
17 6.677657999999758 7 31.0
18 4.446645969465643 13 22.0
1 7.536489999973128 5 84.0
2 2.183289999939401 15 63.0
3 6.698299999983747 8 55.0
4 8.172189999984642 2 54.0
5 5.50209000001404 9 54.0
6 8.164290000022172 3 53.0
7 6.766589999965066 7 51.0
8 8.188890000003907 1 49.0
9 0.7493899999895302 16 47.0
10 0.1294899999950916 17 43.0
11 6.924390000048517 6 42.0
12 4.329190000032057 12 41.0
13 0.0 18 39.0
14 4.687189999881408 11 36.0
15 5.480490000121479 10 36.0
16 8.016150000001069 4 33.0
17 2.2171899999915885 14 31.0
18 3.232790000022169 13 22.0
1 9.748857780976437 1 84.0
2 0.07707308123635315 17 63.0
3 2.8980933129937285 8 55.0
4 3.4419358166237015 4 54.0
5 3.1661273345078556 7 54.0
6 5.747332955341395 2 53.0
7 1.7998377884210717 12 51.0
8 4.211410371881232 3 49.0
9 2.772557780976442 9 47.0
10 0.3997053112856248 16 43.0
11 1.5909569574362539 13 42.0
12 3.2711451811492234 5 41.0
13 2.0149628794989587 10 39.0
14 0.0 18 36.0
15 1.8149515742662365 11 36.0
16 1.281985344497415 15 33.0
17 1.5286355324518723 14 31.0
18 3.1722826567141578 6 22.0
1 13.426026762768807 1 84.0
2 6.374091614497424 14 63.0
3 8.452886762769129 9 55.0
4 10.933626762767563 3 54.0
5 9.692891614498455 4 54.0
6 12.03996403624371 2 53.0
7 0.0 18 51.0
8 9.175376762767522 6 49.0
9 5.083700000000042 15 47.0
10 0.8861100000000315 17 43.0
11 8.194610000000804 11 42.0
12 8.663499999999996 7 41.0
13 4.334309999999832 16 39.0
14 7.964705485997471 13 36.0
15 8.5851129324561 8 36.0
16 8.280038385497745 10 33.0
17 9.293076762767523 5 31.0
18 8.009215140032223 12 22.0
1 6.552877312981866 3 84.0
2 0.8174084271754372 17 63.0
3 2.3840198493253717 13 55.0
4 6.413091845098329 4 54.0
5 4.073855847212264 9 54.0
6 3.344323612214006 11 53.0
7 5.6013508406036205 6 51.0
8 4.658299844039908 8 49.0
9 3.081296021676758 12 47.0
10 6.601799844041034 2 43.0
11 5.862120840603733 5 42.0
12 5.415758431140253 7 41.0
13 1.4215132421347532 14 39.0
14 0.0 18 36.0
15 4.032698847472503 10 36.0
16 1.0060263877927498 16 33.0
17 6.726498847477135 1 31.0
18 1.2441000000000013 15 22.0
1 7.007405064500302 1 84.0
2 3.0321999999999933 9 63.0
3 3.3649330031922733 7 55.0
4 2.710328644593599 11 54.0
5 3.797077389539163 5 54.0
6 4.529770523614602 2 53.0
7 1.594955263239751 13 51.0
8 0.0 18 49.0
9 3.837773003192276 4 47.0
10 0.1266199999999995 17 43.0
11 2.9769603558156703 10 42.0
12 3.2842949354997213 8 41.0
13 2.428210314725379 12 39.0
14 0.40301428288451424 15 36.0
15 1.2905981301465406 14 36.0
16 3.778247725464526 6 33.0
17 4.066539419661111 3 31.0
18 0.3638000000000017 16 22.0
1 6.9763 1 84.0
2 4.413136152573462 5 63.0
3 2.9714949213837647 16 55.0
4 5.769976948273964 3 54.0
5 3.6463769482739647 11 54.0
6 6.208274009684875 2 53.0
7 3.1339272751874 15 51.0
8 3.775608975164167 10 49.0
9 0.0 18 47.0
10 3.3821562716534004 14 43.0
11 4.092234731061302 9 42.0
12 1.6849370048424377 17 41.0
13 5.025757749024788 4 39.0
14 3.4472219966127398 13 36.0
15 3.638661733531433 12 36.0
16 4.110434019993396 8 33.0
17 4.2779782716534 6 31.0
18 4.263843084816023 7 22.0
1 6.72657816019033 2 84.0
2 3.2346095744118353 7 63.0
3 0.0 18 55.0
4 3.4569652630187684 6 54.0
5 3.5487923288395526 5 54.0
6 4.8713560388580515 3 53.0
7 2.0103081971980084 11 51.0
8 0.7224900000000067 15 49.0
9 7.183961270155963 1 47.0
10 0.8914212833729902 14 43.0
11 2.843868867301085 8 42.0
12 4.1123288673010805 4 41.0
13 2.405963936029632 10 39.0
14 2.7658454216230424 9 36.0
15 0.22417863071633093 17 36.0
16 1.3435740444091886 13 33.0
17 2.0003288673010813 12 31.0
18 0.6195800000000369 16 22.0
1 9.04058050921724 1 84.0
2 1.3428049279272685 17 63.0
3 3.339859963266233 11 55.0
4 5.4221005065081735 5 54.0
5 6.530891622601215 2 54.0
6 6.396023388189612 3 53.0
7 2.41465985688457 15 51.0
8 2.857879927918316 14 49.0
9 3.812699962637536 10 47.0
10 5.752480509132081 4 43.0
11 5.0446005096632955 7 42.0
12 3.1211746328214143 13 41.0
13 3.2092894160942436 12 39.0
14 0.0 18 36.0
15 2.215267442900956 16 36.0
16 5.266060509568286 6 33.0
17 4.760078429199456 8 31.0
18 4.574300509560102 9 22.0
1 2.055999999840234 12 84.0
2 1.1069841947312133 15 63.0
3 3.188908115172572 10 55.0
4 0.6061264433669011 17 54.0
5 4.5488783834165885 5 54.0
6 5.342237841125463 2 53.0
7 1.452299998976806 14 51.0
8 3.664062555786389 6 49.0
9 6.476584193624518 1 47.0
10 1.0747688329342497 16 43.0
11 3.506753610614486 8 42.0
12 2.2857054105949315 11 41.0
13 3.6227378413565843 7 39.0
14 4.664839276839087 4 36.0
15 0.0 18 36.0
16 4.7567259993279105 3 33.0
17 1.9548264432943434 13 31.0
18 3.2104392763695384 9 22.0
1 6.061347738082189 2 84.0
2 0.0 18 63.0
3 2.843696272766773 9 55.0
4 3.1571475542677674 5 54.0
5 6.564897021505965 1 54.0
6 4.06856977608121 3 53.0
7 1.0742251113785921 17 51.0
8 2.980766829215485 8 49.0
9 2.3564294466043822 12 47.0
10 1.7040316678111302 15 43.0
11 3.121244104237728 6 42.0
12 2.7789683230891424 10 41.0
13 1.2197649633212602 16 39.0
14 2.2946449238546727 13 36.0
15 3.058856648861724 7 36.0
16 2.0861558263001685 14 33.0
17 3.390574655821662 4 31.0
18 2.4937970221265324 11 22.0
1 10.544866666663358 4 84.0
2 7.20311000000145 13 63.0
3 8.101806666667365 9 55.0
4 7.042500000008605 14 54.0
5 11.740366000001169 3 54.0
6 9.924424000000904 5 53.0
7 7.811269999995037 10 51.0
8 8.824296666668278 6 49.0
9 12.177028000003208 2 47.0
10 7.345724000001587 12 43.0
11 8.789982000003276 7 42.0
12 4.839566666669121 17 41.0
13 7.771153333334947 11 39.0
14 0.0 18 36.0
15 8.488866666669546 8 36.0
16 6.672330000001636 15 33.0
17 13.77917000000279 1 31.0
18 6.055033333334195 16 22.0
1 10.476173048692697 1 84.0
2 3.474583813864079 7 63.0
3 2.2054089062123055 11 55.0
4 4.35393556408423 5 54.0
5 5.090002063644625 4 54.0
6 5.9559777892379655 3 53.0
7 0.7587730486927033 17 51.0
8 2.7678105333012772 9 49.0
9 0.0 18 47.0
10 2.4846064875667992 10 43.0
11 1.0195430486926957 14 42.0
12 0.8162745454544527 16 41.0
13 0.9591236363635267 15 39.0
14 3.8484118181817912 6 36.0
15 1.5092490909093055 12 36.0
16 2.943803813864219 8 33.0
17 6.726673048692657 2 31.0
18 1.2094505772765758 13 22.0
1 7.822873212646083 1 84.0
2 3.7746891022118674 9 63.0
3 2.5098734394733944 15 55.0
4 4.453177938237731 6 54.0
5 4.679994514005617 5 54.0
6 4.852891947566389 4 53.0
7 2.4132 16 51.0
8 2.7930353850350205 13 49.0
9 6.666050973783196 2 47.0
10 0.0 18 43.0
11 4.171868487054439 7 42.0
12 3.1962721297222325 12 41.0
13 3.851163462432907 8 39.0
14 1.0044945140056227 17 36.0
15 3.6590996648338723 10 36.0
16 3.2651994293220725 11 33.0
17 5.8784239488690115 3 31.0
18 2.6880497309541633 14 22.0
1 8.721897278933088 1 84.0
2 4.515070000337858 6 63.0
3 5.618545454654852 4 55.0
4 3.905447274876887 8 54.0
5 7.092745455994374 2 54.0
6 0.0 18 53.0
7 4.43529727204317 7 51.0
8 3.20128090955881 12 49.0
9 0.9823100020621083 17 47.0
10 4.533597271751563 5 43.0
11 3.825717273215432 9 42.0
12 3.217049087334356 11 41.0
13 1.5779809082833842 16 39.0
14 3.7757099999252532 10 36.0
15 3.130895455756521 13 36.0
16 1.6308418210483722 15 33.0
17 5.872597272102501 3 31.0
18 3.0216454490387026 14 22.0
1 5.576215776809384 1 84.0
2 4.096715776809391 2 63.0
3 1.4831590858279655 10 55.0
4 3.6933212277377865 3 54.0
5 2.557251362258427 5 54.0
6 1.5939602690413028 9 53.0
7 1.4133212277377907 11 51.0
8 1.6952862428950293 8 49.0
9 0.3618793738158652 17 47.0
10 2.4590885591132974 6 43.0
11 0.912396242895013 14 42.0
12 2.9757999999999356 4 41.0
13 0.0 18 39.0
14 1.3263896115952982 12 36.0
15 0.9169424554755212 13 36.0
16 1.9844412277377683 7 33.0
17 0.5086194609700536 16 31.0
18 0.6655985022735811 15 22.0
1 7.272620000013532 11 84.0
2 9.673846666696896 6 63.0
3 14.219656666696899 1 55.0
4 8.703345000029861 9 54.0
5 7.404059999991785 10 54.0
6 5.1359600000043475 14 53.0
7 10.142256666699847 3 51.0
8 6.6283000000043435 13 49.0
9 9.858802500032391 5 47.0
10 3.4186600000074296 15 43.0
11 9.878203333365073 4 42.0
12 2.1120000001811823 16 41.0
13 11.28968750003028 2 39.0
14 0.5889700000356797 17 36.0
15 9.214780000022555 7 36.0
16 7.101680000039888 12 33.0
17 0.0 18 31.0
18 8.915687500032911 8 22.0
1 5.679386148239025 1 84.0
2 2.8051184289039846 7 63.0
3 0.8041709453695558 16 55.0
4 3.3501684404337126 4 54.0
5 4.19357248617127 2 54.0
6 3.5563985385320174 3 53.0
7 2.0696368808766517 10 51.0
8 2.7178918907361944 8 49.0
9 0.7351806142064907 17 47.0
10 1.1286684404322747 15 43.0
11 3.1262328361189704 6 42.0
12 1.9635730635839987 12 41.0
13 3.151880210371953 5 39.0
14 2.0233265502254243 11 36.0
15 0.0 18 36.0
16 2.1976897159193842 9 33.0
17 1.7594661862803054 13 31.0
18 1.4557898863244323 14 22.0
1 6.464365271485441 1 84.0
2 2.9201481266464038 8 63.0
3 2.221765271485853 12 55.0
4 3.9719652714855163 3 54.0
5 4.642815262348216 2 54.0
6 2.8804619321381817 9 53.0
7 2.322486384760533 11 51.0
8 2.070735561042416 13 49.0
9 3.86277193211604 4 47.0
10 0.0 18 43.0
11 3.52585325790593 6 42.0
12 2.808055271443948 10 41.0
13 0.4966086018062792 17 39.0
14 0.5869052714839929 16 36.0
15 3.5673708280264327 5 36.0
16 1.4601552714954178 14 33.0
17 3.061955271483656 7 31.0
18 0.9669647375939481 15 22.0
1 9.158123488974942 1 84.0
2 3.323113617307256 16 63.0
3 5.3131141600793645 8 55.0
4 7.782237914039746 3 54.0
5 7.819737687457996 2 54.0
6 6.644118824527151 5 53.0
7 4.701280022402152 11 51.0
8 7.607620701507342 4 49.0
9 3.6499897782187083 15 47.0
10 4.599855126572148 12 43.0
11 4.737876511025059 10 42.0
12 3.2494999999999967 17 41.0
13 4.092434429865264 14 39.0
14 0.0 18 36.0
15 5.193843775722468 9 36.0
16 5.885238266713602 7 33.0
17 4.205288266713605 13 31.0
18 6.169288266713603 6 22.0
1 6.292211007881766 1 84.0
2 0.7665846736054476 15 63.0
3 3.3285717433526605 6 55.0
4 0.0 18 54.0
5 4.129658813100026 3 54.0
6 4.360084673605394 2 53.0
7 0.7687699999999007 14 51.0
8 3.849230349554826 4 49.0
9 2.6149372506608493 9 47.0
10 3.063315290162421 8 43.0
11 1.7002034369246388 13 42.0
12 2.465944984903713 10 41.0
13 0.5372578407435662 16 39.0
14 0.25464034700608096 17 36.0
15 3.5690870162214927 5 36.0
16 2.1930911177822785 12 33.0
17 3.2011701735030678 7 31.0
18 2.262405182901694 11 22.0
1 4.818737824056338 2 84.0
2 3.192949346076274 6 63.0
3 2.038721534651817 12 55.0
4 3.6507286225331077 4 54.0
5 4.970761761494745 1 54.0
6 1.4184819435070444 15 53.0
7 1.779695647064317 13 51.0
8 3.021452820448616 8 49.0
9 2.281481943507046 10 47.0
10 2.711037898989944 9 43.0
11 1.0019819435070454 17 42.0
12 1.303241179962393 16 41.0
13 3.184035290651328 7 39.0
14 0.0 18 36.0
15 1.4464425914409322 14 36.0
16 2.2652052452472935 11 33.0
17 3.7125671071803685 3 31.0
18 3.411189993832913 5 22.0
1 10.47478998189167 1 84.0
2 5.91715949787704 13 63.0
3 5.616881804862787 14 55.0
4 7.277404973452079 7 54.0
5 7.091081804862752 9 54.0
6 9.411822029957923 2 53.0
7 2.960000000000002 17 51.0
8 4.9185699238669836 16 49.0
9 8.622704973452137 3 47.0
10 7.603267537894193 5 43.0
11 7.349210432147912 6 42.0
12 5.478400000000002 15 41.0
13 6.685174905209985 11 39.0
14 0.0 18 36.0
15 6.686605058573242 10 36.0
16 6.160368042871227 12 33.0
17 7.882747844530856 4 31.0
18 7.227808208808463 8 22.0
1 5.127234059636887 2 84.0
2 0.12433403260021425 17 63.0
3 1.6381568567634717 12 55.0
4 4.216887513711916 3 54.0
5 3.7199248883888902 4 54.0
6 3.4830864586014627 7 53.0
7 0.8464019362702679 14 51.0
8 1.7397239828662228 10 49.0
9 3.5165698388601494 6 47.0
10 2.3415604520205293 9 43.0
11 1.7167002426403872 11 42.0
12 1.3549485333607896 13 41.0
13 3.223689049214716 8 39.0
14 0.0 18 36.0
15 0.20005941124395976 16 36.0
16 0.23340201630011004 15 33.0
17 6.1899447249910935 1 31.0
18 3.5959418388601474 5 22.0
1 10.16147000000031 1 84.0
2 2.855655833333042 15 63.0
3 4.700255833353056 10 55.0
4 7.042499999992997 3 54.0
5 6.17445583332899 6 54.0
6 6.550542500015674 4 53.0
7 1.5383491666816798 17 51.0
8 2.4358700000003086 16 49.0
9 4.324970500015674 12 47.0
10 5.278830000016123 8 43.0
11 3.338270000000309 14 42.0
12 5.603455833332378 7 41.0
13 6.390670000028148 5 39.0
14 0.0 18 36.0
15 3.78959750001305 13 36.0
16 5.09846999999093 9 33.0
17 8.391200000000003 2 31.0
18 4.404342499881562 11 22.0
1 7.697705713087251 1 84.0
2 5.8033670308877365 5 63.0
3 3.257576428271813 14 55.0
4 4.5339080079697975 7 54.0
5 4.067836804949665 9 54.0
6 6.448981576342282 2 53.0
7 0.6979235717281869 17 51.0
8 5.736131576342282 6 49.0
9 3.7865568049496643 11 47.0
10 0.0 18 43.0
11 5.829747939978647 4 42.0
12 3.232870713506712 15 41.0
13 4.025911053691275 10 39.0
14 4.132178849069555 8 36.0
15 2.341045302432888 16 36.0
16 6.432884303615012 3 33.0
17 3.372872556208053 13 31.0
18 3.76738913464765 12 22.0
1 10.78149703914763 1 84.0
2 6.663512533376384 7 63.0
3 5.218339140527878 14 55.0
4 8.780116297199132 2 54.0
5 5.634152682056627 12 54.0
6 7.1612686368552785 4 53.0
7 0.0 18 51.0
8 6.370921544918912 8 49.0
9 5.978132569053223 10 47.0
10 7.90902363935748 3 43.0
11 6.253197039147625 9 42.0
12 2.5184000000000206 17 41.0
13 5.44176863685528 13 39.0
14 3.327842718863512 16 36.0
15 6.765533157801297 5 36.0
16 4.740670659455979 15 33.0
17 5.9679000000000055 11 31.0
18 6.680547317943309 6 22.0
1 6.167703000003078 4 84.0
2 3.0969929999999977 11 63.0
3 5.171683000002718 6 55.0
4 7.647383000001046 2 54.0
5 5.03420300000438 7 54.0
6 7.2107830000022055 3 53.0
7 1.8811029999984972 14 51.0
8 0.06479300001442256 17 49.0
9 4.263343000001518 8 47.0
10 5.915463000003218 5 43.0
11 2.1418730000113726 13 42.0
12 3.101383000002356 10 41.0
13 3.175273000008873 9 39.0
14 2.2556730000088745 12 36.0
15 0.0 18 36.0
16 0.517223000008876 16 33.0
17 8.154663000002115 1 31.0
18 0.8012729999682762 15 22.0
1 7.6920299412487925 2 84.0
2 3.6597258620010633 11 63.0
3 3.984112637320389 10 55.0
4 3.2673613512278337 13 54.0
5 7.493572875633966 3 54.0
6 6.947024733088961 4 53.0
7 2.667056128450107 14 51.0
8 1.9412692143532198 16 49.0
9 7.929334733089005 1 47.0
10 5.74718636267572 6 43.0
11 5.779153952564142 5 42.0
12 4.375264093685258 9 41.0
13 3.322227923915956 12 39.0
14 0.0 18 36.0
15 1.9904189773292815 15 36.0
16 1.1661938715498743 17 33.0
17 5.281987006863584 7 31.0
18 5.244518772787334 8 22.0
1 11.7573211764709 1 84.0
2 3.4013620588217397 17 63.0
3 6.076397941175768 12 55.0
4 9.068094117645037 5 54.0
5 6.720162058823961 10 54.0
6 8.321896176465282 7 53.0
7 0.0 18 51.0
8 10.292436764705032 3 49.0
9 5.6562855882352086 14 47.0
10 11.360672352944277 2 43.0
11 9.777527941165982 4 42.0
12 6.149162058830044 11 41.0
13 6.978629411771305 9 39.0
14 3.4632288235306117 16 36.0
15 4.149364411764385 15 36.0
16 7.153197058825205 8 33.0
17 5.967900000000233 13 31.0
18 8.436927941178741 6 22.0
1 7.809304817884171 1 84.0
2 1.824923349052191 14 63.0
3 3.3257178584368896 7 55.0
4 1.9262685517713485 13 54.0
5 4.7544960517735015 4 54.0
6 2.009147591060522 11 53.0
7 1.2883549245184267 16 51.0
8 5.683046051764641 3 49.0
9 6.372054924534549 2 47.0
10 0.4167855463447445 17 43.0
11 3.570652408941897 6 42.0
12 1.5992368772046415 15 41.0
13 0.0 18 39.0
14 2.0905417735662963 9 36.0
15 3.6519417735671125 5 36.0
16 2.456657226821957 8 33.0
17 2.0787786599597693 10 31.0
18 1.9570065093547875 12 22.0
1 4.719457833552133 1 84.0
2 0.1446472003998278 17 63.0
3 1.589287167473227 11 55.0
4 2.4004224694888827 5 54.0
5 1.7594157446949734 9 54.0
6 1.830668125128453 8 53.0
7 0.8653362580237102 14 51.0
8 1.2762698379161246 12 49.0
9 2.3838808979082766 6 47.0
10 0.6740299693441303 15 43.0
11 2.410583295223529 4 42.0
12 3.228644938977766 3 41.0
13 1.72353757177311 10 39.0
14 0.18601458093932477 16 36.0
15 1.2177182080547202 13 36.0
16 1.904829188114076 7 33.0
17 3.9115182080547197 2 31.0
18 0.0 18 22.0
1 6.1067476459821926 2 84.0
2 2.5496414406533026 9 63.0
3 0.45743902896532207 17 55.0
4 3.0131978595493383 6 54.0
5 7.328739440043471 1 54.0
6 3.743779236545408 3 53.0
7 0.0 18 51.0
8 3.1882348476264593 5 49.0
9 1.6914654074322706 12 47.0
10 2.9354299033254487 7 43.0
11 2.2888763571290616 10 42.0
12 1.776522279593689 11 41.0
13 1.039100000000872 15 39.0
14 2.6739489767608697 8 36.0
15 0.7644401983816929 16 36.0
16 1.0437476459807153 14 33.0
17 1.3976213332516456 13 31.0
18 3.548662375476326 4 22.0
1 5.097323507759866 1 84.0
2 0.8326831899584162 15 63.0
3 4.067783189934717 3 55.0
4 3.3821012096010046 6 54.0
5 3.6073449890126033 5 54.0
6 3.0698908699500667 7 53.0
7 1.5376825082615793 12 51.0
8 1.8028728938752057 10 49.0
9 4.413008911002898 2 47.0
10 1.303117089145854 13 43.0
11 1.6114264374249927 11 42.0
12 0.1861159742922598 17 41.0
13 0.8601407715714484 14 39.0
14 0.0 18 36.0
15 2.150195931600635 9 36.0
16 2.3925689798734253 8 33.0
17 3.853563469589944 4 31.0
18 0.6143836643557576 16 22.0
1 5.369459539098969 3 84.0
2 3.075189932853224 10 63.0
3 1.3184345096739123 15 55.0
4 4.2703814150201795 6 54.0
5 3.7437704777582606 8 54.0
6 5.21797838994971 5 53.0
7 2.781196734365105 12 51.0
8 2.9807260125255137 11 49.0
9 8.444789932853222 1 47.0
10 0.7078800000000012 17 43.0
11 0.0 18 42.0
12 6.4047631591227105 2 41.0
13 3.5638532788711705 9 39.0
14 1.200914953517537 16 36.0
15 2.7009656656974523 13 36.0
16 4.079754550634129 7 33.0
17 5.269871767611288 4 31.0
18 1.4617676043276493 14 22.0
1 6.170505283022193 2 84.0
2 5.9766539622645585 3 63.0
3 0.9649367924528183 16 55.0
4 5.268648113203499 5 54.0
5 5.049203018866944 7 54.0
6 2.948405283017768 12 53.0
7 0.0 18 51.0
8 1.6874267924522897 13 49.0
9 4.740426792452396 8 47.0
10 5.075454150942413 6 43.0
11 1.2873673584888827 15 42.0
12 1.491802641508099 14 41.0
13 5.566229811320418 4 39.0
14 4.646629811320418 9 36.0
15 3.185455660379425 11 36.0
16 0.4005962264141685 17 33.0
17 6.603752641509566 1 31.0
18 3.192229811319475 10 22.0
1 8.477742163784548 1 84.0
2 0.0 18 63.0
3 4.245882123663506 12 55.0
4 6.388559187358516 4 54.0
5 4.668176210895684 10 54.0
6 6.877344762925543 3 53.0
7 0.16848212382967276 17 51.0
8 5.852462582170473 7 49.0
9 4.787895000212765 8 47.0
10 1.6485821238042644 16 43.0
11 4.658449445049757 11 42.0
12 7.976105000032808 2 41.0
13 2.9559421639664736 15 39.0
14 6.185544762613362 5 36.0
15 3.7520099992992053 13 36.0
16 3.0097821238341034 14 33.0
17 5.864105000252935 6 31.0
18 4.7311447625439715 9 22.0
1 11.134369722680265 5 84.0
2 0.0 18 63.0
3 6.711393467682127 11 55.0
4 11.39571682373613 4 54.0
5 13.346685423030818 1 54.0
6 12.642562524088923 2 53.0
7 4.496688689775096 17 51.0
8 7.354579642770824 9 49.0
9 5.185829930669511 16 47.0
10 9.298079642772867 7 43.0
11 7.007646768508116 10 42.0
12 5.989293924800194 14 41.0
13 6.558541548765971 12 39.0
14 11.801301123383643 3 36.0
15 8.374478224440052 8 36.0
16 6.093603454757863 13 33.0
17 5.466170069325787 15 31.0
18 10.346901123383736 6 22.0
1 10.52747925486062 1 84.0
2 5.624289358626163 8 63.0
3 2.7506713608814097 15 55.0
4 6.1450563499448485 6 54.0
5 7.152020312560987 3 54.0
6 5.33940000000182 10 53.0
7 4.893359254865354 11 51.0
8 4.061262721763432 14 49.0
9 7.114262721760111 4 47.0
10 2.6505467862729644 16 43.0
11 6.257222636744925 5 42.0
12 4.550356349940247 12 41.0
13 6.098746786270455 7 39.0
14 1.8622999999912282 17 36.0
15 0.0 18 36.0
16 5.464479254859742 9 33.0
17 8.272354754016437 2 31.0
18 4.223418239045112 13 22.0
1 10.409361856376076 3 84.0
2 5.582696990715061 11 63.0
3 5.203218392772253 13 55.0
4 6.787686785531964 9 54.0
5 11.233576990718005 1 54.0
6 8.085396521734728 5 53.0
7 4.984648470932359 14 51.0
8 3.738588851974933 16 49.0
9 10.952296990718828 2 47.0
10 0.0 18 43.0
11 7.019175241813963 7 42.0
12 5.4730999999998815 12 41.0
13 4.8856350854933925 15 39.0
14 2.2236000000000278 17 36.0
15 5.590278392769498 10 36.0
16 7.815392686860568 6 33.0
17 8.495376878372692 4 31.0
18 6.810186785541229 8 22.0
1 6.037920034243305 1 84.0
2 2.1350234799910313 11 63.0
3 2.7489832263613714 5 55.0
4 2.461191636039423 9 54.0
5 2.7710976147573594 4 54.0
6 4.491043239547697 2 53.0
7 1.7210824698528868 16 51.0
8 2.065458223749864 13 49.0
9 2.7428630589478225 6 47.0
10 1.7384545132108236 15 43.0
11 1.7125888148830453 17 42.0
12 2.673615609234107 7 41.0
13 2.213400000000002 10 39.0
14 2.944560641348843 3 36.0
15 0.0 18 36.0
16 2.0744685986603635 12 33.0
17 1.8827267064788658 14 31.0
18 2.5187319658845717 8 22.0
1 5.35960729231528 1 84.0
2 0.0 18 63.0
3 3.0710405633024136 5 55.0
4 2.46582328176617 7 54.0
5 3.874513079270012 2 54.0
6 2.4564342665426766 8 53.0
7 0.782186470728331 12 51.0
8 3.517520511331531 4 49.0
9 3.727256130417781 3 47.0
10 1.345364996186237 11 43.0
11 1.6681130792705878 10 42.0
12 0.31302327719206136 16 41.0
13 0.44842240266713174 15 39.0
14 0.1990130792698992 17 36.0
15 2.0096753965490315 9 36.0
16 2.8690481805181003 6 33.0
17 0.5537843240581528 14 31.0
18 0.7211761442509599 13 22.0
1 9.476103835616524 5 84.0
2 10.77620684931492 2 63.0
3 5.879482739725991 13 55.0
4 9.091004109589125 6 54.0
5 7.9421164383557805 7 54.0
6 11.775916438356132 1 53.0
7 9.85977410958901 3 51.0
8 7.744006849315691 8 49.0
9 5.174791232876753 15 47.0
10 4.337182739726019 17 43.0
11 6.570278630136705 10 42.0
12 0.0 18 41.0
13 6.7566 9 39.0
14 5.837000000000134 14 36.0
15 6.4365164383562705 11 36.0
16 9.670785479451842 4 33.0
17 5.983851369862966 12 31.0
18 4.382599999999917 16 22.0
1 4.9713453365682225 4 84.0
2 2.453621135458239 12 63.0
3 3.371645638619098 8 55.0
4 3.801694069235655 6 54.0
5 5.12442196884475 3 54.0
6 5.302508446847728 1 53.0
7 0.8190212220241992 17 51.0
8 2.1687837981822344 14 49.0
9 4.453413989241105 5 47.0
10 1.98208583222568 15 43.0
11 3.794857486707219 7 42.0
12 1.8835451797435072 16 41.0
13 2.2133999972295695 13 39.0
14 3.0838896321302145 9 36.0
15 0.0 18 36.0
16 2.6120235489394505 10 33.0
17 5.162286609408509 2 31.0
18 2.541419018313724 11 22.0
1 5.144063638797094 1 84.0
2 0.8120948989920496 16 63.0
3 1.6998778291046732 12 55.0
4 3.9940343499790947 2 54.0
5 2.0083388671847753 10 54.0
6 3.292362027057449 4 53.0
7 0.0 18 51.0
8 0.5281429627572511 17 49.0
9 2.3647675212341226 6 47.0
10 2.148514787251289 7 43.0
11 2.6094636387970906 5 42.0
12 1.0909362315665814 14 41.0
13 1.0391000000000399 15 39.0
14 1.140363638797076 13 36.0
15 2.019227563618002 9 36.0
16 1.8347655024952705 11 33.0
17 3.704711338024479 3 31.0
18 2.085817244687276 8 22.0
1 5.688699566115369 1 84.0
2 4.090206272054105 5 63.0
3 1.2262128697956676 17 55.0
4 3.9124709289625645 7 54.0
5 4.862499783057685 2 54.0
6 4.019304437384791 6 53.0
7 2.687445644317476 11 51.0
8 2.3880405154539783 12 49.0
9 1.3932379115935527 16 47.0
10 1.9819992415285852 14 43.0
11 2.2204028697956675 13 42.0
12 0.0 18 41.0
13 2.981431615145604 10 39.0
14 4.250742083595755 4 36.0
15 3.034156831692665 9 36.0
16 3.4387171759699284 8 33.0
17 4.366691839456664 3 31.0
18 1.408505739591334 15 22.0
1 8.088843907667634 1 84.0
2 0.10963551725241105 17 63.0
3 0.0 18 55.0
4 1.7526462068982034 12 54.0
5 6.27929390806047 2 54.0
6 4.6959605747634345 3 53.0
7 0.5780455171937295 14 51.0
8 0.36324390799315864 16 49.0
9 3.416243908008629 6 47.0
10 2.1172605746586366 11 43.0
11 3.7313272426124766 4 42.0
12 2.857435516946846 8 41.0
13 0.377762413500792 15 39.0
14 2.4330105744190944 9 36.0
15 3.5927272411352957 5 36.0
16 3.025843908073958 7 33.0
17 1.5632437928155711 13 31.0
18 2.378977241312218 10 22.0
1 4.811863280708711 4 84.0
2 0.18369624836785103 17 63.0
3 2.4090904600243905 9 55.0
4 2.082524826641052 11 54.0
5 5.952863280708742 3 54.0
6 2.9792078837583125 6 53.0
7 2.289508038934263 10 51.0
8 4.53695048959197 5 49.0
9 7.481579264263108 1 47.0
10 0.4005078837582454 16 43.0
11 6.202079264263112 2 42.0
12 1.503423368979896 14 41.0
13 1.6578776433326967 12 39.0
14 1.504648835532907 13 36.0
15 2.493081571830896 8 36.0
16 1.1598189528320995 15 33.0
17 2.6397078837583114 7 31.0
18 0.0 18 22.0
1 7.207531057011595 1 84.0
2 0.0 18 63.0
3 4.473892447091397 5 55.0
4 5.153294670559324 3 54.0
5 5.016312504046184 4 54.0
6 4.243066462127759 6 53.0
7 1.86066977664571 15 51.0
8 4.112605825325535 7 49.0
9 2.2137492438969226 12 47.0
10 2.7062075646285013 10 43.0
11 3.905494670559327 9 42.0
12 2.173405317152713 13 41.0
13 1.9523617764901366 14 39.0
14 1.340812504046169 16 36.0
15 2.6447467455314846 11 36.0
16 0.8255053171527091 17 33.0
17 4.04360755290861 8 31.0
18 5.458260882235667 2 22.0
1 6.480081804724757 4 84.0
2 5.000581803839008 5 63.0
3 1.9584932644031852 13 55.0
4 4.207880340183633 6 54.0
5 7.001902676211295 2 54.0
6 3.575182960075122 7 53.0
7 1.636922677402459 14 51.0
8 7.930452676161759 1 49.0
9 6.720622675935216 3 47.0
10 2.7116868959057143 10 43.0
11 2.3138914791860055 12 42.0
12 2.6131803440206833 11 41.0
13 3.556050344022719 8 39.0
14 0.0 18 36.0
15 0.8360934465994703 17 36.0
16 1.1968832643880631 16 33.0
17 2.798683264406165 9 31.0
18 1.2607347241451472 15 22.0
1 7.021870546023488 1 84.0
2 0.705977119387224 15 63.0
3 3.59285890801819 6 55.0
4 2.7314123949743108 8 54.0
5 2.507468987341564 10 54.0
6 4.299477119371241 4 53.0
7 0.5141477976863893 16 51.0
8 1.436137119385026 14 49.0
9 0.0 18 47.0
10 2.0961294539984103 12 43.0
11 5.024889061139507 2 42.0
12 2.5607691349344175 9 41.0
13 1.9370089873655936 13 39.0
14 4.651456385428963 3 36.0
15 0.4983751480338805 17 36.0
16 2.466065651487307 11 33.0
17 4.294865251293306 5 31.0
18 3.197056385448891 7 22.0
1 5.345080570782647 1 84.0
2 0.10182380173443861 17 63.0
3 2.6532758893314634 4 55.0
4 2.2394895375217416 9 54.0
5 2.7959523282302903 3 54.0
6 2.567480191955333 5 53.0
7 0.45731383608056486 16 51.0
8 1.3235293685109029 14 49.0
9 1.349292869253793 13 47.0
10 0.0 18 43.0
11 2.564644436898952 6 42.0
12 2.354292026494149 7 41.0
13 0.8598396160893471 15 39.0
14 2.0180553451151493 10 36.0
15 2.7971238017344486 2 36.0
16 1.8907235944733831 11 33.0
17 2.2504198080446716 8 31.0
18 1.841524447309168 12 22.0
1 9.10217290190916 1 84.0
2 4.386154520079008 11 63.0
3 5.886401901250828 4 55.0
4 4.393954315997371 10 54.0
5 6.504114308097439 2 54.0
6 4.569916563528642 8 53.0
7 2.1501740961158697 16 51.0
8 4.1001370480579356 13 49.0
9 6.012743127057279 3 47.0
10 5.6361004542462165 5 43.0
11 4.687769001974985 7 42.0
12 0.0 18 41.0
13 4.502738721527327 9 39.0
14 1.7960463884134308 17 36.0
15 3.357446388413445 14 36.0
16 4.309129706385788 12 33.0
17 5.082716097432526 6 31.0
18 2.4237165635286395 15 22.0
1 2.6598924057783226 14 84.0
2 3.265441288485741 13 63.0
3 4.53126335403189 6 55.0
4 5.67222917033214 2 54.0
5 5.4447128684779456 4 54.0
6 4.122979160413884 8 53.0
7 3.8721264519189442 10 51.0
8 2.0702724057785895 17 49.0
9 5.415252780508877 5 47.0
10 2.5741722949549337 15 43.0
11 3.520291288486507 11 42.0
12 5.681520644243314 1 41.0
13 2.37399999999999 16 39.0
14 3.4493529038377777 12 36.0
15 3.983110347132454 9 36.0
16 4.218748111254831 7 33.0
17 5.572715827080551 3 31.0
18 0.0 18 22.0
1 4.9899010269778685 1 84.0
2 0.413704280368671 16 63.0
3 4.476860387688448 4 55.0
4 3.491440902512439 6 54.0
5 4.506237179722027 3 54.0
6 4.730257335051162 2 53.0
7 1.1099297795414906 14 51.0
8 2.94376051218801 9 49.0
9 4.239230995835793 5 47.0
10 0.0 18 43.0
11 2.0862648742337324 13 42.0
12 2.0986685804865344 12 41.0
13 3.2652600776646157 7 39.0
14 0.452752396278433 15 36.0
15 3.1656163651685643 8 36.0
16 2.2275628202781914 10 33.0
17 0.2489526932109194 17 31.0
18 2.212952693210944 11 22.0
1 4.102124971024197 2 84.0
2 2.25034119500205 8 63.0
3 1.3820472450516825 14 55.0
4 2.9146312002629635 5 54.0
5 3.906520943685396 3 54.0
6 5.44257238772845 1 53.0
7 1.6391155860045032 11 51.0
8 2.5105516898133233 6 49.0
9 1.398654009182536 13 47.0
10 1.6980957261813205 10 43.0
11 1.5051790563146037 12 42.0
12 1.3413621846245938 15 41.0
13 2.262801200262965 7 39.0
14 1.3004056560929116 16 36.0
15 2.046124971024196 9 36.0
16 0.8954511013414923 17 33.0
17 3.3992400180583893 4 31.0
18 0.0 18 22.0
1 8.105237024353267 1 84.0
2 0.6703458023350026 16 63.0
3 3.5930270770205004 9 55.0
4 4.753643376875554 4 54.0
5 5.372600000000007 2 54.0
6 4.929173376875553 3 53.0
7 0.30908765637220625 17 51.0
8 0.671001935868853 15 49.0
9 3.7240019358688294 8 47.0
10 0.0 18 43.0
11 2.7189345896052783 11 42.0
12 2.6858070506868925 12 41.0
13 4.193173779917858 5 39.0
14 4.0123970073082065 7 36.0
15 2.349344184504229 14 36.0
16 2.59494801218769 13 33.0
17 4.1590070150647325 6 31.0
18 2.974190987110634 10 22.0
1 7.497482447804173 2 84.0
2 3.268617552195828 6 63.0
3 5.678312289416835 4 55.0
4 2.282417055435575 13 54.0
5 1.5554111663066865 15 54.0
6 2.457947055435555 11 53.0
7 3.198936868250532 7 51.0
8 5.84792855291576 3 49.0
9 8.282636868250536 1 47.0
10 0.32993938804896494 17 43.0
11 4.005104658027351 5 42.0
12 0.0 18 41.0
13 2.3815452771778163 12 39.0
14 2.553539388048948 10 36.0
15 2.806570763138943 8 36.0
16 1.0709865010798985 16 33.0
17 2.5691393880489475 9 31.0
18 1.9637134989200575 14 22.0
1 5.705299999969167 1 84.0
2 4.937963388514705 3 63.0
3 3.3532871340024357 10 55.0
4 2.934000793180478 13 54.0
5 5.335331201948163 2 54.0
6 4.745175269890409 6 53.0
7 1.3508525780748992 17 51.0
8 1.9563079977373528 15 49.0
9 3.842594381734564 8 47.0
10 2.417200000000986 14 43.0
11 4.836519337834159 5 42.0
12 0.0 18 41.0
13 1.678630165540818 16 39.0
14 4.91076677702083 4 36.0
15 3.2160358183410787 12 36.0
16 3.7783999999948756 9 33.0
17 4.282700793161223 7 31.0
18 3.301352578066971 11 22.0
1 8.045759061962942 1 84.0
2 0.7113040931071786 17 63.0
3 3.0550316933797106 10 55.0
4 3.3970848367581272 7 54.0
5 2.894069777876782 11 54.0
6 7.82725833429418 2 53.0
7 1.2280521253782828 16 51.0
8 3.3917784253115117 8 49.0
9 4.432775897012094 4 47.0
10 0.0 18 43.0
11 1.7802132599866354 14 42.0
12 1.7281742702069738 15 41.0
13 6.1077583342941795 3 39.0
14 3.749011014762202 5 36.0
15 2.4878583342941853 12 36.0
16 1.9906422516476765 13 33.0
17 3.1600410147621933 9 31.0
18 3.5380758722782906 6 22.0
1 7.629218966462551 1 84.0
2 6.149718966462345 2 63.0
3 3.5745002579815406 7 55.0
4 4.1585656449533825 5 54.0
5 2.8685989664625167 10 54.0
6 4.334095644952072 4 53.0
7 0.0 18 51.0
8 3.1175189664623875 9 49.0
9 3.3497330748151253 8 47.0
10 0.2853640712670469 17 43.0
11 1.5402746130275855 14 42.0
12 2.0694073057081783 13 41.0
13 3.63375375362787 6 39.0
14 2.1009665188650413 12 36.0
15 1.320543435988266 15 36.0
16 2.566218966461587 11 33.0
17 5.191295128990527 3 31.0
18 1.0303519413098408 16 22.0
1 9.891208754297272 1 84.0
2 7.4937999999999985 6 63.0
3 5.5932575065722965 11 55.0
4 9.324688547017193 2 54.0
5 8.21136290596562 4 54.0
6 4.7533400000000015 14 53.0
7 4.0997600000000025 16 51.0
8 4.461600000000003 15 49.0
9 5.808716270980785 10 47.0
10 7.5123043771486335 5 43.0
11 8.657845622851367 3 42.0
12 0.0 18 41.0
13 5.976733962588471 7 39.0
14 4.9783131314459 13 36.0
15 2.6474600000000024 17 36.0
16 5.897540000000003 8 33.0
17 5.861597717896866 9 31.0
18 5.014175588473203 12 22.0
1 1.9419800000579137 14 84.0
2 0.4624800014241468 16 63.0
3 8.80708920023313 2 55.0
4 0.05310000026545403 17 54.0
5 6.928791401509787 4 54.0
6 6.426789199372585 5 53.0
7 4.354889599883983 10 51.0
8 2.7790800009135417 13 49.0
9 5.832079996796369 6 47.0
10 3.8480892004422427 11 43.0
11 5.194857800761135 8 42.0
12 9.41188000091353 1 41.0
13 0.0 18 39.0
14 3.489524599883985 12 36.0
15 5.205270600036474 7 36.0
16 7.570989200485089 3 33.0
17 1.4018000003402284 15 31.0
18 5.096020601622712 9 22.0
1 7.480419077061938 1 84.0
2 0.6507447281323637 16 63.0
3 4.4923320446991255 10 55.0
4 5.485977682749169 4 54.0
5 4.651677800871207 9 54.0
6 5.799226038494889 3 53.0
7 3.6289597882472626 13 51.0
8 5.397524922785165 5 49.0
9 5.037214758856337 6 47.0
10 2.4729594255407568 15 43.0
11 4.860233035392772 8 42.0
12 0.14481054078039746 17 41.0
13 4.095086645244786 11 39.0
14 0.0 18 36.0
15 3.671947503737515 12 36.0
16 6.943426038494891 2 33.0
17 4.991067223057996 7 31.0
18 2.8452063177324707 14 22.0
1 6.342785664173693 1 84.0
2 0.5117016259283012 17 63.0
3 3.0479006996775224 9 55.0
4 4.061818765769269 7 54.0
5 4.1095270650518385 4 54.0
6 4.071137994375068 6 53.0
7 0.6059667831745479 16 51.0
8 1.6233000000000009 14 49.0
9 4.107272504175376 5 47.0
10 1.4924379943750592 15 43.0
11 2.3142522149714817 13 42.0
12 2.795742774471906 11 41.0
13 0.0 18 39.0
14 2.9177094835926116 10 36.0
15 6.252242774471906 2 36.0
16 3.8520006260438433 8 33.0
17 4.143737450893372 3 31.0
18 2.7936793739561514 12 22.0
1 4.160901428570478 3 84.0
2 1.5069542857106826 13 63.0
3 1.7397157142885613 12 55.0
4 0.0 18 54.0
5 2.6119014285566986 10 54.0
6 3.778815714250879 5 53.0
7 1.4014400000024658 14 51.0
8 3.5712814285490424 6 49.0
9 3.876129999996106 4 47.0
10 5.514781428570476 2 43.0
11 2.7883914286259377 9 42.0
12 7.455929999995744 1 41.0
13 2.059315714287047 11 39.0
14 1.3415185714145001 16 36.0
15 3.42194999999452 7 36.0
16 0.5036157142802344 17 33.0
17 1.3486999999726417 15 31.0
18 3.3127000000012274 8 22.0
1 8.111581818174999 1 84.0
2 4.784529696953355 9 63.0
3 2.9204351515097766 13 55.0
4 5.53158242423338 6 54.0
5 7.846093939379176 2 54.0
6 5.475020000000003 7 53.0
7 0.0 18 51.0
8 0.9850000000000021 17 49.0
9 1.4562260606009638 16 47.0
10 3.5979260605996997 12 43.0
11 5.039379696966429 8 42.0
12 5.655858787885671 5 41.0
13 2.5897818181770305 14 39.0
14 4.107881818182899 10 36.0
15 5.698141212130201 4 36.0
16 1.4909584848431097 15 33.0
17 5.967899999965771 3 31.0
18 3.835106060605349 11 22.0
1 10.59298588888906 4 84.0
2 0.46247999999893175 17 63.0
3 2.5151399999989374 16 55.0
4 10.986800000009634 3 54.0
5 8.11226411111051 10 54.0
6 11.01026411108456 2 53.0
7 8.058964111116502 11 51.0
8 10.003365888882346 5 49.0
9 9.592519444441697 6 47.0
10 8.881354111116718 8 43.0
11 8.766747666667516 9 42.0
12 6.147559999998917 13 41.0
13 0.0 18 39.0
14 3.9442999999953976 14 36.0
15 6.606664111108707 12 36.0
16 11.198509111114642 1 33.0
17 3.3553300000000026 15 31.0
18 9.218163222227647 7 22.0
1 4.615777873134588 9 84.0
2 0.46248000000037237 16 63.0
3 3.3763510895524056 11 55.0
4 5.852051089552573 5 54.0
5 5.7567778731348795 6 54.0
6 4.658777873133699 8 53.0
7 1.0902742686567346 15 51.0
8 6.071986179104666 4 49.0
9 6.38680903731465 3 47.0
10 0.25556267910489305 17 43.0
11 4.157706320896285 10 42.0
12 2.678393679105216 13 41.0
13 0.0 18 39.0
14 3.2913786791048456 12 36.0
15 6.593778649253737 2 36.0
16 5.141828261194641 7 33.0
17 1.6344011791046658 14 31.0
18 6.763587358208931 1 22.0
1 12.880804999928596 1 84.0
2 11.401304999973842 2 63.0
3 5.612849999773596 6 55.0
4 6.586199999858799 5 54.0
5 4.209649999960472 12 54.0
6 5.339399999828161 9 53.0
7 2.3881000005378987 16 51.0
8 6.9155949995518835 4 49.0
9 3.928369999999913 13 47.0
10 3.718883333335951 14 43.0
11 2.648869999828111 15 42.0
12 4.991500000546358 10 41.0
13 2.213399999960581 17 39.0
14 5.6044850002123665 7 36.0
15 0.0 18 36.0
16 4.728416666669284 11 33.0
17 5.417004999309127 8 31.0
18 7.3810050001261 3 22.0
1 4.290750577620857 4 84.0
2 1.3580102888108507 13 63.0
3 3.3701932129999785 8 55.0
4 0.0 18 54.0
5 4.67681028880787 2 54.0
6 0.175530000001618 17 53.0
7 0.7687700000048641 15 51.0
8 3.89690689530714 7 49.0
9 4.304888194944857 3 47.0
10 1.5618145487342872 12 43.0
11 1.9396613718439406 10 42.0
12 4.105810288809797 6 41.0
13 4.217373032493974 5 39.0
14 0.6186502888098486 16 36.0
15 7.56231028881006 1 36.0
16 2.1325315162455643 9 33.0
17 1.3487000000016178 14 31.0
18 1.8433730324920061 11 22.0
1 8.04109999999855 3 84.0
2 2.281500000000808 17 63.0
3 7.108330000000752 7 55.0
4 4.552500000000327 14 54.0
5 8.789405454545292 2 54.0
6 4.728030000000853 13 53.0
7 5.862980000000075 10 51.0
8 7.451480000003692 5 49.0
9 0.0 18 47.0
10 5.566030000000727 11 43.0
11 10.029191818182738 1 42.0
12 2.9578000000020155 16 41.0
13 7.232188181819107 6 39.0
14 3.415400000002009 15 36.0
15 4.976800000000336 12 36.0
16 5.872230000000689 9 33.0
17 7.948520000000729 4 31.0
18 5.9214845454543825 8 22.0
1 6.004783600171471 1 84.0
2 0.6719156722512181 16 63.0
3 0.6112048054800279 17 55.0
4 5.957917994774011 2 54.0
5 4.050547248426751 5 54.0
6 3.168776502079495 8 53.0
7 1.5592213795268834 13 51.0
8 1.70774188291301 12 49.0
9 3.7692672484267504 7 47.0
10 4.478552784484425 3 43.0
11 2.973639142596972 9 42.0
12 4.146988741121271 4 41.0
13 0.9549594874685206 14 39.0
14 1.7739529189080412 11 36.0
15 1.8776527844844209 10 36.0
16 0.0 18 33.0
17 3.845898427737091 6 31.0
18 0.8567377280470558 15 22.0
1 6.794729667539416 1 84.0
2 3.8874564761469292 5 63.0
3 1.2034430763969053 15 55.0
4 4.873436069679913 3 54.0
5 2.8483978458384684 8 54.0
6 4.350089733576194 4 53.0
7 5.6422060696798875 2 51.0
8 1.3535773414550565 14 49.0
9 2.567117845838372 11 47.0
10 3.2230424718202966 6 43.0
11 3.100009700557698 7 42.0
12 0.0 18 41.0
13 0.5000498178297401 17 39.0
14 2.814116423772984 9 36.0
15 1.4666504611179831 13 36.0
16 0.838083211886437 16 33.0
17 2.0436330763975006 12 31.0
18 2.752366605943101 10 22.0
1 3.4925669889161326 11 84.0
2 0.0 18 63.0
3 3.7059105614721837 8 55.0
4 4.2413445664976495 5 54.0
5 3.8687067162013844 7 54.0
6 4.96368398097891 3 53.0
7 2.022570188673555 16 51.0
8 3.6678072616309083 9 49.0
9 4.178750561472185 6 47.0
10 4.386052489180685 4 43.0
11 3.497940415694306 10 42.0
12 2.362069818606033 13 41.0
13 3.247508797992817 12 39.0
14 1.4091238803684463 17 36.0
15 2.131812896493502 15 36.0
16 2.282373880368444 14 33.0
17 5.2959803873051285 2 31.0
18 6.1363124891806855 1 22.0
1 6.7616602492641364 5 84.0
2 3.3616858338156366 12 63.0
3 5.668639559662066 7 55.0
4 5.260366549095446 9 54.0
5 7.174219425362405 2 54.0
6 6.080874073202843 6 53.0
7 3.053691264855459 15 51.0
8 1.7126000000000299 16 49.0
9 7.897234953509292 1 47.0
10 3.7481169831524825 11 43.0
11 3.314461264855484 13 42.0
12 6.798355324819273 4 41.0
13 4.618700412258777 10 39.0
14 0.0 18 36.0
15 3.0937145409427242 14 36.0
16 5.450455324819254 8 33.0
17 7.0033588413650145 3 31.0
18 1.2618602492641569 17 22.0
1 13.13299347832033 1 84.0
2 6.624055217312507 12 63.0
3 9.30609347829617 6 55.0
4 8.958991739214317 7 54.0
5 12.072885217445254 2 54.0
6 10.781374347926072 4 53.0
7 5.409710869956813 14 51.0
8 7.025333043752561 10 49.0
9 4.800480000000027 16 47.0
10 6.942180000377325 11 43.0
11 6.2342999987860175 13 42.0
12 7.364291739069946 9 41.0
13 2.3740000003773103 17 39.0
14 5.320876087390637 15 36.0
15 10.256972608791099 5 36.0
16 8.06999347832796 8 33.0
17 11.90645521748677 3 31.0
18 0.0 18 22.0
1 5.535896326101292 2 84.0
2 1.2664361878171202 13 63.0
3 2.2485335310971593 8 55.0
4 2.6954088445373543 6 54.0
5 2.4767240196939255 7 54.0
6 3.8855742717081014 4 53.0
7 1.3214476981969292 12 51.0
8 4.946276326100921 3 49.0
9 1.0669490417327507 14 47.0
10 3.8272789411314037 5 43.0
11 1.391780133764426 11 42.0
12 1.6992789411316847 10 41.0
13 7.275478941131453 1 39.0
14 0.2719826321668317 16 36.0
15 0.6509652643339685 15 36.0
16 1.8925676981972113 9 33.0
17 0.04528899143188525 17 31.0
18 0.0 18 22.0
1 6.662202723218412 1 84.0
2 2.5860091078109795 6 63.0
3 1.7831080301936573 11 55.0
4 1.7564267433539253 12 54.0
5 3.445141350847211 2 54.0
6 1.1775970731924121 13 53.0
7 2.17544495431555 9 51.0
8 0.4647470731924126 17 49.0
9 2.7730305056338356 5 47.0
10 0.7615901374557239 14 43.0
11 0.761097073192412 15 42.0
12 2.3453110838391047 7 41.0
13 0.0 18 39.0
14 2.8586604921212797 4 36.0
15 2.3188505056338355 8 36.0
16 1.9501385323923004 10 33.0
17 3.0007901374557253 3 31.0
18 0.559418090501695 16 22.0
1 5.2347782906328515 2 84.0
2 0.6140426021742993 17 63.0
3 1.134456128746981 15 55.0
4 3.704779557563034 3 54.0
5 6.914342602174303 1 54.0
6 2.783516259161175 5 53.0
7 0.0 18 51.0
8 1.5884999999933134 12 49.0
9 2.6250862718543706 6 47.0
10 1.5417426021728062 13 43.0
11 2.0340226999307394 10 42.0
12 2.1462399417655393 9 41.0
13 1.8233619771093332 11 39.0
14 2.983825234049223 4 36.0
15 2.2911305208286983 8 36.0
16 0.798339941766848 16 33.0
17 2.4234036804173864 7 31.0
18 1.5008767876817108 14 22.0
1 12.986505394863674 1 84.0
2 2.0734280167416084 16 63.0
3 3.1876988977009835 13 55.0
4 6.604145996174955 5 54.0
5 4.858295165374324 8 54.0
6 4.693937986956374 9 53.0
7 1.777204834619961 17 51.0
8 4.89832841991355 7 49.0
9 5.9353101824629215 6 47.0
10 7.081540317897887 3 43.0
11 4.199107076212785 12 42.0
12 7.3561006072665585 2 41.0
13 2.6636688977027 15 39.0
14 0.0 18 36.0
15 4.480640317894789 11 36.0
16 6.672411674451177 4 33.0
17 4.654784752483494 10 31.0
18 2.8585070762166436 14 22.0
1 3.8040501269461844 5 84.0
2 2.435661182084473 10 63.0
3 2.5975897171780273 9 55.0
4 0.7572982038292124 15 54.0
5 5.536705223174471 2 54.0
6 6.02916118208447 1 53.0
7 0.0 18 51.0
8 1.41463821442315 13 49.0
9 3.726239882063193 6 47.0
10 2.2350102118335236 11 43.0
11 3.18208688719265 8 42.0
12 4.9893687612334245 3 41.0
13 0.23802905763737625 17 39.0
14 0.8142448269882869 14 36.0
15 0.2516055538502635 16 36.0
16 3.6414687612334244 7 33.0
17 3.8184000469483568 4 31.0
18 1.7080526115872354 12 22.0
1 7.626632758089768 1 84.0
2 1.8207738131675097 15 63.0
3 3.0528037521552425 9 55.0
4 0.0 18 54.0
5 6.536102098951417 2 54.0
6 4.389333490928781 5 53.0
7 0.7687700000000017 17 51.0
8 2.2007288565133862 13 49.0
9 4.9647400570364075 4 47.0
10 1.044228658661912 16 43.0
11 3.0250073173238214 10 42.0
12 1.9587990602389476 14 41.0
13 2.251086127975186 12 39.0
14 3.3156817675119985 6 36.0
15 3.065082138936459 8 36.0
16 3.24620980945199 7 33.0
17 5.4621591203775655 3 31.0
18 2.403253367549342 11 22.0
1 5.087089413911743 5 84.0
2 2.341593307479433 12 63.0
3 5.419829241136871 2 55.0
4 1.457589678608828 14 54.0
5 5.372600000000002 3 54.0
6 4.3482908255796575 7 53.0
7 0.8011713297681533 16 51.0
8 0.9833677060583281 15 49.0
9 4.536209197456992 6 47.0
10 0.0 18 43.0
11 3.258856932834705 9 42.0
12 5.3397371525056085 4 41.0
13 2.6287908255796526 11 39.0
14 0.5302623194465252 17 36.0
15 3.031089413911741 10 36.0
16 2.125110321391178 13 33.0
17 5.635721894988788 1 31.0
18 3.2669190651458506 8 22.0
1 5.0752865011762545 3 84.0
2 1.8403297540098102 11 63.0
3 1.9238275589649985 9 55.0
4 1.1103057002650314 16 54.0
5 5.515889590016361 2 54.0
6 6.410623155458573 1 53.0
7 0.0 18 51.0
8 1.7114759651994824 12 49.0
9 1.5254031554585696 13 47.0
10 1.349593934939522 14 43.0
11 1.9233017620822377 10 42.0
12 2.6205895900163685 7 41.0
13 1.9743020083175955 8 39.0
14 3.4487324328663362 5 36.0
15 1.0712231554585525 17 36.0
16 3.261529672013093 6 33.0
17 4.106903831301496 4 31.0
18 1.132805700264997 15 22.0
1 4.356868724605826 2 84.0
2 2.7492294203023606 5 63.0
3 1.829729652228396 12 55.0
4 1.8644687246425338 11 54.0
5 3.910547101456549 3 54.0
6 1.9455045217368678 10 53.0
7 0.11855057969621763 16 51.0
8 0.3656119420346966 15 49.0
9 3.0228486956398273 4 47.0
10 0.10063072462771849 17 43.0
11 1.6917000000003828 13 42.0
12 0.0 18 41.0
13 2.6198080579717207 7 39.0
14 6.190178376813715 1 36.0
15 2.3008687246425374 8 36.0
16 2.218449420287989 9 33.0
17 2.669919652165695 6 31.0
18 1.2650695362200057 14 22.0
1 6.13502928414097 3 84.0
2 2.1924241850220096 10 63.0
3 4.632190925110153 7 55.0
4 8.229990925110151 1 54.0
5 6.106390925110138 4 54.0
6 5.258426420704845 5 53.0
7 1.1723221696035244 15 51.0
8 7.034940925110147 2 49.0
9 0.9952510352422883 16 47.0
10 0.0 18 43.0
11 1.877261156387678 14 42.0
12 5.101861916299564 6 41.0
13 2.126061916299563 11 39.0
14 2.1052546585903267 13 36.0
15 4.079029284140975 8 36.0
16 2.360973414096916 9 33.0
17 2.1149974118942794 12 31.0
18 0.23717999999999817 17 22.0
1 9.967472675668938 2 84.0
2 5.060145427668172 11 63.0
3 6.569466282419227 6 55.0
4 7.0425000000015086 5 54.0
5 9.570296096631985 3 54.0
6 8.472296096496486 4 53.0
7 1.533071180215023 16 51.0
8 0.8971677783146275 17 49.0
9 3.950167778273018 13 47.0
10 5.377499999959787 9 43.0
11 5.849423903570159 8 42.0
12 3.2495000000085517 14 41.0
13 6.310848413833403 7 39.0
14 0.0 18 36.0
15 1.7883794792092536 15 36.0
16 5.33336628290784 10 33.0
17 10.342545427610522 1 31.0
18 4.202260544650162 12 22.0
