1 6.676471845089622 1 84.0
2 1.9275535688348817 8 63.0
3 2.868381237959605 5 55.0
4 3.6821302886638847 4 54.0
5 1.6919744955500118 11 54.0
6 4.631361671667699 2 53.0
7 2.7114718450897652 6 51.0
8 1.7640394226719978 10 49.0
9 0.6754187024360696 13 47.0
10 1.8794603164318806 9 43.0
11 0.6330007238468067 14 42.0
12 0.3184749596704797 17 41.0
13 0.4934827452575308 16 39.0
14 0.530169711335996 15 36.0
15 1.2956721594873202 12 36.0
16 0.0 18 33.0
17 3.818610288663986 3 31.0
18 2.394541237959606 7 22.0
1 9.461506672241025 1 84.0
2 1.0012144077835405 13 63.0
3 1.8474030804694128 10 55.0
4 4.111608128396092 4 54.0
5 2.7415056044327653 6 54.0
6 4.954014196864616 3 53.0
7 1.583787046609062 12 51.0
8 0.924543658248971 14 49.0
9 2.6798354209492214 7 47.0
10 0.329965545290114 16 43.0
11 0.7776870466090422 15 42.0
12 2.1297066722409967 9 41.0
13 3.046207098432326 5 39.0
14 0.07467847773096725 17 36.0
15 0.0 18 36.0
16 1.6396991476176062 11 33.0
17 2.603657480618349 8 31.0
18 5.014057480618398 2 22.0
1 5.376695166449069 2 84.0
2 0.0 18 63.0
3 2.0518759512480855 8 55.0
4 6.267214474987718 1 54.0
5 3.947234727836526 5 54.0
6 4.607718922275667 4 53.0
7 0.681918922275665 15 51.0
8 1.9188682417470508 10 49.0
9 0.3952418632685337 17 47.0
10 2.519626087742388 6 43.0
11 1.9909659417722068 9 42.0
12 1.0101616075404556 13 41.0
13 2.376194865963785 7 39.0
14 1.0690224712569716 12 36.0
15 0.9082164994392536 14 36.0
16 0.4004758329441609 16 33.0
17 4.655816499439252 3 31.0
18 1.6554429593528333 11 22.0
1 8.508811082434512 1 84.0
2 4.539665161787363 9 63.0
3 6.357240651001543 6 55.0
4 7.0961598382126105 4 54.0
5 8.270421845146377 2 54.0
6 8.076698694144838 3 53.0
7 5.448892946841303 7 51.0
8 3.9780161402157153 12 49.0
9 3.379570520030823 13 47.0
10 4.214902191833586 11 43.0
11 2.579038848228046 17 42.0
12 5.285266055469963 8 41.0
13 2.7735000000000336 14 39.0
14 2.716024942218801 16 36.0
15 4.257798694144851 10 36.0
16 2.7643830277349757 15 33.0
17 7.026342607858254 5 31.0
18 0.0 18 22.0
1 5.732390032082652 2 84.0
2 3.5280802707828793 7 63.0
3 4.221122924256815 4 55.0
4 6.4338366166497565 1 54.0
5 3.3449693751137404 8 54.0
6 4.5515587051325355 3 53.0
7 0.4739417023426351 17 51.0
8 1.1633748229483205 13 49.0
9 0.6757608371492951 16 47.0
10 2.0892075989216576 10 43.0
11 1.1411666976070463 14 42.0
12 0.0 18 41.0
13 1.5835872711409227 11 39.0
14 1.341648535213922 12 36.0
15 0.9352724652436266 15 36.0
16 3.120958390478778 9 33.0
17 3.631630453777895 6 31.0
18 3.747282924256788 5 22.0
1 7.412386665396507 3 84.0
2 3.853115079979956 13 63.0
3 6.541476160783931 6 55.0
4 7.79706164559659 2 54.0
5 6.445215861560217 7 54.0
6 8.92048906645466 1 53.0
7 6.84931507997993 4 51.0
8 4.810000000000035 11 49.0
9 6.6864704737874705 5 47.0
10 3.75271698051338 15 43.0
11 4.047331756775342 12 42.0
12 0.0 18 41.0
13 5.529152588435701 9 39.0
14 3.363000035789425 16 36.0
15 2.6474083505929795 17 36.0
16 3.852522718360185 14 33.0
17 5.540034820130978 8 31.0
18 4.9807703567404165 10 22.0
1 5.6227021212121215 2 84.0
2 0.640337272727272 14 63.0
3 1.2279643771043753 13 55.0
4 3.7320045791245775 5 54.0
5 4.018215454545453 4 54.0
6 4.143844478114477 3 53.0
7 1.6445096969696968 9 51.0
8 0.3570896296296291 16 49.0
9 2.628499663299662 6 47.0
10 1.3083627272727272 12 43.0
11 1.3569091582491581 11 42.0
12 2.5063000000000013 7 41.0
13 1.369508552188551 10 39.0
14 0.0 18 36.0
15 0.30212175084174886 17 36.0
16 1.799280101010101 8 33.0
17 0.6128669696969704 15 31.0
18 6.423499999999999 1 22.0
1 2.248770000000254 5 84.0
2 1.2987700000008064 10 63.0
3 0.7193000000002542 13 55.0
4 1.5789799999992429 8 54.0
5 3.6105000000000604 1 54.0
6 2.416000000000449 4 53.0
7 0.6650354545458822 14 51.0
8 1.4408000000001258 9 49.0
9 2.7624000000000457 3 47.0
10 0.973077272726499 11 43.0
11 0.10596636363640144 17 42.0
12 2.238862727272516 6 41.0
13 0.40269999999996187 15 39.0
14 0.8153972727275337 12 36.0
15 0.35222666666674174 16 36.0
16 2.023366363636646 7 33.0
17 3.1200533333334093 2 31.0
18 0.0 18 22.0
1 9.433587981116156 2 84.0
2 2.348472985281666 15 63.0
3 9.358540752568562 3 55.0
4 6.334228519855573 5 54.0
5 4.860522134129204 9 54.0
6 6.953067346570188 4 53.0
7 5.545140752568531 7 51.0
8 5.41099084420971 8 49.0
9 4.013193707303634 10 47.0
10 3.0100203512910406 12 43.0
11 5.728450844209776 6 42.0
12 3.053571599555476 11 41.0
13 10.14210075256856 1 39.0
14 1.4990552179950232 17 36.0
15 0.0 18 36.0
16 2.5689221341294277 13 33.0
17 1.864698143571169 16 31.0
18 2.3921962871415112 14 22.0
1 8.649900000000386 1 84.0
2 8.163276666666345 3 63.0
3 2.461976666670087 10 55.0
4 8.443486666670127 2 54.0
5 4.845018333333709 6 54.0
6 3.9258000000005073 8 53.0
7 0.0 18 51.0
8 2.0439550000051465 11 49.0
9 3.032636666665411 9 47.0
10 5.103136666667395 5 43.0
11 1.6853916666708777 14 42.0
12 0.5033766666665138 17 41.0
13 1.7259183333337105 13 39.0
14 1.4707866666544112 16 36.0
15 2.037626666665922 12 36.0
16 7.333676666667207 4 33.0
17 4.326854999999514 7 31.0
18 1.6832633333367206 15 22.0
1 4.301495960221107 2 84.0
2 2.6248666888130625 7 63.0
3 0.7116743709497462 12 55.0
4 2.8873072842507606 5 54.0
5 4.463380662115047 1 54.0
6 4.237200000000007 3 53.0
7 0.0 18 51.0
8 0.24826668875416225 14 49.0
9 1.9338000001649933 9 47.0
10 2.554527968986597 8 43.0
11 0.3578946356532571 13 42.0
12 0.19770728486097688 15 41.0
13 0.17928145707105503 16 39.0
14 2.7143027151962724 6 36.0
15 0.03619463672062673 17 36.0
16 0.9409346356532581 10 33.0
17 4.081861302319927 4 31.0
18 0.7564666887541625 11 22.0
1 5.962864035339749 2 84.0
2 2.725464035339754 7 63.0
3 3.666997988260687 4 55.0
4 3.666739184556973 5 54.0
5 4.376708667463272 3 54.0
6 6.157697988260684 1 53.0
7 1.0249479882606896 15 51.0
8 1.5525668799000454 13 49.0
9 0.0 18 47.0
10 1.8741047882522763 10 43.0
11 1.6992152886497065 11 42.0
12 1.5992911882690928 12 41.0
13 1.2465020462768324 14 39.0
14 2.2008862025094285 8 36.0
15 0.4448040234786239 17 36.0
16 1.9381243450743626 9 33.0
17 3.5353264701816745 6 31.0
18 0.8740173490943122 16 22.0
1 7.7187908715969025 1 84.0
2 3.866398612745798 10 63.0
3 5.051765286592641 3 55.0
4 4.380584378904576 8 54.0
5 6.471163642636353 2 54.0
6 4.754810224468885 5 53.0
7 0.5974643789045762 17 51.0
8 4.527926863286192 6 49.0
9 1.338799999999977 15 47.0
10 3.0652665551657905 13 43.0
11 3.9005129389120587 9 42.0
12 4.870306353894502 4 41.0
13 2.773499999999863 14 39.0
14 0.8863599999999758 16 36.0
15 3.485826365700493 12 36.0
16 3.855056806301611 11 33.0
17 4.517064378904433 7 31.0
18 0.0 18 22.0
1 10.002143380687745 1 84.0
2 6.764743380687738 4 63.0
3 5.058480492158527 8 55.0
4 7.395843684489771 3 54.0
5 6.717407846934304 5 54.0
6 8.659001035238381 2 53.0
7 5.041209585252632 10 51.0
8 3.281443159896548 13 49.0
9 3.474264259748629 12 47.0
10 5.045335998821253 9 43.0
11 5.291658556879622 6 42.0
12 2.836594143241962 15 41.0
13 5.1839 7 39.0
14 2.8286953596007116 16 36.0
15 3.192729579358902 14 36.0
16 3.9709061086159707 11 33.0
17 0.0 18 31.0
18 2.410400000000001 17 22.0
1 9.474908748297707 1 84.0
2 3.880100756113711 11 63.0
3 6.284169645161618 3 55.0
4 4.37098951938695 9 54.0
5 6.457000756099847 2 54.0
6 5.418688282679715 6 53.0
7 2.8063544003671907 16 51.0
8 3.7950140006015953 12 49.0
9 2.0011087483192953 17 47.0
10 3.732569999982979 13 43.0
11 5.014269290308269 7 42.0
12 5.427991645460074 5 41.0
13 3.1517000000042312 14 39.0
14 3.0571993741656094 15 36.0
15 0.0 18 36.0
16 4.873359200480794 8 33.0
17 6.0779140005868 4 31.0
18 3.8812465803400227 10 22.0
1 8.470406206035612 1 84.0
2 2.488520155202287 12 63.0
3 2.701380697691054 11 55.0
4 3.504997242526605 7 54.0
5 3.652898088531796 5 54.0
6 4.434964507645976 3 53.0
7 1.5217980885315556 16 51.0
8 1.6520429091554434 15 49.0
9 3.9147341043660635 4 47.0
10 3.0379931382330647 8 43.0
11 0.7851487952450986 17 42.0
12 4.482993138233196 2 41.0
13 2.45712313823411 13 39.0
14 3.0122288386669256 9 36.0
15 0.0 18 36.0
16 2.702548795243773 10 33.0
17 3.606517023069977 6 31.0
18 1.6575128091558042 14 22.0
1 9.390618357434334 1 84.0
2 0.0 18 63.0
3 3.619998384370832 11 55.0
4 6.2395411287856355 4 54.0
5 7.416444469774278 3 54.0
6 6.010044469773634 5 53.0
7 2.236899999999999 17 51.0
8 2.700676932630059 13 49.0
9 4.170699999999079 8 47.0
10 4.014444469774171 9 43.0
11 4.003626239083578 10 42.0
12 7.448799999999997 2 41.0
13 3.361283430021644 12 39.0
14 2.543843112736423 15 36.0
15 2.684830441193583 14 36.0
16 4.697361427072703 7 33.0
17 4.983576932629829 6 31.0
18 2.4762532848474232 16 22.0
1 5.442225757577834 7 84.0
2 3.1259545707076666 12 63.0
3 5.932943383847247 4 55.0
4 5.986079999986703 3 54.0
5 5.7629657575689475 5 54.0
6 6.823100000004979 1 53.0
7 2.4988986363087164 14 51.0
8 1.969510530300636 16 49.0
9 4.496883055577218 9 47.0
10 0.0 18 43.0
11 2.2869705303213177 15 42.0
12 3.534876944471379 11 41.0
13 4.450038055552609 10 39.0
14 5.589069267674245 6 36.0
15 3.004199999999997 13 36.0
16 4.624329898982854 8 33.0
17 5.998539267695866 2 31.0
18 1.257554570707832 17 22.0
1 5.393079937601398 2 84.0
2 2.155679937601389 10 63.0
3 2.818381848246569 6 55.0
4 4.146719513290928 4 54.0
5 3.8633390415574014 5 54.0
6 8.541428630974659 1 53.0
7 2.440561351553721 9 51.0
8 2.6229269137651907 7 49.0
9 4.374361351553724 3 47.0
10 1.7183286309746966 13 43.0
11 1.8833854137026547 12 42.0
12 0.8597818482466073 15 41.0
13 1.2155081517534378 14 39.0
14 2.507218947959564 8 36.0
15 0.0 18 36.0
16 2.080807958317746 11 33.0
17 0.8571854137027466 16 31.0
18 0.020879277424194154 17 22.0
1 7.816428874766206 1 84.0
2 1.870621340404329 11 63.0
3 0.7577970598821264 17 55.0
4 3.2651815009407192 6 54.0
5 4.031623205418761 3 54.0
6 5.070290303438062 2 53.0
7 3.363601215112134 5 51.0
8 0.9457019472850199 16 49.0
9 2.103810411451125 9 47.0
10 3.3771790899399843 4 43.0
11 0.0 18 42.0
12 2.6155857750643783 8 41.0
13 0.9565818939241961 15 39.0
14 2.7385430544754965 7 36.0
15 1.4705417329572013 13 36.0
16 1.0410213403486284 14 33.0
17 1.6588127793605154 12 31.0
18 2.0595786595985692 10 22.0
1 6.851853513513522 2 84.0
2 1.2901732046332044 15 63.0
3 5.021859613899615 6 55.0
4 5.197278185328189 5 54.0
5 8.248513204633205 1 54.0
6 6.260613204633201 3 53.0
7 6.117413204633211 4 51.0
8 4.787298880308883 8 49.0
9 0.0 18 47.0
10 0.28567320463320556 17 43.0
11 3.1052816602316584 10 42.0
12 2.9861664092664104 11 41.0
13 1.6691132818532821 14 39.0
14 2.937013204633214 12 36.0
15 4.901024247104253 7 36.0
16 0.3834799999999965 16 33.0
17 2.1110732046332 13 31.0
18 3.286063204633201 9 22.0
1 10.689797664515485 1 84.0
2 1.8684000000000034 17 63.0
3 4.642706892971435 8 55.0
4 6.098999422977578 4 54.0
5 5.185142736344662 6 54.0
6 7.190122763088093 2 53.0
7 4.163786629056423 12 51.0
8 5.401918974599688 5 49.0
9 4.383568460357729 11 47.0
10 2.1917854726893182 16 43.0
11 3.86854191032619 13 42.0
12 3.636785472689324 14 41.0
13 2.6978706697390518 15 39.0
14 4.502303205919526 9 36.0
15 4.455672565942872 10 36.0
16 5.063730513150302 7 33.0
17 6.728864558138305 3 31.0
18 0.0 18 22.0
1 10.503935405631335 1 84.0
2 2.493311212638827 15 63.0
3 4.27058912895021 10 55.0
4 9.83414540563825 2 54.0
5 4.3835741417600165 8 54.0
6 5.5036982322800325 5 53.0
7 5.4895112126396555 6 51.0
8 8.792411212639468 3 49.0
9 4.276380905211177 9 47.0
10 6.958345405636695 4 43.0
11 1.0083370708805064 17 42.0
12 3.6550973526901016 12 41.0
13 3.669264252778154 11 39.0
14 2.5309982835211366 14 36.0
15 0.0 18 36.0
16 4.562998181044071 7 33.0
17 2.54339867634604 13 31.0
18 2.191537070880282 16 22.0
1 6.177135432897007 1 84.0
2 1.1653129017865935 10 63.0
3 0.9319411380080761 13 55.0
4 3.6736770604477758 4 54.0
5 4.2190928735200055 3 54.0
6 4.510697094555725 2 53.0
7 1.9647562927463627 6 51.0
8 1.0262570516884875 12 49.0
9 1.6515598082028136 7 47.0
10 1.04343342249833 11 43.0
11 0.838227195473269 14 42.0
12 0.0 18 41.0
13 0.13013949454131457 17 39.0
14 0.7341712559849893 15 36.0
15 0.35513831946234053 16 36.0
16 1.362373938418163 9 33.0
17 2.5352461301918927 5 31.0
18 1.650677492798858 8 22.0
1 11.288709272135796 1 84.0
2 0.0 18 63.0
3 6.590781948473241 8 55.0
4 8.43445575601055 3 54.0
5 9.043318779389196 2 54.0
6 8.219918074047454 4 53.0
7 2.996199999999163 16 51.0
8 7.004740962979091 6 49.0
9 6.1746956103051645 11 47.0
10 8.051652441221563 5 43.0
11 5.99674145572463 12 42.0
12 4.6321819484731455 15 41.0
13 6.2424256103055 9 39.0
14 4.896318074045385 14 36.0
15 1.0341000000000005 17 36.0
16 6.75171877938918 7 33.0
17 6.210159037022569 10 31.0
18 5.702028231010553 13 22.0
1 12.368487032676462 1 84.0
2 0.0 18 63.0
3 3.998641586835446 12 55.0
4 5.718818539446337 4 54.0
5 7.427035671631277 2 54.0
6 5.326033836504147 5 53.0
7 5.183200321281421 6 51.0
8 3.6310415868354466 15 49.0
9 4.171454987762793 10 47.0
10 3.761201586835567 14 43.0
11 3.7880814158680565 13 42.0
12 5.759919077591589 3 41.0
13 4.971557374611468 7 39.0
14 4.032071415867807 11 36.0
15 3.47966799645592 16 36.0
16 4.353121586835419 9 33.0
17 4.723511175735707 8 31.0
18 2.9516676730066838 17 22.0
1 12.647976850492626 1 84.0
2 1.0045000000189597 17 63.0
3 5.361750511613138 8 55.0
4 7.604591083031339 3 54.0
5 7.26135051214414 4 54.0
6 7.923876850337146 2 53.0
7 4.000699999898554 12 51.0
8 4.755768956831097 9 49.0
9 6.448302776849378 5 47.0
10 0.0 18 43.0
11 5.450152021891301 7 42.0
12 3.9356012666727995 13 41.0
13 4.616291082953897 10 39.0
14 1.6285300198551562 16 36.0
15 3.456880531467206 14 36.0
16 2.848001266781185 15 33.0
17 6.201291644257111 6 31.0
18 4.285796929963435 11 22.0
1 5.840639250345214 2 84.0
2 0.0 18 63.0
3 1.4227485002700277 12 55.0
4 4.0709995003205 6 54.0
5 4.7181471254486524 4 54.0
6 5.07609312567756 3 53.0
7 1.8128443752859196 11 51.0
8 4.704860625353501 5 49.0
9 3.3161471245786123 8 47.0
10 0.09534975039571147 17 43.0
11 1.1360535630298196 13 42.0
12 6.59424712544971 1 41.0
13 2.921213250517533 9 39.0
14 2.163376875267054 10 36.0
15 0.4835600003835605 15 36.0
16 0.6145838753435862 14 33.0
17 3.729963563029817 7 31.0
18 0.14771325030628102 16 22.0
1 8.182067764141992 1 84.0
2 2.227846900031525 15 63.0
3 4.42842081410387 6 55.0
4 1.656052559734011 17 54.0
5 6.529630810695608 2 54.0
6 4.507932559809814 5 53.0
7 3.3686430170364634 10 51.0
8 3.0987208139744453 12 49.0
9 5.215036913763614 3 47.0
10 3.8729959535368046 8 43.0
11 3.35002687262225 11 42.0
12 0.0 18 41.0
13 5.168191913795555 4 39.0
14 3.43723081397434 9 36.0
15 2.3921674401598434 14 36.0
16 4.350995034375183 7 33.0
17 1.792532559720031 16 31.0
18 2.7038308105388102 13 22.0
1 5.441428303964694 1 84.0
2 0.74357976504975 14 63.0
3 2.7350812261367974 5 55.0
4 4.716453105727185 4 54.0
5 4.9683944273109875 3 54.0
6 5.402228303965295 2 53.0
7 1.4764283039644925 12 51.0
8 0.057176842877632694 17 49.0
9 2.282734471365224 7 47.0
10 2.010828303964644 9 43.0
11 0.0 18 42.0
12 1.3897767254022126 13 41.0
13 2.6105263142437374 6 39.0
14 0.5077239867817349 16 36.0
15 1.8528912261439723 10 36.0
16 1.5427631571217293 11 33.0
17 2.088962224669957 8 31.0
18 0.5692976284886897 15 22.0
1 5.176563333312183 4 84.0
2 3.814726666680791 7 63.0
3 2.443213333303772 15 55.0
4 4.506773333285908 5 54.0
5 6.212226666643106 3 54.0
6 6.46734333330956 1 53.0
7 6.260386666643108 2 51.0
8 3.4414499999999952 9 49.0
9 2.682566666643108 14 47.0
10 2.8102266666346174 11 43.0
11 2.7111599999900338 13 42.0
12 2.175569999999997 17 41.0
13 2.4092266665307314 16 39.0
14 3.165776666634617 10 36.0
15 4.298286666634618 6 36.0
16 2.79769333333992 12 33.0
17 3.7519433333027092 8 31.0
18 0.0 18 22.0
1 6.3677984380752575 2 84.0
2 1.1538448383357172 15 63.0
3 2.5491588966839025 6 55.0
4 3.509567473963515 4 54.0
5 6.688538438031884 1 54.0
6 1.643698438031881 13 53.0
7 0.5651679607037994 17 51.0
8 2.886897571929711 5 49.0
9 2.288893421089885 8 47.0
10 1.7370473931489712 11 43.0
11 1.7218957727116697 12 42.0
12 3.6295441260150394 3 41.0
13 1.78228327715675 10 39.0
14 1.5707408588709484 14 36.0
15 0.0 18 36.0
16 1.9325681163006054 9 33.0
17 2.330361316235525 7 31.0
18 0.6827536316842295 16 22.0
1 11.13389624913494 1 84.0
2 2.5386175640138355 13 63.0
3 1.9254405045611807 15 55.0
4 3.3312084290657387 5 54.0
5 2.6886000000000023 11 54.0
6 6.808823204152243 2 53.0
7 3.320837536332176 6 51.0
8 2.260008429065741 14 49.0
9 3.1026566681346286 7 47.0
10 2.8163284290657415 10 43.0
11 0.0 18 42.0
12 4.661179136206349 3 41.0
13 3.0558116681346315 8 39.0
14 2.9817794954388157 9 36.0
15 1.5774548455489112 17 36.0
16 1.917399999999998 16 33.0
17 3.980069294117639 4 31.0
18 2.61675377728845 12 22.0
1 8.495027827094379 1 84.0
2 2.376599999785425 13 63.0
3 5.872242159988402 4 55.0
4 7.60710483462667 2 54.0
5 5.231504834812236 7 54.0
6 5.797840330288849 5 53.0
7 2.058842160627639 15 51.0
8 0.0 18 49.0
9 3.962978316096814 8 47.0
10 3.825874993546506 9 43.0
11 2.899192128680439 12 42.0
12 2.2756346676104844 14 41.0
13 6.655802160087925 3 39.0
14 0.7104631685562399 17 36.0
15 5.753834669874383 6 36.0
16 3.3448806612479807 11 33.0
17 0.9163633992106086 16 31.0
18 3.38854650188957 10 22.0
1 8.008569642884108 1 84.0
2 4.163545625946616 8 63.0
3 4.245552571426861 7 55.0
4 5.613271513996311 4 54.0
5 6.99756347358822 2 54.0
6 6.823099999999991 3 53.0
7 2.352355447164567 15 51.0
8 3.718994879054451 10 49.0
9 3.469670641265988 11 47.0
10 0.0 18 43.0
11 4.919876554429848 5 42.0
12 3.1169141011549426 13 41.0
13 2.3765999484429416 14 39.0
14 1.9431813212298228 16 36.0
15 3.403366411253363 12 36.0
16 0.5919200000000036 17 33.0
17 3.8072206025681465 9 31.0
18 4.3429243547056435 6 22.0
1 7.605462157499552 1 84.0
2 0.3177370185443549 16 63.0
3 2.1168191917129837 9 55.0
4 4.225337880797882 2 54.0
5 3.3885249786248197 4 54.0
6 4.177535431189391 3 53.0
7 0.1957573512363573 17 51.0
8 1.1079347049208152 15 49.0
9 2.2327708623787803 6 47.0
10 2.013932513879882 10 43.0
11 1.8837674871372767 11 42.0
12 1.202635043839452 13 41.0
13 1.1667252581895524 14 39.0
14 2.7968910320090874 5 36.0
15 0.0 18 36.0
16 1.369991032009093 12 33.0
17 2.1543353770976057 8 31.0
18 2.1792269395798147 7 22.0
1 7.060235978293324 3 84.0
2 2.8879109783024637 12 63.0
3 4.593904347807662 7 55.0
4 4.9853926087220595 6 54.0
5 3.6888000000123236 10 54.0
6 5.344724637687344 5 53.0
7 2.228657971020674 13 51.0
8 8.739166086951482 2 49.0
9 2.1401323912963086 14 47.0
10 2.1095926085979153 15 43.0
11 3.879570978266373 9 42.0
12 3.929166087057976 8 41.0
13 1.7467709782724419 16 39.0
14 1.211391304390943 17 36.0
15 0.0 18 36.0
16 9.461246086969638 1 33.0
17 3.007078695684071 11 31.0
18 6.6319223912963094 4 22.0
1 17.075082079207867 1 84.0
2 2.376600000000222 17 63.0
3 8.327172574257347 11 55.0
4 9.186852574258136 9 54.0
5 14.24422582920796 2 54.0
6 11.844402079207931 7 53.0
7 7.527482079207267 13 51.0
8 0.0 18 49.0
9 5.453778613861278 14 47.0
10 12.62694957920798 4 43.0
11 12.238770829207983 5 42.0
12 8.422502079208131 10 41.0
13 13.39502582920796 3 39.0
14 4.372214257425437 16 36.0
15 4.494631584159137 15 36.0
16 11.952625829208005 6 33.0
17 8.236021386138207 12 31.0
18 10.309582079208145 8 22.0
1 6.151534116369175 2 84.0
2 2.9634216926420556 10 63.0
3 4.188666583545944 7 55.0
4 2.6461858836309133 14 54.0
5 6.452501419665721 1 54.0
6 5.157289567394066 6 53.0
7 2.057565883631174 15 51.0
8 2.8286898110890104 11 49.0
9 5.537566583545884 4 47.0
10 2.72093411636946 13 43.0
11 3.956777715122294 8 42.0
12 2.78530591574578 12 41.0
13 1.5579216926419912 16 39.0
14 1.3116071398885207 17 36.0
15 0.0 18 36.0
16 3.8742658836309136 9 33.0
17 5.485757551714459 5 31.0
18 5.744967283460953 3 22.0
1 7.624533847543082 1 84.0
2 1.3263584772988748 15 63.0
3 2.4855122539964434 7 55.0
4 4.235832297053989 4 54.0
5 4.67305769686946 2 54.0
6 4.62797596172406 3 53.0
7 0.607022358753627 17 51.0
8 1.6467714135822615 12 49.0
9 2.567213793703356 6 47.0
10 1.685114626628697 11 43.0
11 1.7104033864539467 10 42.0
12 1.9460776490354728 8 41.0
13 1.751952817670206 9 39.0
14 0.6891338475430917 16 36.0
15 0.0 18 36.0
16 1.570226302809166 13 33.0
17 2.8745244909871492 5 31.0
18 1.4948558242549568 14 22.0
1 4.378946962271977 4 84.0
2 1.5614139245439373 12 63.0
3 1.8404709452736245 11 55.0
4 6.37601710364841 1 54.0
5 5.133065876451075 3 54.0
6 6.213098208126047 2 53.0
7 0.0 18 51.0
8 2.056059371890542 10 49.0
9 3.549534576699828 6 47.0
10 0.5284799999999712 16 43.0
11 2.553073924543945 9 42.0
12 3.5829449763681565 5 41.0
13 2.9212723810116112 8 39.0
14 0.9731728490878955 14 36.0
15 0.6159411521558755 15 36.0
16 1.073365391791039 13 33.0
17 3.4316528673300297 7 31.0
18 0.05217196227197807 17 22.0
1 6.50532768172988 1 84.0
2 0.0 18 63.0
3 2.8399657667730294 5 55.0
4 4.9071501819230745 3 54.0
5 3.9664524018463494 4 54.0
6 4.962517353738081 2 53.0
7 0.6099358170068834 14 51.0
8 1.9932158079195272 7 49.0
9 0.15044007375821433 16 47.0
10 1.4980212329314742 10 43.0
11 1.168860642127496 12 42.0
12 0.14750652198692382 17 41.0
13 2.5005428622231856 6 39.0
14 0.7857132902989459 13 36.0
15 0.483560000000002 15 36.0
16 1.6528324657865496 9 33.0
17 1.9908438408649394 8 31.0
18 1.4969548116923956 11 22.0
1 5.290955979492438 1 84.0
2 2.0535559794924185 10 63.0
3 2.9245723025720274 6 55.0
4 3.954352098806714 4 54.0
5 5.181662254614397 2 54.0
6 4.2487975862058915 3 53.0
7 0.17051707329970878 17 51.0
8 1.034755988176739 13 49.0
9 1.576189253078863 11 47.0
10 2.338394697760248 8 43.0
11 0.95194258558741 14 42.0
12 0.38516982820639534 16 41.0
13 1.458581642445274 12 39.0
14 0.0 18 36.0
15 0.7695748425063935 15 36.0
16 2.8900622546143913 7 33.0
17 3.9379798114685145 5 31.0
18 2.1812396564129353 9 22.0
1 8.036843773583684 2 84.0
2 2.954299622642118 14 63.0
3 3.973925283019716 9 55.0
4 7.367053773584607 3 54.0
5 6.3191062264108355 5 54.0
6 8.30119999999736 1 53.0
7 0.0 18 51.0
8 3.3028999999973627 12 49.0
9 3.499344339622427 11 47.0
10 4.606243773586413 7 43.0
11 6.989499999999997 4 42.0
12 4.5248433962274035 8 41.0
13 3.2451716981149503 13 39.0
14 1.1014437735846117 16 36.0
15 1.789843773577545 15 36.0
16 3.882824339621088 10 33.0
17 5.585800000007584 6 31.0
18 0.4716716981123099 17 22.0
1 6.492697500000871 1 84.0
2 2.3766000000016514 10 63.0
3 3.016667500001695 6 55.0
4 3.3121000000006138 4 54.0
5 5.684689999999538 2 54.0
6 2.2056750000001815 12 53.0
7 3.1932650000008604 5 51.0
8 0.0 18 49.0
9 1.321600000000412 15 47.0
10 2.54692249999989 8 43.0
11 2.352644999999589 11 42.0
12 0.2896449999989126 16 41.0
13 0.19237500000106245 17 39.0
14 1.8048100000003156 14 36.0
15 2.0456624999998905 13 36.0
16 2.892177500000399 7 33.0
17 3.846427499999976 3 31.0
18 2.542827500000059 9 22.0
1 6.356875623506097 1 84.0
2 0.8812285005363427 14 63.0
3 2.6066035046608094 5 55.0
4 3.852763375265539 4 54.0
5 3.8600514426641865 3 54.0
6 5.5317831220017535 2 53.0
7 0.0 18 51.0
8 1.547942328261409 10 49.0
9 1.3810637505579062 11 47.0
10 1.0915818668956088 12 43.0
11 1.0315043867924667 13 42.0
12 2.2450289921635966 7 41.0
13 0.7602800003140808 15 39.0
14 1.6114118671305733 9 36.0
15 0.1914048626199889 17 36.0
16 2.3868644449350724 6 33.0
17 1.9183990302405012 8 31.0
18 0.4642794266810104 16 22.0
1 9.532029576094537 1 84.0
2 5.036786539263382 5 63.0
3 4.682480104239335 7 55.0
4 7.506183182765252 2 54.0
5 6.535664197358903 3 54.0
6 6.163985969423233 4 53.0
7 1.3437069631686178 17 51.0
8 4.646606963170066 8 49.0
9 3.860585969423142 10 47.0
10 0.0 18 43.0
11 2.7629801042389337 12 42.0
12 1.4449999999995526 16 41.0
13 2.568642362751918 13 39.0
14 1.5247450729671503 15 36.0
15 2.4412801042390075 14 36.0
16 3.0815841556636983 11 33.0
17 4.804642362751436 6 31.0
18 4.246408881167413 9 22.0
1 7.684185726786955 1 84.0
2 3.43454744529807 7 63.0
3 4.12341431290421 5 55.0
4 6.412506464762654 2 54.0
5 5.500147362660428 3 54.0
6 4.181437697406814 4 53.0
7 1.0924652725812756 17 51.0
8 2.913873816234308 11 49.0
9 3.3386088248187873 8 47.0
10 2.3377003142738664 15 43.0
11 3.5518004569787482 6 42.0
12 0.0 18 41.0
13 1.4190004569787478 16 39.0
14 3.2721835115818125 9 36.0
15 2.8013135115818097 13 36.0
16 2.469462221739951 14 33.0
17 3.209576890055992 10 31.0
18 2.8671233532271367 12 22.0
1 14.760174339622607 1 84.0
2 4.219650000000437 12 63.0
3 9.89643283018526 3 55.0
4 10.54340000000183 2 54.0
5 8.524816650941478 6 54.0
6 7.644054150942111 8 53.0
7 6.353304150943381 10 51.0
8 3.1720599999981314 15 49.0
9 8.557375471696286 5 47.0
10 3.7283800000004366 13 43.0
11 9.702150566035948 4 42.0
12 7.641087169808718 9 41.0
13 0.0 18 39.0
14 3.5706999999905595 14 36.0
15 4.350791650941474 11 36.0
16 2.1438000000000024 17 33.0
17 8.205526792451115 7 31.0
18 2.3512499999981307 16 22.0
1 6.981421644584817 3 84.0
2 2.7747096879745614 9 63.0
3 0.8821899999999636 13 55.0
4 5.844669190770448 5 54.0
5 5.782369999999994 6 54.0
6 7.008337383205001 2 53.0
7 1.195070960194586 12 51.0
8 4.243033252366692 7 49.0
9 0.45965894382671113 16 47.0
10 1.835422905254798 11 43.0
11 7.608471728518941 1 42.0
12 2.4925831705272885 10 41.0
13 3.387933769063336 8 39.0
14 0.47086999999978074 15 36.0
15 0.0 18 36.0
16 0.2244765852636732 17 33.0
17 6.582271728518942 4 31.0
18 0.6337043199446049 14 22.0
1 6.164918055940709 2 84.0
2 1.4537334757997642 13 63.0
3 4.520984961076866 5 55.0
4 3.2684751093880102 7 54.0
5 6.930510092310745 1 54.0
6 5.524110092310714 3 53.0
7 1.0170252358534932 14 51.0
8 2.716253451490073 8 49.0
9 2.0356999999999923 11 47.0
10 0.6368899999999558 15 43.0
11 0.0 18 42.0
12 4.553434465984501 4 41.0
13 1.77952178405522 12 39.0
14 0.5856534514901726 16 36.0
15 0.32499545616926007 17 36.0
16 2.5002895624478305 9 33.0
17 4.228583970892089 6 31.0
18 2.056095456169351 10 22.0
1 5.7920000000000025 2 84.0
2 1.059513839023285 15 63.0
3 2.5697633845805985 6 55.0
4 3.295651935338 4 54.0
5 4.398538629889215 3 54.0
6 6.10890667194212 1 53.0
7 1.8269999999999993 10 51.0
8 1.3896066719421207 12 49.0
9 1.056750522269951 16 47.0
10 2.1391491092018944 7 43.0
11 1.699612887180645 11 42.0
12 2.836729489034588 5 41.0
13 2.0415634207551467 9 39.0
14 0.0 18 36.0
15 1.3779128871806439 13 36.0
16 1.174146454894866 14 33.0
17 2.096668080488355 8 31.0
18 0.6245376599593 17 22.0
1 9.057079090907171 1 84.0
2 5.061516363618388 5 63.0
3 3.1128690908904613 9 55.0
4 5.102258181843733 4 54.0
5 7.63841636360876 2 54.0
6 6.232016363639877 3 53.0
7 3.4198690909017064 7 51.0
8 1.5141800000054841 15 49.0
9 0.0 18 47.0
10 2.0704999998746842 13 43.0
11 4.949816363618387 6 42.0
12 3.3595418182043306 8 41.0
13 1.48963 16 39.0
14 2.1216790908849967 12 36.0
15 2.4131163635272217 11 36.0
16 2.7948990909017066 10 33.0
17 1.0436418181548963 17 31.0
18 1.519649899975847 14 22.0
1 6.935400000000023 1 84.0
2 1.649425707474553 16 63.0
3 3.310216466894094 9 55.0
4 3.9452570679162045 6 54.0
5 5.26773096208881 4 54.0
6 5.975278205462777 2 53.0
7 1.8270000000001596 15 51.0
8 3.6002629320831567 7 49.0
9 5.820125707473265 3 47.0
10 2.965050711899893 11 43.0
11 3.5001867079853737 8 42.0
12 2.060651941968466 14 41.0
13 2.869916348054472 13 39.0
14 0.0 18 36.0
15 1.1272644957629785 17 36.0
16 2.9300459881241103 12 33.0
17 3.2598782054614626 10 31.0
18 4.525440922854147 5 22.0
1 7.1384723201620925 2 84.0
2 0.8249151396728771 17 63.0
3 2.21717232016208 11 55.0
4 4.03625248226951 7 54.0
5 7.3422179968157 1 54.0
6 5.935817996815734 3 53.0
7 2.77521660153422 10 51.0
8 4.9671573657547885 5 49.0
9 5.324617299174975 4 47.0
10 0.0 18 43.0
11 3.7862445592704983 8 42.0
12 1.234144559270503 15 41.0
13 4.820203013460672 6 39.0
14 1.1007576798378884 16 36.0
15 1.3084751396728476 14 36.0
16 1.911252401215783 12 33.0
17 1.5102276798377883 13 31.0
18 3.534933677811615 9 22.0
1 6.697311194057807 1 84.0
2 0.3455395774456509 17 63.0
3 1.9534497949508003 11 55.0
4 3.9896192643738226 4 54.0
5 3.2524060937271573 7 54.0
6 4.413375689405811 3 53.0
7 1.4541470957371 12 51.0
8 3.515153483389394 6 49.0
9 2.2909664890367694 10 47.0
10 3.22911371364186 8 43.0
11 1.1192400919107517 13 42.0
12 4.679674090094654 2 41.0
13 0.6156152236928856 15 39.0
14 0.9686198685482621 14 36.0
15 0.412713713341474 16 36.0
16 3.592074090073732 5 33.0
17 2.75209456644877 9 31.0
18 0.0 18 22.0
1 6.765500000007391 1 84.0
2 2.804376098364127 9 63.0
3 4.26531548090022 6 55.0
4 6.095709999999997 3 54.0
5 6.439275974885268 2 54.0
6 5.348026518051995 4 53.0
7 1.7901384794733806 15 51.0
8 3.8897589040991454 7 49.0
9 2.689335498938763 10 47.0
10 1.6462366738918064 17 43.0
11 2.177899999999999 13 42.0
12 2.1980905587918205 11 41.0
13 1.9585127889941432 14 39.0
14 2.1857758513879704 12 36.0
15 1.7270914943391118 16 36.0
16 3.0728154989418393 8 33.0
17 5.095075480895381 5 31.0
18 0.0 18 22.0
1 5.618860758596597 1 84.0
2 2.056514292519076 11 63.0
3 3.2436755425190773 6 55.0
4 3.4260424868465504 5 54.0
5 4.435707360888096 3 54.0
6 4.68966798940783 2 53.0
7 0.0 18 51.0
8 1.9830829920686002 12 49.0
9 2.531739279047492 8 47.0
10 0.19443624933480885 17 43.0
11 0.6734690780785089 16 42.0
12 3.8370110313137724 4 41.0
13 2.3472967925190766 10 39.0
14 0.8159983540719016 15 36.0
15 0.827526148642084 14 36.0
16 2.7494110313137727 7 33.0
17 2.511746026454978 9 31.0
18 0.8931537160752063 13 22.0
1 9.619970197993364 1 84.0
2 0.33062719477080327 17 63.0
3 3.043128976839693 11 55.0
4 6.430070197993363 4 54.0
5 5.049970099021161 6 54.0
6 8.194726996721133 2 53.0
7 2.9188700990098364 12 51.0
8 0.6606813211443305 15 49.0
9 4.622349537988578 7 47.0
10 3.838283597340509 8 43.0
11 0.0 18 42.0
12 7.90044953795963 3 41.0
13 3.4417701982610462 9 39.0
14 1.3221906600923523 13 36.0
15 3.1919495379596285 10 36.0
16 0.5951128053011976 16 33.0
17 5.479326996634177 5 31.0
18 0.6661512210519378 14 22.0
1 6.30162455931559 1 84.0
2 0.6133149403906164 16 63.0
3 3.166416175291384 7 55.0
4 4.532426025281883 3 54.0
5 4.4252744649779885 4 54.0
6 5.174742521081263 2 53.0
7 3.9438060252818885 5 51.0
8 1.6576392653930243 12 49.0
9 2.755413263842039 8 47.0
10 1.2644161752913827 13 43.0
11 2.716466825974894 9 42.0
12 0.9492292469720383 15 41.0
13 1.158251052447299 14 39.0
14 0.0 18 36.0
15 2.345987250656237 10 36.0
16 1.7946407784581369 11 33.0
17 3.721847473426857 6 31.0
18 0.3899260252818877 17 22.0
1 10.54472445783187 1 84.0
2 3.1537195180730544 7 63.0
3 1.6840680722918162 12 55.0
4 7.077928192772456 3 54.0
5 4.385546144572593 4 54.0
6 8.37628506024133 2 53.0
7 0.3068571084344973 17 51.0
8 1.1176607228920987 15 49.0
9 1.9001159036148934 10 47.0
10 2.014521927711969 9 43.0
11 1.6969461445803915 11 42.0
12 3.9269913252997535 5 41.0
13 1.407678313253644 13 39.0
14 0.9593544578389439 16 36.0
15 0.0 18 36.0
16 2.324119518072951 8 33.0
17 1.3688244578298883 14 31.0
18 3.7792244578326404 6 22.0
1 10.587660006542613 1 84.0
2 7.3502600065398696 5 63.0
3 5.993044950940137 8 55.0
4 10.44370741007198 2 54.0
5 8.609158685417233 3 54.0
6 8.483744950949662 4 53.0
7 1.1097100000000033 17 51.0
8 6.199896765862355 7 49.0
9 2.6496653531720944 16 47.0
10 3.58936258992816 14 43.0
11 5.7849742871146494 9 42.0
12 3.6588310595155953 13 41.0
13 3.0084925899273482 15 39.0
14 4.149756818183034 11 36.0
15 0.0 18 36.0
16 5.2732424787454235 10 33.0
17 3.8908074100725436 12 31.0
18 6.301207410071845 6 22.0
1 7.74733964718885 1 84.0
2 1.7384937290819018 10 63.0
3 2.7366903051222495 4 55.0
4 1.890414389330299 7 54.0
5 4.760995515840733 3 54.0
6 5.145643801132423 2 53.0
7 1.3017943893303003 13 51.0
8 0.0 18 49.0
9 0.44166925685112135 17 47.0
10 1.1344106369176672 14 43.0
11 2.0164418227172787 6 42.0
12 1.8522747083433095 8 41.0
13 0.8301830395373251 16 39.0
14 0.9873483509494951 15 36.0
15 1.369266040015698 12 36.0
16 1.6620263771492976 11 33.0
17 2.5663093901891982 5 31.0
18 1.8217507416999765 9 22.0
1 5.621993097575283 2 84.0
2 0.05438073178004332 17 63.0
3 4.7478333581264005 6 55.0
4 7.237256578730602 1 54.0
5 4.774137843658994 5 54.0
6 4.967019591914129 3 53.0
7 0.9344333581263831 13 51.0
8 2.6962561474658386 10 49.0
9 3.0178787177865547 9 47.0
10 0.1576800000000116 16 43.0
11 2.4225413849414976 11 42.0
12 0.42661100682442843 15 41.0
13 0.7488834118083032 14 39.0
14 0.0 18 36.0
15 1.1900411885156945 12 36.0
16 3.3246297361917865 8 33.0
17 4.937641188515699 4 31.0
18 3.35931315746119 7 22.0
1 9.50248324588181 1 84.0
2 1.4055000000000328 16 63.0
3 5.181925362202667 5 55.0
4 9.021724281591379 2 54.0
5 6.835155317301233 3 54.0
6 6.493772089224367 4 53.0
7 4.219577915683401 9 51.0
8 3.3959593090535805 12 49.0
9 2.5031425567772665 15 47.0
10 3.2263699296870363 13 43.0
11 4.564935540537775 7 42.0
12 2.5981879232303164 14 41.0
13 0.0 18 39.0
14 0.7565499999999981 17 36.0
15 3.576993840003781 11 36.0
16 4.233895183867408 8 33.0
17 4.909678236765821 6 31.0
18 4.011482713606211 10 22.0
1 9.8648599969919 2 84.0
2 3.9682700082239655 15 63.0
3 8.118680003527844 5 55.0
4 14.415049999956818 1 54.0
5 3.6888000000437846 16 54.0
6 9.252669998597087 3 53.0
7 4.305279984560053 14 51.0
8 6.788979999428083 8 49.0
9 8.138969998592012 4 47.0
10 4.630200004017446 13 43.0
11 7.198359999206034 7 42.0
12 1.4005999998650465 17 41.0
13 5.06556000354521 11 39.0
14 7.442350000175988 6 36.0
15 0.0 18 36.0
16 5.018559997114134 12 33.0
17 5.769250005962194 9 31.0
18 5.317800000689256 10 22.0
1 10.332354057156387 1 84.0
2 6.762686010636563 4 63.0
3 4.189917644089735 13 55.0
4 6.023268905263072 6 54.0
5 7.473311466136688 2 54.0
6 6.8231000000066775 3 53.0
7 3.9434959105999665 14 51.0
8 3.606770447166525 15 49.0
9 4.772468905266871 10 47.0
10 0.0 18 43.0
11 5.5018534716384915 9 42.0
12 5.635688976471435 8 41.0
13 4.70377591060565 11 39.0
14 5.781467964126663 7 36.0
15 3.434947021677914 17 36.0
16 4.548088976452446 12 33.0
17 6.190937964123074 5 31.0
18 3.5375877698595817 16 22.0
1 7.060439460352166 1 84.0
2 1.9068542176716385 10 63.0
3 1.9934579983749818 9 55.0
4 3.1982596202421827 5 54.0
5 4.69596451233941 2 54.0
6 0.5898000000000272 17 53.0
7 0.6537097839266823 16 51.0
8 1.573743995125007 13 49.0
9 2.5875097839265884 6 47.0
10 3.5529597839266693 3 43.0
11 2.2478743667576637 8 42.0
12 2.255907079371323 7 41.0
13 1.0487319938347812 15 39.0
14 1.8205680061654057 11 36.0
15 1.5352970308441423 14 36.0
16 0.0 18 33.0
17 1.7068608078198224 12 31.0
18 3.4358097839266657 4 22.0
1 7.042848854856852 1 84.0
2 0.38502260032503033 15 63.0
3 2.646159287410922 7 55.0
4 3.0977196437054566 6 54.0
5 3.110091908988615 4 54.0
6 4.9977562995374285 2 53.0
7 1.0719562995374319 12 51.0
8 2.1257493636704523 9 49.0
9 1.6774442242780274 10 47.0
10 0.4251465395674374 14 43.0
11 1.611039592449044 11 42.0
12 0.0 18 41.0
13 3.105379439929984 5 39.0
14 1.00248999874984 13 36.0
15 0.2738315026878264 17 36.0
16 2.595709516189519 8 33.0
17 4.4086493636704525 3 31.0
18 0.30799653956743756 16 22.0
1 7.559025877467525 1 84.0
2 0.9358017156076579 12 63.0
3 3.57705972150298 5 55.0
4 5.8729576458914226 2 54.0
5 4.353662158196213 4 54.0
6 4.941701816403529 3 53.0
7 0.07024058030755231 17 51.0
8 0.23401683562788733 15 49.0
9 0.7913000231020044 13 47.0
10 1.811461137513101 9 43.0
11 0.5514768356278876 14 42.0
12 3.2708508189568937 6 41.0
13 2.4382213248665803 7 39.0
14 1.9525842251398693 8 36.0
15 0.0 18 36.0
16 1.3847016148117866 10 33.0
17 0.1662275787324745 16 31.0
18 1.294092826398968 11 22.0
1 9.368090387560105 1 84.0
2 2.8866086879925303 11 63.0
3 4.599199772069492 5 55.0
4 3.7831199999999954 9 54.0
5 5.6876342958804535 2 54.0
6 5.189968687968097 4 53.0
7 0.0 18 51.0
8 2.577317147910931 13 49.0
9 5.241850797896257 3 47.0
10 2.4150859675757657 16 43.0
11 3.8782686879632875 8 42.0
12 4.310423606870392 6 41.0
13 3.037481003065612 10 39.0
14 2.4326903875625323 15 36.0
15 1.2897439336279009 17 36.0
16 2.5111793439636543 14 33.0
17 3.9196000002001417 7 31.0
18 2.5827870479522286 12 22.0
1 6.992938502258815 1 84.0
2 0.0 18 63.0
3 1.5851026637362609 12 55.0
4 4.2173810462474 3 54.0
5 3.960312008791217 4 54.0
6 4.29515532747252 2 53.0
7 0.5814033186813095 16 51.0
8 3.0695663560984885 5 49.0
9 2.3462640175824445 7 47.0
10 1.583659262037205 13 43.0
11 2.1362231553745756 8 42.0
12 1.7658341809613627 10 41.0
13 1.3791321820673061 14 39.0
14 0.5939126637362613 15 36.0
15 0.4835600000000022 17 36.0
16 1.8095156408681143 9 33.0
17 2.732294209938136 6 31.0
18 1.6971521008109722 11 22.0
1 5.673325664224048 2 84.0
2 1.4649660304063832 14 63.0
3 2.803250118951342 9 55.0
4 3.1174538522877273 6 54.0
5 5.643087365210546 3 54.0
6 7.648540000000041 1 53.0
7 1.4876668737209235 13 51.0
8 2.5395600000003005 10 49.0
9 2.825811921514189 8 47.0
10 0.8254399999999749 17 43.0
11 2.9931740625504704 7 42.0
12 0.0 18 41.0
13 0.899060759890459 16 39.0
14 1.8175564685587133 12 36.0
15 1.9485260304063905 11 36.0
16 1.4173600000000397 15 33.0
17 3.1737474572304754 5 31.0
18 3.309128343022544 4 22.0
1 12.86729754314012 1 84.0
2 1.0045000001620035 16 63.0
3 7.6145537715694385 3 55.0
4 1.28471 15 54.0
5 7.935457866410241 2 54.0
6 7.289022435361572 4 53.0
7 4.098046228467733 11 51.0
8 3.486531875036854 12 49.0
9 5.72494131459537 6 47.0
10 0.0 18 43.0
11 1.9961599999999997 13 42.0
12 5.324510000022423 8 41.0
13 4.358912995721577 10 39.0
14 6.623363771573693 5 36.0
15 1.804502456927811 14 36.0
16 0.17490000000000006 17 33.0
17 5.220658685313415 9 31.0
18 5.375619288841807 7 22.0
1 10.55977778548095 1 84.0
2 3.0750000000000046 12 63.0
3 6.152357770417431 5 55.0
4 9.889987785480958 3 54.0
5 4.364027405081675 9 54.0
6 7.2023540030853095 4 53.0
7 2.9519842237749603 13 51.0
8 5.507328257531771 6 49.0
9 0.0 18 47.0
10 2.070500000000006 15 43.0
11 3.548187283303093 10 42.0
12 2.075827405081675 14 41.0
13 4.611512678947376 8 39.0
14 2.0277666744101746 16 36.0
15 0.9453459969147056 17 36.0
16 3.5413319938294094 11 33.0
17 10.026467785480957 2 31.0
18 4.676685075680587 7 22.0
1 9.375503089438826 1 84.0
2 7.519503965207464 2 63.0
3 2.4822974182496194 10 55.0
4 5.24575585522157 4 54.0
5 3.969226399527405 7 54.0
6 4.901710327001351 5 53.0
7 1.737206949514171 16 51.0
8 4.6338691847166835 6 49.0
9 2.0122717746516323 14 47.0
10 1.7995065823245817 15 43.0
11 2.0705840834515703 13 42.0
12 2.7519735261894898 9 41.0
13 3.0867344042257763 8 39.0
14 0.0 18 36.0
15 2.4006558552214905 11 36.0
16 2.3135103655633715 12 33.0
17 1.3111919265951837 17 31.0
18 6.1601387456981795 3 22.0
1 13.023995488991368 1 84.0
2 0.0 18 63.0
3 4.619550368625232 10 55.0
4 6.3057279285372 6 54.0
5 8.925964117065526 2 54.0
6 8.283202923478775 3 53.0
7 4.970335188609925 9 51.0
8 3.563902923478771 14 49.0
9 4.170700000000001 12 47.0
10 4.253698393216467 11 43.0
11 3.967014392446157 13 42.0
12 7.667869592875664 4 41.0
13 3.510380728655841 15 39.0
14 6.08859548899137 7 36.0
15 0.4835600000000051 17 36.0
16 6.040262448682627 8 33.0
17 6.601144661561485 5 31.0
18 2.497563964268601 16 22.0
1 1.5751370967743752 8 84.0
2 1.1563000000002464 12 63.0
3 3.23489903225809 5 55.0
4 0.9053470967742578 14 54.0
5 3.7331999999996723 3 54.0
6 6.494362258064806 1 53.0
7 0.31672709677477084 16 51.0
8 1.442029354838798 11 49.0
9 2.331200000000247 6 47.0
10 0.0 18 43.0
11 1.0446000000002467 13 42.0
12 1.4450000000003784 10 41.0
13 0.6141000000002463 15 39.0
14 0.17105774193576484 17 36.0
15 1.4574809677422769 9 36.0
16 2.133427096774279 7 33.0
17 3.4502245161288125 4 31.0
18 5.3622000000001115 2 22.0
1 11.779308539297698 1 84.0
2 5.480677041192808 16 63.0
3 6.4156557677884205 15 55.0
4 10.198899962518283 2 54.0
5 8.45056662920285 5 54.0
6 8.29225426966783 6 53.0
7 8.476877041184492 4 51.0
8 4.809999999901774 17 49.0
9 8.04051153559072 10 47.0
10 8.809503295867392 3 43.0
11 7.546360636688341 11 42.0
12 0.0 18 41.0
13 8.228633295866842 7 39.0
14 6.914051385744532 12 36.0
15 6.443181385826317 14 36.0
16 6.786233295870179 13 33.0
17 8.061709737808728 9 31.0
18 8.174281385744534 8 22.0
1 8.231610555466728 1 84.0
2 4.994210555466727 3 63.0
3 4.325201751674312 5 55.0
4 2.689600000000002 11 54.0
5 5.125792993302768 2 54.0
6 4.847623879248467 4 53.0
7 2.9589551493016364 10 51.0
8 3.4481303491833812 7 49.0
9 1.635323495140998 15 47.0
10 3.095209295875831 9 43.0
11 1.9530731541652395 13 42.0
12 0.0 18 41.0
13 1.967954100612669 12 39.0
14 3.310972755989208 8 36.0
15 1.7263310131897123 14 36.0
16 0.8732964966513839 17 33.0
17 3.612754281548443 6 31.0
18 0.8757502499729681 16 22.0
1 6.461439999998387 3 84.0
2 3.6261400000051887 8 63.0
3 1.540140000002979 16 55.0
4 2.875799999995847 10 54.0
5 7.306400000111257 1 54.0
6 5.899999999977279 4 53.0
7 2.4687799999983904 12 51.0
8 2.0744599999984947 14 49.0
9 2.4130599999946165 13 47.0
10 0.0 18 43.0
11 4.617799999970583 5 42.0
12 4.501200000004875 6 41.0
13 4.238939999998493 7 39.0
14 1.9948999999705501 15 36.0
15 0.506680000002981 17 36.0
16 2.796540000001875 11 33.0
17 6.621449999977282 2 31.0
18 3.4805999999772816 9 22.0
1 5.5328761960478765 1 84.0
2 0.0 18 63.0
3 1.9074647362360606 10 55.0
4 4.856328896988413 3 54.0
5 4.20278742566635 5 54.0
6 4.984828557453237 2 53.0
7 1.3703125743327211 15 51.0
8 2.0330874256664964 8 49.0
9 3.122049115671965 7 47.0
10 1.9805288969881278 9 43.0
11 0.9520334951098277 16 42.0
12 0.9507291655489858 17 41.0
13 1.8612715979272978 11 39.0
14 1.822848896988176 12 36.0
15 1.4668439324717923 13 36.0
16 1.3952277652032306 14 33.0
17 4.3661406790722985 4 31.0
18 3.197943932477084 6 22.0
1 7.901400460808896 1 84.0
2 3.6407989522260458 4 63.0
3 1.1119328535584831 16 55.0
4 2.8451000000000013 5 54.0
5 5.123196630721852 2 54.0
6 4.0018149875351225 3 53.0
7 0.2406271158241422 17 51.0
8 1.9679585465913005 9 49.0
9 2.126335561669815 8 47.0
10 2.363371203538083 6 43.0
11 1.7764689806851455 11 42.0
12 1.7901043310143323 10 41.0
13 1.602840170782137 12 39.0
14 1.2109750499159262 15 36.0
15 0.0 18 36.0
16 1.466412853558484 13 33.0
17 2.1284968916738958 7 31.0
18 1.2377112787237547 14 22.0
1 8.07038148134499 1 84.0
2 3.6966494963552616 4 63.0
3 2.3688839732860494 10 55.0
4 3.5656236621349495 5 54.0
5 4.531952141805413 2 54.0
6 4.304542172956463 3 53.0
7 1.3032018202292666 17 51.0
8 1.436283255674647 15 49.0
9 3.18347698101734 6 47.0
10 1.956590944823632 11 43.0
11 1.753743255674645 14 42.0
12 0.0 18 41.0
13 1.7904070131187977 13 39.0
14 2.4400380244056015 9 36.0
15 1.3100763378650506 16 36.0
16 1.852496143873534 12 33.0
17 2.861584284437148 8 31.0
18 3.041176337865055 7 22.0
1 9.722505859111175 1 84.0
2 0.16123585911104277 17 63.0
3 2.236219596444463 10 55.0
4 3.632314343999946 5 54.0
5 4.135819596444443 4 54.0
6 4.273756363999999 3 53.0
7 2.7804058591110996 8 51.0
8 0.0 18 49.0
9 2.248705859110792 9 47.0
10 0.596738081333311 15 43.0
11 3.2948907075554965 6 42.0
12 5.526805859111173 2 41.0
13 2.090935152000009 11 39.0
14 1.9113555560000095 12 36.0
15 0.8183058591111871 14 36.0
16 1.2914003035556434 13 33.0
17 2.9673714146668937 7 31.0
18 0.4510135360000125 16 22.0
1 4.3680976798890185 4 84.0
2 1.4387316580451877 14 63.0
3 3.0234673666721026 9 55.0
4 3.0591655009194243 8 54.0
5 5.32797985885861 1 54.0
6 5.320909422880235 2 53.0
7 0.7328902330739275 15 51.0
8 2.0793345925949507 11 49.0
9 4.330942779762149 5 47.0
10 1.840525461238025 12 43.0
11 2.2251337493598626 10 42.0
12 0.0 18 41.0
13 0.6013276917957704 17 39.0
14 4.814152779762147 3 36.0
15 0.6907473072434556 16 36.0
16 3.883744640869421 6 33.0
17 3.7023426714510754 7 31.0
18 1.7233754612380225 13 22.0
1 8.826517026612802 1 84.0
2 1.797905197626662 15 63.0
3 3.093958868775221 8 55.0
4 3.863472119075353 4 54.0
5 4.900597313266161 3 54.0
6 5.4403903990885825 2 53.0
7 2.01101683400383 14 51.0
8 2.9490779056198084 10 49.0
9 0.0 18 47.0
10 2.0705000000000027 13 43.0
11 2.454856592588097 11 42.0
12 3.1526972001748392 7 41.0
13 1.3901366398007984 16 39.0
14 2.337204088161727 12 36.0
15 0.25527592680209743 17 36.0
16 3.048259367795002 9 33.0
17 3.2397797345288444 6 31.0
18 3.7216688669624722 5 22.0
1 6.6391383744745776 1 84.0
2 1.2365866351107595 15 63.0
3 2.688374151979935 7 55.0
4 2.689600000000002 6 54.0
5 5.140328571928793 2 54.0
6 4.27806717317978 3 53.0
7 0.9906041719298233 16 51.0
8 3.9028601908764875 4 49.0
9 1.9802817774987638 8 47.0
10 1.4514604729039369 12 43.0
11 1.4126584206128634 13 42.0
12 0.0 18 41.0
13 1.6395265037790507 9 39.0
14 1.5644156943758318 11 36.0
15 0.5048354661906402 17 36.0
16 1.5690374938925777 10 33.0
17 3.580146620366632 5 31.0
18 1.3227443906266572 14 22.0
1 5.8857569649476895 1 84.0
2 0.6279963946450509 15 63.0
3 1.675547125827209 11 55.0
4 4.385484618241084 3 54.0
5 4.122938458570036 4 54.0
6 4.843678791786209 2 53.0
7 2.2530851061901727 8 51.0
8 0.0 18 49.0
9 2.9665731900872183 5 47.0
10 1.6900361036867655 10 43.0
11 0.4045966049172989 17 42.0
12 1.5684206820548057 12 41.0
13 0.7105034979463556 13 39.0
14 0.6485866312209554 14 36.0
15 2.566187234788874 6 36.0
16 2.345736257797691 7 33.0
17 1.8850673774513511 9 31.0
18 0.5806100764360489 16 22.0
1 9.109747352942456 1 84.0
2 0.0 18 63.0
3 6.8096 6 55.0
4 8.439957352941192 3 54.0
5 6.160450882351161 7 54.0
6 8.952098235295507 2 53.0
7 2.996200000001382 12 51.0
8 5.2659491176465885 8 49.0
9 3.7932619117647537 11 47.0
10 2.9881569117625877 13 43.0
11 1.2712619117647561 17 42.0
12 2.765942058826553 14 41.0
13 4.074501764714234 10 39.0
14 7.645201764704663 4 36.0
15 4.100047352936509 9 36.0
16 2.1552219117617004 16 33.0
17 7.548849117647384 5 31.0
18 2.4544619117658826 15 22.0
1 8.717249387842907 1 84.0
2 3.387515510076874 11 63.0
3 3.317601224488799 12 55.0
4 5.859203673446311 3 54.0
5 4.146623673466925 6 54.0
6 6.696223673547422 2 53.0
7 1.8545355101889847 17 51.0
8 1.9769236734413391 16 49.0
9 4.2078506122451245 5 47.0
10 2.383015510241101 14 43.0
11 4.2625334694177734 4 42.0
12 3.8280155101889846 9 41.0
13 4.056090612221181 8 39.0
14 2.326411224482067 15 36.0
15 3.824191428533249 10 36.0
16 4.130731836704745 7 33.0
17 0.0 18 31.0
18 2.4103999999591808 13 22.0
1 6.765500000022798 9 84.0
2 4.139910000006216 11 63.0
3 9.545810000009435 5 55.0
4 6.095709999992483 10 54.0
5 3.825800000014248 12 54.0
6 13.211150000007793 1 53.0
7 2.8005000000038036 15 51.0
8 8.216110000002997 8 49.0
9 10.89471000000728 2 47.0
10 8.772430000008946 7 43.0
11 1.1372000000060254 16 42.0
12 3.406110000014722 13 41.0
13 0.7067000000060224 17 39.0
14 9.863120000007799 4 36.0
15 9.39225000000775 6 36.0
16 3.310310000013733 14 33.0
17 10.272590000007877 3 31.0
18 0.0 18 22.0
1 7.473263050746469 1 84.0
2 0.7620183688057307 17 63.0
3 3.9252071128927075 6 55.0
4 4.750737502608134 5 54.0
5 5.77835549504559 4 54.0
6 6.533811044270937 2 53.0
7 3.635729630895368 8 51.0
8 6.407436949253727 3 49.0
9 2.911855879103337 10 47.0
10 3.6864809122121662 7 43.0
11 2.1838919256004434 13 42.0
12 1.5974369492539557 16 41.0
13 3.618418403389253 9 39.0
14 2.7877890644903673 11 36.0
15 2.089555495045669 14 36.0
16 2.5047972266378715 12 33.0
17 0.0 18 31.0
18 1.5983259276755195 15 22.0
1 10.97341013149655 1 84.0
2 5.3163014777708195 16 63.0
3 8.04106147777081 6 55.0
4 10.776194433312462 3 54.0
5 8.9502419536631 5 54.0
6 6.823100000000028 8 53.0
7 5.359820262993248 15 51.0
8 5.791247651847271 13 49.0
9 6.5144475547900145 9 47.0
10 0.0 18 43.0
11 6.121561477770867 11 42.0
12 6.935201477770817 7 41.0
13 5.631575400751501 14 39.0
14 4.813297980588661 17 36.0
15 5.799861477770808 12 36.0
16 6.2332999999998915 10 33.0
17 9.353223365685599 4 31.0
18 10.852401477770815 2 22.0
1 5.954869663593183 3 84.0
2 0.30551427384104946 17 63.0
3 4.070233798876545 9 55.0
4 4.733129663534186 6 54.0
5 6.275609663592329 2 54.0
6 6.385079979420361 1 53.0
7 4.144509663606889 7 51.0
8 2.480710297414225 13 49.0
9 5.419133807625419 5 47.0
10 2.4923169044586793 12 43.0
11 3.624308453250467 10 42.0
12 2.026525915359745 14 41.0
13 1.4915084513752015 15 39.0
14 0.3501102955595563 16 36.0
15 0.0 18 36.0
16 5.802613806217392 4 33.0
17 4.07168309629352 8 31.0
18 3.0412870020144185 11 22.0
1 7.6245854903159564 1 84.0
2 4.977701970656327 3 63.0
3 2.0870219220543493 10 55.0
4 3.923465896072467 5 54.0
5 5.985281003656979 2 54.0
6 4.826165490584314 4 53.0
7 1.4363820909585474 15 51.0
8 1.7814084659222604 13 49.0
9 2.2045333771374054 9 47.0
10 0.8522887613496932 16 43.0
11 3.2966810036569787 6 42.0
12 1.8973755497303006 12 41.0
13 0.7433084659222602 17 39.0
14 1.6744296120233932 14 36.0
15 0.0 18 36.0
16 1.9119494337266798 11 33.0
17 2.7129278912127575 8 31.0
18 3.10930197065633 7 22.0
1 6.76738614921956 1 84.0
2 2.220574685527521 11 63.0
3 3.3269389586882414 7 55.0
4 5.063493068641729 4 54.0
5 5.252584263291502 3 54.0
6 6.345283056705622 2 53.0
7 0.0 18 51.0
8 2.0707530447695324 13 49.0
9 4.676098929960919 5 47.0
10 2.523901931325884 9 43.0
11 2.850424613316149 8 42.0
12 0.895020000000001 16 41.0
13 2.1842753816903575 12 39.0
14 0.2964641903352283 17 36.0
15 1.0017633040603375 15 36.0
16 1.3304092434323462 14 33.0
17 3.8439532466056874 6 31.0
18 2.4070530746097822 10 22.0
1 7.405927234750603 1 84.0
2 0.13025077170585986 16 63.0
3 3.9624746945471254 5 55.0
4 5.337655980726744 3 54.0
5 4.731574694550327 4 54.0
6 2.6818272347215872 7 53.0
7 1.4208799999999313 15 51.0
8 1.8458523151590671 12 49.0
9 3.7342015433979863 6 47.0
10 2.402172315103915 9 43.0
11 2.042974694439081 11 42.0
12 2.315899999988293 10 41.0
13 1.6124746945298156 14 39.0
14 0.04419324759626342 17 36.0
15 5.7940999999999345 2 36.0
16 1.7925797749049663 13 33.0
17 0.0 18 31.0
18 2.41039999999874 8 22.0
1 4.412608153846845 8 84.0
2 5.944806923076412 4 63.0
3 4.579457538461676 6 55.0
4 6.553723692308899 2 54.0
5 6.479057538461605 3 54.0
6 7.526891846152856 1 53.0
7 0.44760815384329833 17 51.0
8 3.5682069230798437 9 49.0
9 3.0699000000000036 11 47.0
10 0.8399400000017896 16 43.0
11 3.45864461538525 10 42.0
12 2.519460000000248 12 41.0
13 5.51359184615415 5 39.0
14 1.5737550769215267 14 36.0
15 0.0 18 36.0
16 1.4318599999992765 15 33.0
17 4.561324153845786 7 31.0
18 1.7311000000004364 13 22.0
1 6.454315233886611 1 84.0
2 2.203720422021621 8 63.0
3 3.4745894166071976 5 55.0
4 3.9711602866028946 3 54.0
5 3.881105162009888 4 54.0
6 4.088714254225172 2 53.0
7 0.9015529507445958 17 51.0
8 2.5690125282954877 6 49.0
9 1.9483244071180115 10 47.0
10 1.629734345504804 12 43.0
11 2.092193669922835 9 42.0
12 0.9840781897802682 16 41.0
13 1.751163523833429 11 39.0
14 1.4846636994870754 14 36.0
15 0.0 18 36.0
16 1.0267864683423273 15 33.0
17 2.351725459171932 7 31.0
18 1.5125843455048051 13 22.0
