1 4.500118988005999 2 84.0
2 1.4419635082458775 13 63.0
3 3.251063988005999 4 55.0
4 4.709361094452775 1 54.0
5 4.2179622863568245 3 54.0
6 2.5079311619190414 8 53.0
7 2.976665494752625 6 51.0
8 0.8480276761619188 17 49.0
9 2.6666588380809597 7 47.0
10 2.350599092953525 10 43.0
11 1.5467306896551731 11 42.0
12 1.2365794190404789 15 41.0
13 1.258423868065968 14 39.0
14 1.4464899775112448 12 36.0
15 2.4559838830584724 9 36.0
16 1.0551942128935536 16 33.0
17 0.0 18 31.0
18 3.0280894190404806 5 22.0
