1 1.7392445508465595 9 95.0
2 3.807671117267805 1 91.0
3 0.6291888462280895 17 77.0
4 1.2809263508037536 14 72.0
5 0.730822797652403 16 72.0
6 1.303365659609606 13 64.0
7 2.681151341652427 4 60.0
8 1.926733473718656 8 57.0
9 1.0164648456006358 15 54.0
10 2.399651021447804 5 54.0
11 3.026714061461389 3 43.0
12 3.237499821283931 2 41.0
13 2.178980851543845 6 40.0
14 1.4674727333476025 10 40.0
15 1.9348027853994083 7 39.0
16 0.3366610979081448 18 39.0
17 0.0 20 38.0
18 0.2596530832682695 19 35.0
19 1.4624592247515764 11 25.0
20 1.3925762174826157 12 21.0
