1 3.481457325810619 5 95.0
2 8.888957325812118 1 91.0
3 1.7974809887178833 14 77.0
4 2.9366080358311852 6 72.0
5 2.63257465162465 9 72.0
6 3.5510224552096483 4 64.0
7 2.59331901127507 10 60.0
8 2.737268221631167 8 57.0
9 1.2864136629054597 16 54.0
10 1.7710183145323974 15 54.0
11 2.560932388851591 11 43.0
12 2.4157100000004204 12 41.0
13 2.7649973258121188 7 40.0
14 1.2538881287317862 17 40.0
15 0.38378366290548227 18 39.0
16 0.0 20 39.0
17 3.7360136629054823 3 38.0
18 3.801925700066169 2 35.0
19 0.3724135235567645 19 25.0
20 2.3027703848691217 13 21.0
1 5.759310139068014 2 95.0
2 4.851915141131567 5 91.0
3 4.175278129973798 9 77.0
4 4.481872210361954 7 72.0
5 5.292247334371009 3 72.0
6 5.273347929106379 4 64.0
7 3.946102457695544 12 60.0
8 6.208986409041957 1 57.0
9 3.093956909222152 14 54.0
10 2.72451514113177 16 54.0
11 2.720440193731984 17 43.0
12 3.961763368913789 11 41.0
13 4.390800000000031 8 40.0
14 4.153684597856699 10 40.0
15 3.658495579275672 13 39.0
16 2.9647838737176 15 39.0
17 2.2381112603585525 18 38.0
18 0.0 20 35.0
19 1.5742761272002475 19 25.0
20 4.694067789637851 6 21.0
1 4.901498486858967 4 95.0
2 4.400556420351706 7 91.0
3 3.221890339083132 11 77.0
4 3.4377844478893103 10 72.0
5 4.640472297847622 6 72.0
6 5.627360992135147 2 64.0
7 2.302893805266275 15 60.0
8 3.936107865816432 9 57.0
9 1.160548919811565 17 54.0
10 6.529990992134939 1 54.0
11 0.5856777800810296 18 43.0
12 1.8092640033886784 16 41.0
13 3.968196597930685 8 40.0
14 4.975264003388649 3 40.0
15 4.646003173709023 5 39.0
16 2.581813001160074 14 39.0
17 0.13221300116002643 19 38.0
18 2.733440663175659 13 35.0
19 0.0 20 25.0
20 2.841488925551264 12 21.0
1 4.922172844207845 10 95.0
2 6.874666540863386 4 91.0
3 8.460840832245747 1 77.0
4 8.46084083221879 2 72.0
5 4.128576928079815 13 72.0
6 5.380995272331818 6 64.0
7 2.980386422131603 19 60.0
8 4.500957700118132 12 57.0
9 3.155736649953498 18 54.0
10 4.1197408323757205 14 54.0
11 5.208180005821923 8 43.0
12 6.913480005828815 3 41.0
13 4.577976838206107 11 40.0
14 3.3394984669104772 15 40.0
15 5.357024975002635 7 39.0
16 3.1610922494286253 17 39.0
17 6.187524974923866 5 38.0
18 5.097036650064739 9 35.0
19 0.0 20 25.0
20 3.1942615447734948 16 21.0
1 4.598999999887358 8 95.0
2 7.0006869014577955 1 91.0
3 5.105406866310629 6 77.0
4 4.352739664709915 10 72.0
5 6.500645306206334 2 72.0
6 5.168713404063337 5 64.0
7 4.559762329302124 9 60.0
8 5.2971601797705485 3 57.0
9 3.5565112545507547 12 54.0
10 4.873286901427707 7 54.0
11 2.5283606123963915 16 43.0
12 2.449599999982671 17 41.0
13 5.225425352157372 4 40.0
14 2.6956698323647186 15 40.0
15 2.8062076896013215 13 39.0
16 0.0 20 39.0
17 2.238613404098061 18 38.0
18 1.315530135165495 19 35.0
19 2.714530612385747 14 25.0
20 3.9289005245196504 11 21.0
1 5.341033662372436 5 95.0
2 5.947817049261138 1 91.0
3 5.430060385026608 3 77.0
4 5.430060385021085 4 72.0
5 4.131821129679246 7 72.0
6 3.276794927505563 11 64.0
7 5.667991089846158 2 60.0
8 2.3340926681549243 15 57.0
9 3.7831871507220156 10 54.0
10 3.9999209883845515 8 54.0
11 5.1023651187058245 6 43.0
12 0.7388776624789308 19 41.0
13 2.302220260104671 16 40.0
14 3.117309977300321 12 40.0
15 1.8725203419736614 17 39.0
16 1.3124473318663856 18 39.0
17 2.7030203419778416 13 38.0
18 2.380860341954394 14 35.0
19 0.0 20 25.0
20 3.8345390695535695 9 21.0
1 4.11675611949941 8 95.0
2 6.283774584565896 3 91.0
3 3.4484122381173115 9 77.0
4 3.44841223767552 10 72.0
5 5.344079414414667 4 72.0
6 5.133456119689059 6 64.0
7 5.304071149150052 5 60.0
8 6.454879414603171 2 57.0
9 1.8280959467877 18 54.0
10 2.7778255710734094 12 54.0
11 4.753837680727523 7 43.0
12 2.3455122400475488 14 41.0
13 1.8810805925093477 17 40.0
14 0.9654542129137647 19 40.0
15 3.023958904403757 11 39.0
16 6.881237680681068 1 39.0
17 2.3347983935947276 15 38.0
18 2.065762107318153 16 35.0
19 0.0 20 25.0
20 2.731952238037019 13 21.0
1 2.541166279000873 9 95.0
2 5.495004916926465 1 91.0
3 1.3950185938858786 14 77.0
4 1.9280995231928573 11 72.0
5 2.9194416973447304 5 72.0
6 2.913267947505073 6 64.0
7 3.2449949951117514 4 60.0
8 3.862878738549779 2 57.0
9 0.7318095445524964 16 54.0
10 1.8574527596337786 12 54.0
11 2.094649137588795 10 43.0
12 1.7656648052427528 13 41.0
13 1.184078167033371 15 40.0
14 2.77655857396876 7 40.0
15 2.7335785530208763 8 39.0
16 0.4572692402666845 18 39.0
17 3.4930185739687625 3 38.0
18 0.36191435726871846 19 35.0
19 0.0 20 25.0
20 0.5588030118737366 17 21.0
1 3.7605999998565096 11 95.0
2 6.125473475992943 2 91.0
3 4.396886758369148 7 77.0
4 4.396886758505124 6 72.0
5 4.804674414271639 4 72.0
6 3.7036554024789927 13 64.0
7 3.741408246666217 12 60.0
8 3.4329855861466094 16 57.0
9 2.207179041839211 18 54.0
10 3.9751299081786176 10 54.0
11 4.832880295678028 3 43.0
12 4.291767910364205 8 41.0
13 3.613701172222358 14 40.0
14 2.1469144138578935 19 40.0
15 2.8633744137521777 17 39.0
16 7.1063790417755754 1 39.0
17 4.656779041759344 5 38.0
18 4.11905234459439 9 35.0
19 0.0 20 25.0
20 3.4747223441179815 15 21.0
1 4.599000000023623 5 95.0
2 5.501600000018473 2 91.0
3 2.063200000014744 13 77.0
4 4.974033333365885 4 72.0
5 2.0632000000174053 12 72.0
6 5.437370000017323 3 64.0
7 4.0044000000135895 7 60.0
8 7.359333333347618 1 57.0
9 2.7411666666855816 11 54.0
10 0.5162400000147436 18 54.0
11 3.288000000014625 10 43.0
12 2.063200000014744 14 41.0
13 2.1505464076199132e-11 19 40.0
14 1.243966666683936 16 40.0
15 3.5411333333476227 8 39.0
16 0.0 20 39.0
17 1.94130000001625 15 38.0
18 4.512800000018241 6 35.0
19 0.8384000000303944 17 25.0
20 3.4960700000188076 9 21.0
1 8.486811989764268 1 95.0
2 6.83807361483124 3 91.0
3 3.135336569988125 14 77.0
4 4.370506321790438 8 72.0
5 4.458535382927715 7 72.0
6 4.8220660354985085 6 64.0
7 4.317039617132649 9 60.0
8 5.6884105290034555 4 57.0
9 2.542058921328734 18 54.0
10 2.0480877580399888 19 54.0
11 4.953153451602124 5 43.0
12 3.8101177112715376 11 41.0
13 3.2763476648520897 13 40.0
14 3.8652862953327833 10 40.0
15 7.978481988272229 2 39.0
16 2.865430250047801 16 39.0
17 2.9678691985323176 15 38.0
18 2.5810936058292553 17 35.0
19 0.0 20 25.0
20 3.5356686542206885 12 21.0
1 7.125129128052491 1 95.0
2 6.871221867868773 2 91.0
3 5.447529278479441 8 77.0
4 4.7158335186835965 10 72.0
5 4.9712999364493955 9 72.0
6 6.02418124591321 6 64.0
7 6.0162130992500344 7 60.0
8 6.160480690341438 5 57.0
9 4.028969919388005 14 54.0
10 4.118915293471369 13 54.0
11 4.657621877235015 11 43.0
12 3.9792450204246665 15 41.0
13 3.7532512908037945 16 40.0
14 6.747702081616714 3 40.0
15 2.579636749827177 18 39.0
16 3.3141181266212207 17 39.0
17 2.193301358082782 19 38.0
18 6.517479412652378 4 35.0
19 0.0 20 25.0
20 4.274581144621352 12 21.0
1 6.757447689787095 3 95.0
2 8.276029754324995 1 91.0
3 5.826429754258525 7 77.0
4 6.0960999999992165 6 72.0
5 7.473907689759252 2 72.0
6 6.643391390314706 4 64.0
7 4.6300476897811675 14 60.0
8 4.542729652417781 15 57.0
9 3.716425769048025 16 54.0
10 3.6400996524331184 18 54.0
11 5.446447689781059 9 43.0
12 4.879830500384917 11 41.0
13 5.754795857854191 8 40.0
14 5.3055165729243035 10 40.0
15 4.785189610717392 12 39.0
16 0.0 20 39.0
17 6.166025768946121 5 38.0
18 3.6233880916659076 19 35.0
19 3.6610292029553237 17 25.0
20 4.702091390353804 13 21.0
1 7.879100000008226 5 95.0
2 10.194132741816462 1 91.0
3 7.744532741816979 6 77.0
4 8.406659882310725 2 72.0
5 8.256116642139373 3 72.0
6 8.012359882304846 4 64.0
7 3.8825000000000776 17 60.0
8 7.2153345752052545 8 57.0
9 6.151727263702436 14 54.0
10 6.788620172858267 12 54.0
11 5.641460573739631 15 43.0
12 7.0431099411545635 9 41.0
13 6.874438841484475 10 40.0
14 7.300132741818748 7 40.0
15 0.0 20 39.0
16 3.2800999999984337 18 39.0
17 0.8305000000003968 19 38.0
18 6.866260573744573 11 35.0
19 4.984410463409242 16 25.0
20 6.7557327418192665 13 21.0
1 3.9052369230049795 8 95.0
2 6.850093076929502 3 91.0
3 3.1431403848383024 12 77.0
4 8.07868961539089 1 72.0
5 4.660611538462582 7 72.0
6 2.95704038463011 13 64.0
7 5.255161538485302 5 60.0
8 3.2116965384660077 11 57.0
9 5.74308961539089 4 54.0
10 1.8956034615620703 15 54.0
11 1.4100403845667664 17 43.0
12 0.0 20 41.0
13 6.9678896153807015 2 40.0
14 1.6646965384671375 16 40.0
15 0.18524038457874914 19 39.0
16 3.248822692258422 10 39.0
17 3.636061538462583 9 38.0
18 0.9751369230960645 18 35.0
19 2.0891615384104263 14 25.0
20 4.750126153865397 6 21.0
1 9.541910518455857 1 95.0
2 8.860359479701327 4 91.0
3 7.435771804069863 12 77.0
4 7.000909001890446 15 72.0
5 8.137399999956303 5 72.0
6 8.046755104213643 6 64.0
7 7.889929707954376 9 60.0
8 7.724595104005132 10 57.0
9 5.113859479872175 18 54.0
10 9.033580520423884 3 54.0
11 7.179862899963733 14 43.0
12 7.8917128123805185 8 41.0
13 9.128350601701454 2 40.0
14 7.420940000230861 13 40.0
15 7.957729480592992 7 39.0
16 0.0 20 39.0
17 7.563459479841066 11 38.0
18 2.8439000000097137 19 35.0
19 5.925886797336729 17 25.0
20 6.406359001961552 16 21.0
1 5.305388782094891 5 95.0
2 6.072283583040944 2 91.0
3 5.932181231788942 4 77.0
4 4.183018607013212 10 72.0
5 6.233743212287083 1 72.0
6 4.59229235084622 7 64.0
7 3.8311268964353946 12 60.0
8 4.2760996256452515 9 57.0
9 3.208869251290235 14 54.0
10 2.6343341531901823 18 54.0
11 5.950216338642774 3 43.0
12 3.970738726853552 11 41.0
13 5.010368339468924 6 40.0
14 2.729099625644726 17 40.0
15 4.501635886291396 8 39.0
16 0.0 20 39.0
17 3.6859320694458058 13 38.0
18 2.843900000003079 16 35.0
19 1.7483923508465513 19 25.0
20 3.1111760950273375 15 21.0
1 7.022601980448394 7 95.0
2 8.779383065155839 3 91.0
3 9.29245085635183 1 77.0
4 7.022601980850219 6 72.0
5 9.117028883748038 2 72.0
6 8.0393019808503 4 64.0
7 4.75497282914975 14 60.0
8 7.055944397758221 5 57.0
9 0.0 20 54.0
10 5.232207058829246 12 54.0
11 5.615700000322915 10 43.0
12 4.717207895031815 15 41.0
13 6.338449195672334 9 40.0
14 6.734769599846235 8 40.0
15 1.6191000000144635 19 39.0
16 5.388366130467062 11 39.0
17 2.449599999996261 18 38.0
18 4.901650856284185 13 35.0
19 2.667094801887221 17 25.0
20 3.6743999999298413 16 21.0
1 3.8762430751793264 13 95.0
2 4.911966729608717 11 91.0
3 5.926029038648075 8 77.0
4 6.947374037173487 2 72.0
5 6.194572691087311 5 72.0
6 6.553074037332088 4 64.0
7 6.136766728857874 6 60.0
8 3.972456538231227 12 57.0
9 0.0 20 54.0
10 6.6251740372027506 3 54.0
11 8.566474037210787 1 43.0
12 6.047620383594317 7 41.0
13 5.758372690834644 9 40.0
14 3.8388413464374542 14 40.0
15 3.367913078287403 16 39.0
16 5.40037403720475 10 39.0
17 2.4495999909781623 18 38.0
18 2.1274400000009717 19 35.0
19 3.7091740366279042 15 25.0
20 3.159783075739595 17 21.0
1 5.070944241224527 4 95.0
2 2.895269058498289 13 91.0
3 2.4489340550655037 15 77.0
4 3.950992011981006 7 72.0
5 7.518265380911993 1 72.0
6 6.960340077530825 2 64.0
7 3.832194323521852 8 60.0
8 6.113557503369727 3 57.0
9 2.375246188252944 16 54.0
10 2.3450925410841847 17 54.0
11 2.965962958548609 11 43.0
12 3.070826520590719 9 41.0
13 2.480214634410086 14 40.0
14 0.8780461882506905 19 40.0
15 2.973531403375178 10 39.0
16 1.2241340550679047 18 39.0
17 4.03024007753062 6 38.0
18 2.9363371603033572 12 35.0
19 0.0 20 25.0
20 4.479822994758993 5 21.0
1 2.4496299999999738 14 95.0
2 4.068700000000302 8 91.0
3 3.0243272727277244 12 77.0
4 0.7895272727271552 19 72.0
5 3.6334272727273267 10 72.0
6 4.415618181817899 5 64.0
7 6.971127272727255 1 60.0
8 2.488254545453929 13 57.0
9 0.0 20 54.0
10 1.9412999999996599 16 54.0
11 1.291227272726856 17 43.0
12 0.9888399999998776 18 41.0
13 4.249127272727 6 40.0
14 4.154839999999917 7 40.0
15 3.3018363636365056 11 39.0
16 2.3012272727272487 15 39.0
17 5.0585239393938535 2 38.0
18 4.9511406060605205 3 35.0
19 3.8051272727271646 9 25.0
20 4.521587272727205 4 21.0
1 1.4987396255954812 12 95.0
2 4.529575829424504 3 91.0
3 3.1385878025578346 5 77.0
4 2.210964246209497 9 72.0
5 8.265157737901601 1 72.0
6 2.7262707218675883 6 64.0
7 4.03361947072594 4 60.0
8 2.6751313172997633 7 57.0
9 0.33768187943882033 18 54.0
10 6.804457765368355 2 54.0
11 2.498212782446512 8 43.0
12 2.086857734993345 10 41.0
13 1.5507801062253779 11 40.0
14 0.5000231422695418 17 40.0
15 0.7795784963900501 14 39.0
16 0.22217196912315273 19 39.0
17 0.6919746368980242 15 38.0
18 0.5005811520807992 16 35.0
19 0.0 20 25.0
20 0.8752428936006686 13 21.0
1 7.069352743433569 3 95.0
2 11.75062788732308 1 91.0
3 5.196339411817677 7 77.0
4 7.52216702785043 2 72.0
5 4.805383888044438 12 72.0
6 6.624857185587857 4 64.0
7 4.9118177760888955 9 60.0
8 6.121367557485036 5 57.0
9 4.806050610596551 11 54.0
10 4.106060825464735 15 54.0
11 5.420147776088853 6 43.0
12 3.848668829625561 17 41.0
13 4.878916111955755 10 40.0
14 5.063927887322978 8 40.0
15 2.864083888044444 19 39.0
16 3.037821234397043 18 39.0
17 4.0212660750492475 16 38.0
18 0.0 20 35.0
19 4.291312821303936 14 25.0
20 4.403487776088853 13 21.0
1 6.312537945260583 1 95.0
2 0.0 20 91.0
3 3.8255449797314416 7 77.0
4 2.729900000000208 13 72.0
5 3.1352816036568 12 72.0
6 5.615817878273862 3 64.0
7 4.425216993933747 5 60.0
8 4.237686202742494 6 57.0
9 1.4009688175254804 17 54.0
10 5.804207945260613 2 54.0
11 1.9104816036569776 14 43.0
12 3.4813300784858714 10 41.0
13 1.6190999999999474 15 40.0
14 4.5948309107898835 4 40.0
15 1.6003174361038497 16 39.0
16 0.694077004571966 18 39.0
17 3.4823847086222717 9 38.0
18 3.2350183204438796 11 35.0
19 0.39740085127787905 19 25.0
20 3.6228294480064207 8 21.0
1 2.382266476790203 6 95.0
2 1.812724818942798 8 91.0
3 1.2918523607053503 12 77.0
4 0.604352903984501 17 72.0
5 1.6485059316449513 10 72.0
6 3.956374351823764 3 64.0
7 3.044989637882697 4 60.0
8 2.9859926908631005 5 57.0
9 0.5769292871824188 18 54.0
10 0.8081386017574055 15 54.0
11 0.0 20 43.0
12 1.4258896378850456 11 41.0
13 1.6658064767899423 9 40.0
14 0.7354191931778371 16 40.0
15 0.9100948189437783 14 39.0
16 1.2278463454327238 13 39.0
17 4.147889637885043 2 38.0
18 4.269789637885517 1 35.0
19 0.2010896378848841 19 25.0
20 2.0422422268584337 7 21.0
1 2.6762108644614604 6 95.0
2 5.1240719820925085 2 91.0
3 2.7806786380437147 5 77.0
4 2.2057713567713715 10 72.0
5 3.1227928191598058 4 72.0
6 2.4688882670642918 8 64.0
7 6.348871982092507 1 60.0
8 4.03820077374216 3 57.0
9 1.1608538142839593 13 54.0
10 2.638320372151546 7 54.0
11 2.096900773742164 11 43.0
12 1.51742854279648 12 41.0
13 0.3336695439285191 19 40.0
14 0.7172016246629984 15 40.0
15 0.7980782405452269 14 39.0
16 0.6199810139325164 16 39.0
17 0.338971982092511 18 38.0
18 2.295721278228777 9 35.0
19 0.0 20 25.0
20 0.5029318219247914 17 21.0
1 3.7010751025165045 5 95.0
2 5.827917210896802 1 91.0
3 2.663197908172608 10 77.0
4 3.6737632157224045 6 72.0
5 4.771544937681552 2 72.0
6 3.7959821054151477 4 64.0
7 3.5960409951082193 7 60.0
8 4.75425810120718 3 57.0
9 1.619100000000051 15 54.0
10 2.208738876105355 11 54.0
11 1.4912792084842104 16 43.0
12 1.1828004139030914 18 41.0
13 3.0119269893109375 9 40.0
14 1.8012118935353618 13 40.0
15 1.8977465234331183 12 39.0
16 0.0 20 39.0
17 1.6703657526202678 14 38.0
18 1.4371172108968677 17 35.0
19 1.0272792575551852 19 25.0
20 3.0494134040331824 8 21.0
1 5.465079500003194 8 95.0
2 10.884752999998717 1 91.0
3 8.447326500000205 3 77.0
4 5.465079499998998 9 72.0
5 9.362199999999923 2 72.0
6 6.4817794999988125 6 64.0
7 3.696554999999209 16 60.0
8 7.221430500000023 5 57.0
9 2.1273999999999247 19 54.0
10 7.384409499999816 4 54.0
11 4.20488499999973 12 43.0
12 4.437557000000062 11 41.0
13 4.154899999999602 14 40.0
14 5.652099999999674 7 40.0
15 4.549199999999673 10 39.0
16 4.154899999999639 13 39.0
17 2.4363304999978226 18 38.0
18 4.068699999998282 15 35.0
19 0.0 20 25.0
20 3.436543499999884 17 21.0
1 3.6077791078339905 8 95.0
2 6.014730671222383 1 91.0
3 3.5159063074553236 9 77.0
4 2.83250892210909 13 72.0
5 4.058760535793411 5 72.0
6 4.51753067127197 2 64.0
7 4.271901369089017 4 60.0
8 1.7380686306126245 17 57.0
9 0.5132286300790239 19 54.0
10 2.375817202453474 15 54.0
11 3.768211537008142 6 43.0
12 3.7465484980928903 7 41.0
13 3.2063172024825515 12 40.0
14 1.2134089221547428 18 40.0
15 0.0 20 39.0
16 4.406053869131072 3 39.0
17 1.9564538692344198 16 38.0
18 2.454528630734754 14 35.0
19 3.2380650175566434 11 25.0
20 3.3783738692696597 10 21.0
1 6.726230684037045 2 95.0
2 6.405589967425197 3 91.0
3 4.782698762213428 5 77.0
4 4.558019609123324 6 72.0
5 5.018648762215331 4 72.0
6 3.4384000000001005 11 64.0
7 1.87834996742677 15 60.0
8 7.400360325733869 1 57.0
9 2.6590899674271897 12 54.0
10 1.593904299674217 18 54.0
11 3.5352042996746125 10 43.0
12 3.76055999999968 8 41.0
13 1.819260000000082 16 40.0
14 1.1618899674265273 19 40.0
15 3.5941499022790793 9 39.0
16 3.782577915310658 7 39.0
17 1.76673980455961 17 38.0
18 0.0 20 35.0
19 2.516180195440983 13 25.0
20 2.0645199674267705 14 21.0
1 7.072217438427874 5 95.0
2 7.1212323444606564 4 91.0
3 5.202229908178153 16 77.0
4 5.954843929031152 13 72.0
5 8.798743929031154 1 72.0
6 7.007529908178155 6 64.0
7 6.782281404788468 10 60.0
8 8.312004486398356 2 57.0
9 2.7317939290311526 19 54.0
10 6.687155608856092 11 54.0
11 6.830657945593413 9 43.0
12 6.9118721565262184 7 41.0
13 6.2318193632540995 12 40.0
14 5.2935000000000025 15 40.0
15 3.8787927108899005 18 39.0
16 5.4623556088560905 14 39.0
17 4.53845551360165 17 38.0
18 7.545334486398357 3 35.0
19 0.0 20 25.0
20 6.901004486398356 8 21.0
1 3.864961716977393 6 95.0
2 4.3908000000000005 1 91.0
3 3.614764618879454 7 77.0
4 3.246467632462196 8 72.0
5 4.2724682830226115 2 72.0
6 4.099740582991466 4 64.0
7 3.870806995365857 5 60.0
8 4.144647693843245 3 57.0
9 2.8245123893153323 10 54.0
10 2.29226053205273 14 54.0
11 2.9167251799140295 9 43.0
12 2.7894773274841174 12 41.0
13 2.794785455697435 11 40.0
14 1.9236617169773917 15 40.0
15 1.5786225754660879 18 39.0
16 1.8950380902575854 16 39.0
17 0.5129704905166128 19 38.0
18 0.0 20 35.0
19 1.6016989615160204 17 25.0
20 2.7096538594735393 13 21.0
1 4.085445062170504 1 95.0
2 2.935456647240306 3 91.0
3 2.660863041280221 4 77.0
4 1.953917625165087 9 72.0
5 2.036855798708193 8 72.0
6 2.4182323196870894 5 64.0
7 2.2986014603610756 6 60.0
8 3.0168090728098287 2 57.0
9 0.10060217129173976 19 54.0
10 1.4018630001274772 11 54.0
11 0.82604721368218 15 43.0
12 2.148023599950811 7 41.0
13 1.0292568411231544 13 40.0
14 1.698071415729809 10 40.0
15 0.6361076226648207 17 39.0
16 0.7676853616519357 16 39.0
17 0.3851629938908452 18 38.0
18 1.1396337196808495 12 35.0
19 0.0 20 25.0
20 1.0253239674567274 14 21.0
1 5.318807722016571 2 95.0
2 2.127399999999992 14 91.0
3 3.6796644781361962 5 77.0
4 2.4058920817867953 11 72.0
5 3.480465665429424 6 72.0
6 2.9512405419397507 9 64.0
7 3.352200000000028 7 60.0
8 3.794988323280312 4 57.0
9 1.9262936090654494 15 54.0
10 0.0 20 54.0
11 5.600988317354207 1 43.0
12 3.0306154440331654 8 41.0
13 4.303318323280322 3 40.0
14 1.2823461017947804 18 40.0
15 2.2110902391421385 13 39.0
16 1.7701307952570797 17 39.0
17 1.8659530508973767 16 38.0
18 2.6520508247618464 10 35.0
19 0.10734054193973686 19 25.0
20 2.227853019716831 12 21.0
1 1.5756026356636785 17 95.0
2 6.018569302309856 4 91.0
3 4.390799999999908 10 77.0
4 5.176166976743795 6 72.0
5 4.273526976740237 11 72.0
6 3.556835968997017 14 64.0
7 5.043062790699024 8 60.0
8 5.107199999999194 7 57.0
9 8.667529999999935 1 54.0
10 4.459465968991173 9 54.0
11 6.795266976744252 3 43.0
12 3.589484651167482 12 41.0
13 5.615530000000163 5 40.0
14 3.5570669767453995 13 40.0
15 7.764900000000232 2 39.0
16 2.1010539534977815 15 39.0
17 0.322100000000233 19 38.0
18 0.0 20 35.0
19 1.8129255813913465 16 25.0
20 0.8591426356578382 18 21.0
1 6.292348109921959 3 95.0
2 5.196075785596644 8 91.0
3 7.19710162955138 1 77.0
4 4.542214127955429 10 72.0
5 5.888784160332937 4 72.0
6 3.271387892798317 18 64.0
7 5.745223376609244 5 60.0
8 6.578661947759285 2 57.0
9 2.1633775162323188 19 54.0
10 4.040023664941521 13 54.0
11 5.725856813976447 6 43.0
12 3.4393141279554333 16 41.0
13 5.517514618079552 7 40.0
14 4.148469328344449 12 40.0
15 4.229762537121837 11 39.0
16 3.6230609465905377 15 39.0
17 3.372966921075521 17 38.0
18 3.7412345909693094 14 35.0
19 0.0 20 25.0
20 4.699329094673712 9 21.0
1 2.562033790283791 10 95.0
2 4.881018936135018 1 91.0
3 2.9960878377662796 7 77.0
4 3.4749533642853834 5 72.0
5 2.7357927642776603 9 72.0
6 3.2113168951426365 6 64.0
7 3.724104170508083 3 60.0
8 3.7139102700840922 4 57.0
9 1.0616634747024218 18 54.0
10 2.272812200826523 12 54.0
11 1.7338000880724416 15 43.0
12 2.372053364285957 11 41.0
13 1.899556618151053 14 40.0
14 1.2991864901649208 17 40.0
15 0.3180484673904336 19 39.0
16 3.8612000880721675 2 39.0
17 1.638753774050307 16 38.0
18 2.8920528377662764 8 35.0
19 0.0 20 25.0
20 1.9938822748797413 13 21.0
1 5.992194115738499 4 95.0
2 5.0852349839167506 7 91.0
3 3.295326945358536 12 77.0
4 4.039155498388726 10 72.0
5 6.883055498415627 2 72.0
6 5.658255498388721 5 64.0
7 6.119555852102124 3 60.0
8 2.7498300000021847 13 57.0
9 0.9026300000005678 17 54.0
10 1.8471999999908482 14 54.0
11 5.040794549847665 8 43.0
12 1.6587342765226167 15 41.0
13 4.725654549844141 9 40.0
14 5.2126167202101925 6 40.0
15 0.0 20 39.0
16 7.168194549838303 1 39.0
17 0.8305000000026506 18 38.0
18 3.6860404180208954 11 35.0
19 0.4132648874702043 19 25.0
20 1.6238730546641964 16 21.0
1 3.670998094041188 8 95.0
2 4.640275487927951 4 91.0
3 2.8098116338707606 10 77.0
4 2.5013293075343 11 72.0
5 4.840270957934378 3 72.0
6 3.6736693634895263 7 64.0
7 4.3782893075342635 5 60.0
8 4.886629307534258 2 57.0
9 0.0 20 54.0
10 3.693055498675436 6 54.0
11 2.9507605210271817 9 43.0
12 1.1358301216882618 17 41.0
13 1.4055833886253641 15 40.0
14 1.5917533886243462 14 40.0
15 0.358448686917622 19 39.0
16 2.2289293075342664 12 39.0
17 1.188521313075126 16 38.0
18 5.603089307534265 1 35.0
19 0.6689393420011682 18 25.0
20 1.7254900459465254 13 21.0
1 3.760599999999988 12 95.0
2 6.867062714347672 1 91.0
3 4.633553626359683 5 77.0
4 3.961632093748101 11 72.0
5 4.257777400532729 9 72.0
6 4.421435933144193 6 64.0
7 4.852327400532741 4 60.0
8 5.262353040718417 3 57.0
9 1.5290126477645796 19 54.0
10 3.6851696278744206 13 54.0
11 3.385868639732775 15 43.0
12 2.2345872479186055 18 41.0
13 6.00054735002028 2 40.0
14 4.298611590531403 8 40.0
15 4.312093904406873 7 39.0
16 3.404279154966891 14 39.0
17 3.978612647764566 10 38.0
18 3.2207480594763163 16 35.0
19 0.0 20 25.0
20 2.8942830201327503 17 21.0
1 8.093638725404416 3 95.0
2 13.50113872540448 1 91.0
3 7.868239377841565 5 77.0
4 7.719677347836788 6 72.0
5 9.548857564921654 2 72.0
6 7.9850416506975535 4 64.0
7 7.329416403660842 7 60.0
8 3.831993339079951 16 57.0
9 2.263399999999998 19 54.0
10 3.027665826593524 18 54.0
11 5.823700000000005 12 43.0
12 7.217560622158432 8 41.0
13 6.585827491512381 9 40.0
14 5.908060959486416 11 40.0
15 5.139693270649639 13 39.0
16 3.747247759134168 17 39.0
17 5.919625515312004 10 38.0
18 4.450150851566363 14 35.0
19 0.0 20 25.0
20 3.9998567928638398 15 21.0
1 3.5792725580307585 8 95.0
2 5.655954647527924 1 91.0
3 3.160487398789985 9 77.0
4 4.668350013739197 4 72.0
5 4.5350915771207445 5 72.0
6 4.169933071466164 6 64.0
7 3.0076407045832356 11 60.0
8 5.399213510579594 3 57.0
9 1.6550675285139596 15 54.0
10 2.0243391038786855 13 54.0
11 5.648494927799842 2 43.0
12 1.7121988518817073 14 41.0
13 2.1702710530590053 12 40.0
14 1.3572607811484996 16 40.0
15 0.693055043606865 19 39.0
16 0.8535705701834342 18 39.0
17 1.128638487966358 17 38.0
18 0.0 20 35.0
19 3.049250002139226 10 25.0
20 3.7071949655703342 7 21.0
1 4.423712739373617 5 95.0
2 3.566274310586704 7 91.0
3 4.709834421444202 4 77.0
4 3.778683500276363 6 72.0
5 4.999593483801236 3 72.0
6 2.7775805042795065 11 64.0
7 5.117348049682027 2 60.0
8 5.797241677919876 1 57.0
9 2.1034744014650024 15 54.0
10 2.0774792569790783 16 54.0
11 0.5832521552932985 18 43.0
12 1.3085354732307823 17 41.0
13 3.33384069747586 8 40.0
14 2.2072700121422697 14 40.0
15 2.2343816002303973 13 39.0
16 0.458005846411325 19 39.0
17 3.211197373636495 10 38.0
18 2.352951423433697 12 35.0
19 0.0 20 25.0
20 3.302279256979055 9 21.0
1 5.775067577253071 1 95.0
2 5.324510484784813 2 91.0
3 4.0718015788288655 6 77.0
4 4.062382000569522 7 72.0
5 4.4833179994360295 5 72.0
6 4.608186010536672 3 64.0
7 3.891726010536245 9 60.0
8 3.0071296136561285 10 57.0
9 0.06708444382002776 18 54.0
10 2.0083844438222442 13 54.0
11 4.016173000854314 8 43.0
12 0.8550017998246897 17 41.0
13 8.184564137536654e-13 19 40.0
14 2.8325280022772406 12 40.0
15 4.545232700241748 4 39.0
16 0.0 20 39.0
17 1.2906820005702166 15 38.0
18 1.7022955962453585 14 35.0
19 1.2102751423931328 16 25.0
20 2.9514843102945796 11 21.0
1 3.465653421855018 3 95.0
2 4.353359296253416 1 91.0
3 3.216855625188094 5 77.0
4 1.507257784160822 11 72.0
5 3.5886121786597527 2 72.0
6 3.378760505343335 4 64.0
7 2.6827988162369576 8 60.0
8 1.7481140309021752 10 57.0
9 1.020278981769331 15 54.0
10 1.3979709354644818 12 54.0
11 2.4353019232044675 9 43.0
12 0.55211328032629 17 41.0
13 1.1029388990031435 14 40.0
14 0.0 20 40.0
15 1.2597890645355223 13 39.0
16 2.9029060179119677 6 39.0
17 0.6990299349037232 16 38.0
18 0.2679464479524305 18 35.0
19 0.09199524401018278 19 25.0
20 2.685982178659752 7 21.0
1 4.477037785854616 2 95.0
2 2.206557184840927 12 91.0
3 5.085254369560879 1 77.0
4 3.314927313481209 5 72.0
5 3.8473396187203406 3 72.0
6 3.4384000009257276 4 64.0
7 2.2156188563714188 11 60.0
8 2.6659294280892962 8 57.0
9 0.7811291419132709 18 54.0
10 2.7224291417865345 7 54.0
11 1.9055152052894202 14 43.0
12 2.7923815542195354 6 41.0
13 2.2041273134577115 13 40.0
14 2.3150192376105405 10 40.0
15 1.303927184656731 17 39.0
16 2.3976091418935126 9 39.0
17 1.3765940171427644 16 38.0
18 0.0 20 35.0
19 0.1736660943863617 19 25.0
20 1.4923836566648223 15 21.0
1 3.9387780000975408 3 95.0
2 4.752611666672173 1 91.0
3 1.7550700000072208 17 77.0
4 2.7973446666565303 9 72.0
5 2.713938000013182 10 72.0
6 4.2048700000006525 2 64.0
7 2.952811333323197 7 60.0
8 2.6577000000089894 11 57.0
9 3.4946780000131827 6 54.0
10 1.7550700000066572 18 54.0
11 3.7867160000103026 4 43.0
12 2.8759150000153317 8 41.0
13 1.9414700000155647 16 40.0
14 1.9974779999754526 15 40.0
15 3.72117833333884 5 39.0
16 0.9888400000085342 19 39.0
17 2.2797319999850543 13 38.0
18 2.4175850000104724 12 35.0
19 0.0 20 25.0
20 2.2236639999837506 14 21.0
1 4.0618542478351545 7 95.0
2 6.017190196411267 1 91.0
3 4.019736128916946 8 77.0
4 4.406142222123066 4 72.0
5 3.9977962735467787 10 72.0
6 5.738252071243748 2 64.0
7 4.592346273547103 3 60.0
8 3.0721626372644657 12 57.0
9 0.0 20 54.0
10 2.2669206169093314 16 54.0
11 1.6763422221231 18 43.0
12 4.011842222123066 9 41.0
13 3.388068013570147 11 40.0
14 4.212014183555199 6 40.0
15 4.334042222122936 5 39.0
16 2.00446223819273 17 39.0
17 1.2003180644586275 19 38.0
18 2.8649613186323495 13 35.0
19 2.7870422221231173 14 25.0
20 2.584823955897323 15 21.0
1 4.547139223876162 2 95.0
2 2.005499999999376 12 91.0
3 2.7000196119410402 8 77.0
4 4.3192339254368 4 72.0
5 4.510387716351138 3 72.0
6 6.12608565660442 1 64.0
7 4.186707238755636 5 60.0
8 0.758719611940045 19 57.0
9 2.3759874628108273 10 54.0
10 0.8105803880553635 18 54.0
11 3.8720707466585065 6 43.0
12 0.0 20 41.0
13 2.1078524030926995 11 40.0
14 2.4795256566044235 9 40.0
15 1.9078486535114738 13 39.0
16 1.8344540023780698 14 39.0
17 3.1959856566332085 7 38.0
18 1.475179611940216 15 35.0
19 0.8456140023437881 16 25.0
20 0.8308496119401929 17 21.0
1 8.010992133393898 1 95.0
2 3.9052962665831905 8 91.0
3 5.747592132921055 3 77.0
4 2.771699999971904 13 72.0
5 5.615600000129998 4 72.0
6 7.302645200083175 2 64.0
7 4.175427333313109 7 60.0
8 3.875453333437015 9 57.0
9 2.4701273334104794 14 54.0
10 3.786957866452077 10 54.0
11 1.598099599966976 16 43.0
12 2.967345866741947 12 41.0
13 4.788998266531439 6 40.0
14 1.8456578666967052 15 40.0
15 3.0026662670521604 11 39.0
16 0.5177458666516994 18 39.0
17 0.0 20 38.0
18 5.080892133320117 5 35.0
19 0.8311967999016279 17 25.0
20 0.4668962666735976 19 21.0
1 5.887632592242644 5 95.0
2 7.207461192349125 2 91.0
3 6.044449073990341 4 77.0
4 6.044449074042136 3 72.0
5 5.293500000050653 7 72.0
6 5.524744503819591 6 64.0
7 7.3413490740318625 1 60.0
8 4.26567691343844 12 57.0
9 3.3896047528185154 16 54.0
10 5.265577881058254 8 54.0
11 4.8531977260581245 9 43.0
12 4.548777152906873 10 41.0
13 2.82771151193501 18 40.0
14 3.832295297685787 13 40.0
15 3.4588490740339024 15 39.0
16 2.9249398014997947 17 39.0
17 4.289349074033512 11 38.0
18 0.0 20 35.0
19 1.9360998014471495 19 25.0
20 3.521714900750096 14 21.0
1 4.366225675821971 1 95.0
2 3.939977141941574 4 91.0
3 3.421327821042039 6 77.0
4 3.404224774493962 7 72.0
5 2.9554278828363625 10 72.0
6 4.292896160493359 2 64.0
7 3.559582441282083 5 60.0
8 4.282844659272786 3 57.0
9 1.456465941585982 17 54.0
10 2.468173771701912 14 54.0
11 3.1666947385949547 8 43.0
12 2.5271937298026286 13 41.0
13 2.7700727674514867 11 40.0
14 2.0081767901246925 15 40.0
15 1.2335403247967103 18 39.0
16 0.0 20 39.0
17 2.7246367989253066 12 38.0
18 3.1590924148107415 9 35.0
19 1.0223744972611852 19 25.0
20 1.9376752251922662 16 21.0
1 4.295360647761543 9 95.0
2 7.523402791488866 1 91.0
3 4.3907999999802865 8 77.0
4 2.431986304078787 17 72.0
5 5.275886304081037 4 72.0
6 6.0262027915004 2 64.0
7 5.161533549250376 5 60.0
8 5.143717098504645 6 57.0
9 1.3211863040792626 18 54.0
10 3.162983864581885 12 54.0
11 5.669863549251722 3 43.0
12 3.520569794674998 10 41.0
13 2.765667729156445 14 40.0
14 4.445073549256711 7 40.0
15 3.4276667196231987 11 39.0
16 2.6009156025401143 15 39.0
17 2.566841654843267 16 38.0
18 0.0 20 35.0
19 0.958330953308625 19 25.0
20 3.089908125149404 13 21.0
1 2.746732099993742 6 95.0
2 2.837724581135934 4 91.0
3 4.249585587077442 1 77.0
4 0.3160245811359297 19 72.0
5 2.282787686402603 10 72.0
6 2.8242146625725737 5 64.0
7 1.7902619204325416 13 60.0
8 2.54972163673956 8 57.0
9 1.3504495374109386 16 54.0
10 2.2299715940216718 11 54.0
11 4.171271594018435 2 43.0
12 2.195481317668876 12 41.0
13 2.953449162271846 3 40.0
14 1.6362437434090378 14 40.0
15 2.6323225305383167 7 39.0
16 0.0 20 39.0
17 0.6922167572250235 17 38.0
18 2.364149502035738 9 35.0
19 0.5145354188628877 18 25.0
20 1.3801576864025873 15 21.0
1 2.041799068461835 10 95.0
2 6.170982943218924 1 91.0
3 3.35832207501398 5 77.0
4 4.128870618342816 2 72.0
5 3.60183317407842 3 72.0
6 2.923912164901501 6 64.0
7 2.646697119994971 7 60.0
8 1.7885530587058902 11 57.0
9 1.619099999944424 12 54.0
10 3.3583220750424463 4 54.0
11 0.7875430174058333 16 43.0
12 1.5383289119264258 13 41.0
13 0.44352433375747324 18 40.0
14 0.6130840423349468 17 40.0
15 1.0021056501264405 14 39.0
16 0.0 20 39.0
17 0.12136433376025879 19 38.0
18 2.5050130586956887 8 35.0
19 0.9737130174266915 15 25.0
20 2.1078924714040284 9 21.0
1 4.126496452360608 3 95.0
2 5.5028144608235 1 91.0
3 2.984632444485216 8 77.0
4 0.0 20 72.0
5 4.053191575995682 4 72.0
6 3.4479648889703842 5 64.0
7 4.1849494608235 2 60.0
8 2.385299999999786 12 57.0
9 2.423482608200193 10 54.0
10 2.0031764038901145 14 54.0
11 2.266162094966555 13 43.0
12 2.705709530280419 9 41.0
13 3.410036452360676 6 40.0
14 1.5383028741638056 18 40.0
15 3.308982619576403 7 39.0
16 1.5007706464302428 19 39.0
17 1.8778618354810253 15 38.0
18 2.403216302070624 11 35.0
19 1.7598324444851738 16 25.0
20 1.7076164370819404 17 21.0
1 5.4329939655329476 3 95.0
2 4.720561551773859 4 91.0
3 2.34725913795786 9 77.0
4 1.2877564367993868 13 72.0
5 5.748256551754766 1 72.0
6 1.224790000027119 15 64.0
7 5.640589770147585 2 60.0
8 0.9026300000366823 18 57.0
9 0.9740615517492557 17 54.0
10 0.0 20 54.0
11 1.0036231035422642 16 43.0
12 1.5469500000294674 11 41.0
13 3.5720591379714346 6 40.0
14 3.491693965614684 7 40.0
15 1.7580897701257407 10 39.0
16 1.240956206941073 14 39.0
17 3.6929565517450844 5 38.0
18 1.4460068965981518 12 35.0
19 0.25211620684629965 19 25.0
20 2.8555991379166823 8 21.0
1 4.693339997455767 4 95.0
2 5.708870203703255 3 91.0
3 3.8593521700543145 5 77.0
4 3.826999961447795 6 72.0
5 6.6169553777672 2 72.0
6 2.8439000447184033 10 64.0
7 3.5514142589772026 8 60.0
8 2.536572404725175 13 57.0
9 2.4608287091118553 14 54.0
10 0.8812354873398514 19 54.0
11 2.222077503852357 15 43.0
12 1.0036432449982127 18 41.0
13 7.32797020135858 1 40.0
14 1.8602485245300735 16 40.0
15 3.7041081101272506 7 39.0
16 1.6097439060243104 17 39.0
17 2.743404556212282 11 38.0
18 2.9371702020007096 9 35.0
19 0.0 20 25.0
20 2.5567240982102155 12 21.0
1 5.058956345500545 3 95.0
2 4.5127697038262955 4 91.0
3 3.054486387239908 11 77.0
4 2.856736437481805 15 72.0
5 5.700636437480826 2 72.0
6 6.133943096407457 1 64.0
7 4.314327118052418 5 60.0
8 3.838547858042258 7 57.0
9 1.497200000000385 18 54.0
10 2.9014224313944905 14 54.0
11 3.704654740477484 9 43.0
12 2.917147459192031 12 41.0
13 3.734547137859012 8 40.0
14 0.0 20 40.0
15 4.116618203244923 6 39.0
16 3.5865712031180257 10 39.0
17 2.401256345500314 16 38.0
18 0.40713643748180406 19 35.0
19 1.8296863872405484 17 25.0
20 2.901438822040161 13 21.0
1 2.595545521501154 6 95.0
2 3.489256856409151 3 91.0
3 1.3167643694018345 14 77.0
4 3.838494369401836 2 72.0
5 3.9219504894804977 1 72.0
6 2.949875545395997 4 64.0
7 1.3672680622667985 12 60.0
8 2.417297623248966 7 57.0
9 1.2552705342633235 16 54.0
10 1.3618568564091227 13 54.0
11 2.8043334782973126 5 43.0
12 1.9685963154945705 11 41.0
13 1.9851978110248678 10 40.0
14 2.2193943694014755 9 40.0
15 2.265463419753302 8 39.0
16 0.5859397422762767 18 39.0
17 0.41629469533236674 19 38.0
18 0.7551912432820957 17 35.0
19 0.0 20 25.0
20 1.2821098090389704 15 21.0
1 3.158141704833635 12 95.0
2 5.234234441656585 3 91.0
3 5.071539763838556 4 77.0
4 2.0910583097931896 14 72.0
5 4.763252561752784 5 72.0
6 4.076429501732944 7 64.0
7 5.357802561752966 2 60.0
8 4.335464309963727 6 57.0
9 0.0 20 54.0
10 3.8663152177136286 9 54.0
11 2.626226713795613 13 43.0
12 3.9722966484135522 8 41.0
13 6.296339763838596 1 40.0
14 1.971686625520465 15 40.0
15 3.817112830548764 10 39.0
16 3.3948604768992316 11 39.0
17 1.45865806848571 18 38.0
18 1.169578977521522 19 35.0
19 1.555889905791157 16 25.0
20 1.4834653411773442 17 21.0
1 4.844691737031307 2 95.0
2 3.1383927369666087 8 91.0
3 3.770201195776986 5 77.0
4 2.771699999998735 10 72.0
5 3.7021752739543126 6 72.0
6 4.1089534826105485 4 64.0
7 7.192769804639886 1 60.0
8 3.341487703168714 7 57.0
9 1.6367325869268925 14 54.0
10 2.4194297370509448 12 54.0
11 2.4773752739375743 11 43.0
12 1.419615669461478 15 41.0
13 4.470769804858789 3 40.0
14 1.255526965221207 17 40.0
15 1.3482965173933201 16 39.0
16 2.832699770803369 9 39.0
17 0.0 20 38.0
18 0.13886358259319476 19 35.0
19 1.084091736925374 18 25.0
20 2.1676534826107803 13 21.0
1 4.440464755801503 4 95.0
2 5.505554917564454 1 91.0
3 2.0782162451676145 14 77.0
4 3.7745917425234095 8 72.0
5 4.928495173036518 2 72.0
6 4.094787197291637 5 64.0
7 3.2324682862120477 9 60.0
8 3.8726753691068927 7 57.0
9 1.865401557398925 15 54.0
10 2.8473376003707305 10 54.0
11 4.046430664265169 6 43.0
12 2.2882878505394353 13 41.0
13 2.607335101913301 12 40.0
14 2.622790231542929 11 40.0
15 4.758785248566763 3 39.0
16 1.2134695668925852 18 39.0
17 1.2022575961076496 19 38.0
18 1.510364772877662 17 35.0
19 0.0 20 25.0
20 1.598535488609142 16 21.0
1 6.085206611824941 4 95.0
2 7.301359135342834 2 91.0
3 3.7727166706696633 18 77.0
4 5.8394550958728555 5 72.0
5 5.182433504663545 9 72.0
6 5.445155095872852 6 64.0
7 7.533713082742821 1 60.0
8 6.503740426323994 3 57.0
9 4.06046701693274 17 54.0
10 5.220509494816106 8 54.0
11 4.7729473479844655 13 43.0
12 5.4083110564028845 7 41.0
13 4.9975166706699 11 40.0
14 5.082366495336381 10 40.0
15 4.126445966134304 16 39.0
16 3.2727128153396645 19 39.0
17 4.475124269644891 14 38.0
18 4.961904374524659 12 35.0
19 0.0 20 25.0
20 4.280430087666572 15 21.0
1 3.86576898498695 1 95.0
2 2.3642091988611043 8 91.0
3 3.158605822446132 5 77.0
4 0.24715736615327688 18 72.0
5 3.421097462466922 2 72.0
6 2.7736368896803354 7 64.0
7 2.148399306455563 9 60.0
8 3.0451183977220317 6 57.0
9 0.5915729648636434 17 54.0
10 1.7220647460376781 10 54.0
11 0.0472546311218256 19 43.0
12 3.172899306455612 4 41.0
13 3.25447796997352 3 40.0
14 0.9582455148431971 13 40.0
15 1.119376527212018 12 39.0
16 0.679457930094407 15 39.0
17 1.657836994839376 11 38.0
18 0.6109445024745885 16 35.0
19 0.0 20 25.0
20 0.7164600000002619 14 21.0
1 4.659650568921426 2 95.0
2 10.06715056892182 1 91.0
3 2.8404544439722748 9 77.0
4 3.324578655332308 6 72.0
5 1.9842949393615874 14 72.0
6 3.426339302224257 5 64.0
7 3.2406012227338112 8 60.0
8 4.054199140399001 3 57.0
9 0.0 20 54.0
10 0.6956024335615707 19 54.0
11 2.29588061669185 13 43.0
12 2.598649261259092 11 41.0
13 1.093374201414017 16 40.0
14 2.7183505689218195 10 40.0
15 3.3151092612964574 7 39.0
16 1.093374201407195 17 39.0
17 1.2935999151116448 15 38.0
18 3.7367661576123457 4 35.0
19 0.9285576943491034 18 25.0
20 2.4602176641203335 12 21.0
1 3.6734873337041423 12 95.0
2 8.1578436668544 1 91.0
3 4.792451215017193 9 77.0
4 4.074912780884924 11 72.0
5 7.906145704330195 2 72.0
6 7.626870897200973 3 64.0
7 5.643112122049441 6 60.0
8 2.1439272917447343 16 57.0
9 0.6466465455582728 19 54.0
10 4.593507291744731 10 54.0
11 6.892739695562286 4 43.0
12 1.8996340832806107 17 41.0
13 5.603006067445186 7 40.0
14 1.471143666851194 18 40.0
15 4.801627291720328 8 39.0
16 0.0 20 39.0
17 5.741486498020427 5 38.0
18 2.8438999999863306 15 35.0
19 2.8588554555532033 14 25.0
20 3.478745553379661 13 21.0
1 4.580576820477852 11 95.0
2 6.548002071366716 1 91.0
3 6.084729955909733 2 77.0
4 4.569242094215108 12 72.0
5 6.065773159886702 3 72.0
6 5.265552027810984 7 64.0
7 5.78605986344507 4 60.0
8 5.3647259456275584 6 57.0
9 4.4657423564379295 14 54.0
10 5.037577482373188 9 54.0
11 2.8439000000011583 18 43.0
12 4.802376302278537 10 41.0
13 0.0 20 40.0
14 5.069599863444084 8 40.0
15 3.9480948494306602 16 39.0
16 3.6536786624659037 17 39.0
17 4.020877482372775 15 38.0
18 5.545907482372774 5 35.0
19 2.543245345138626 19 25.0
20 4.5470050623873055 13 21.0
1 3.6874726282237145 10 95.0
2 7.065341815723366 3 91.0
3 6.321386958984807 5 77.0
4 3.7563147773127477 9 72.0
5 7.464180328857908 2 72.0
6 5.831595141932765 6 64.0
7 8.047031225975509 1 60.0
8 5.7255553721357435 7 57.0
9 6.56155032885793 4 54.0
10 1.0386704579107753 18 54.0
11 2.1373608984885655 16 43.0
12 3.5510728016136484 11 41.0
13 3.061574182489724 13 40.0
14 0.7228273953862061 19 40.0
15 4.164531225975423 8 39.0
16 3.0427134794924102 14 39.0
17 1.9660538922838127 17 38.0
18 2.6233145146817605 15 35.0
19 0.0 20 25.0
20 3.106080017332896 12 21.0
1 3.0829343041112556 12 95.0
2 5.556461485686745 3 91.0
3 5.860832546119896 2 77.0
4 8.986033149756325 1 72.0
5 5.492352669030943 4 72.0
6 4.186024041752607 6 64.0
7 1.9653429551294865 18 60.0
8 3.919532546113583 7 57.0
9 3.735327607583069 9 54.0
10 2.833484219436804 16 54.0
11 3.5766157698280883 11 43.0
12 2.9039385468092744 14 41.0
13 3.6297596866703783 10 40.0
14 5.42291560792683 5 40.0
15 2.9134488706176094 13 39.0
16 2.889933149749024 15 39.0
17 0.0 20 38.0
18 1.685921868542057 19 35.0
19 2.564617320221248 17 25.0
20 3.738640708367521 8 21.0
1 3.4062875025479253 9 95.0
2 6.211652999219404 1 91.0
3 2.4760105904707363 13 77.0
4 3.5721737648481455 7 72.0
5 2.514403872450989 12 72.0
6 4.603440590470838 3 64.0
7 4.145940504016839 4 60.0
8 3.6675734190318288 6 57.0
9 1.8019390784205807 15 54.0
10 2.7129705040168473 11 54.0
11 4.654270504016838 2 43.0
12 2.344139717205242 14 41.0
13 3.957080761759845 5 40.0
14 3.378640590470863 10 40.0
15 0.5731038724509738 18 39.0
16 0.0 20 39.0
17 0.20560566956272863 19 38.0
18 1.1650405904708423 16 35.0
19 1.0383116510618604 17 25.0
20 3.5001968693696988 8 21.0
1 3.5544246784080853 11 95.0
2 5.520222434992648 2 91.0
3 4.618704001905 6 77.0
4 7.047436310348483 1 72.0
5 5.244695200435895 3 72.0
6 4.285616809370327 8 64.0
7 4.943709440714296 4 60.0
8 3.712225687245639 10 57.0
9 2.3983696593399895 17 54.0
10 3.3316025474430564 12 54.0
11 3.147668679566398 13 43.0
12 4.852968679566336 5 41.0
13 4.220555687246583 9 40.0
14 2.172907215833623 18 40.0
15 1.970029844572037 19 39.0
16 2.468685707206083 16 39.0
17 4.561852984845239 7 38.0
18 2.56132750338272 15 35.0
19 0.0 20 25.0
20 3.0175098557495623 14 21.0
1 2.8290524941404493 14 95.0
2 8.297734744299435 2 91.0
3 5.431825165966151 5 77.0
4 8.877573147723433 1 72.0
5 5.470256611704796 4 72.0
6 4.424244201979572 8 64.0
7 5.315443599763303 6 60.0
8 5.604989721585125 3 57.0
9 2.4292865738617118 16 54.0
10 4.536473147723438 7 54.0
11 3.7145498647636903 9 43.0
12 3.67497968445548 10 41.0
13 2.5934435997633214 15 40.0
14 2.3220310101284967 17 40.0
15 3.101036691944348 11 39.0
16 3.051026189398044 12 39.0
17 2.963272639836911 13 38.0
18 0.6088908888355005 19 35.0
19 0.0 20 25.0
20 1.534100786301345 18 21.0
1 6.110936825680677 7 95.0
2 9.202889038262903 1 91.0
3 1.3562333331671406 19 77.0
4 1.4876666666657825 18 72.0
5 6.54005175890205 5 72.0
6 7.2847110041745555 3 64.0
7 7.149701940333091 4 60.0
8 7.656659067590149 2 57.0
9 4.5767519878689455 15 54.0
10 5.8899518957809835 8 54.0
11 4.799936826134111 14 43.0
12 6.13954385616387 6 41.0
13 4.933902035052348 13 40.0
14 3.81813053690258 17 40.0
15 5.348411825744952 10 39.0
16 4.99895906787746 12 39.0
17 3.946799999520615 16 38.0
18 5.2470924306904525 11 35.0
19 0.0 20 25.0
20 5.819040654831728 9 21.0
1 4.487147952072645 3 95.0
2 5.432457400075739 1 91.0
3 2.9579000000000337 8 77.0
4 3.0959920117822697 6 72.0
5 2.721513967210731 11 72.0
6 4.763199999999998 2 64.0
7 2.3703430184078798 13 60.0
8 3.3599779344214884 5 57.0
9 1.5007227883691758 17 54.0
10 1.9596940504040772 15 54.0
11 2.695341982385129 12 43.0
12 3.005761408125281 7 41.0
13 3.4917561063026117 4 40.0
14 1.018931896751236 18 40.0
15 0.0 20 39.0
16 0.1670797978426406 19 39.0
17 1.7353918967512152 16 38.0
18 2.7820080310932247 10 35.0
19 1.9761106041778773 14 25.0
20 2.886045750347271 9 21.0
1 5.498401260438556 2 95.0
2 1.4200017842824435 13 91.0
3 2.626129286001168 7 77.0
4 3.052003108171699 5 72.0
5 6.214861260438546 1 72.0
6 4.990061260438547 3 64.0
7 2.6448017842824885 6 60.0
8 1.0385999999999842 18 57.0
9 0.0 20 54.0
10 2.2226177837600516 9 54.0
11 4.27072467162113 4 43.0
12 0.7075222162398878 19 41.0
13 2.2273625335918976 8 40.0
14 1.8281177946760634 11 40.0
15 1.102307625613833 17 39.0
16 1.274583553090333 15 39.0
17 1.106555366892779 16 38.0
18 1.9412999999999847 10 35.0
19 1.279295556604162 14 25.0
20 1.6406526236548842 12 21.0
1 4.351568572289595 6 95.0
2 6.574575459580226 1 91.0
3 6.427838673266641 2 77.0
4 4.439527364607763 5 72.0
5 6.142624759777187 4 72.0
6 1.6857121501076426 15 64.0
7 2.738346707125045 10 60.0
8 2.657699999999242 11 57.0
9 3.770138673265619 8 54.0
10 6.427838673266466 3 54.0
11 1.7746244286164237 14 43.0
12 2.007872150105616 12 41.0
13 3.52508258675984 9 40.0
14 1.3541514120940865 16 40.0
15 3.81901760203675 7 39.0
16 0.0 20 39.0
17 0.3718409571005319 18 38.0
18 1.9264631059978043 13 35.0
19 0.9771984549402308 17 25.0
20 0.0496809570989889 19 21.0
1 3.6597704402495177 4 95.0
2 4.150019051067564 3 91.0
3 1.6903194325594915 11 77.0
4 6.036793858803085 1 72.0
5 2.655087400100172 7 72.0
6 3.1762753171535834 6 64.0
7 4.565802033349567 2 60.0
8 3.6597704402473705 5 57.0
9 2.186813920175655 9 54.0
10 1.6956938588060597 10 54.0
11 1.0242810410351084 14 43.0
12 1.514724909549228 13 41.0
13 2.629869773295593 8 40.0
14 0.4433146717888241 17 40.0
15 0.6833020333484499 15 39.0
16 0.46551943256268924 16 39.0
17 0.3704735417746845 18 38.0
18 0.0 20 35.0
19 0.2743627849825001 19 25.0
20 1.5474147383588077 12 21.0
1 2.253118706598946 6 95.0
2 5.45842505326204 1 91.0
3 3.7734607828711124 2 77.0
4 1.2032202569055779 12 72.0
5 1.9750082025852294 7 72.0
6 1.4206811570687143 10 64.0
7 3.048962577143307 3 60.0
8 1.5369215657422248 9 57.0
9 2.736425053262039 4 54.0
10 0.9215625771433051 14 54.0
11 1.8206689494553627 8 43.0
12 1.274687241696435 11 41.0
13 0.5364439972178938 16 40.0
14 0.19588115706871423 18 40.0
15 2.4014030184903614 5 39.0
16 1.1173250532620385 13 39.0
17 0.0 20 38.0
18 0.8703587952842876 15 35.0
19 0.0934685447562873 19 25.0
20 0.4975079782145506 17 21.0
1 3.860157552965623 7 95.0
2 6.572554482059639 1 91.0
3 6.374573975306797 2 77.0
4 2.9350223231487265 12 72.0
5 3.861635831490209 6 72.0
6 4.074109888880775 3 64.0
7 2.450837540569212 14 60.0
8 3.8028179974425385 8 57.0
9 1.3524190242793035 19 54.0
10 3.03986618313151 10 54.0
11 3.2403983726012693 9 43.0
12 2.34125902427931 15 41.0
13 1.9973382235603039 17 40.0
14 2.0560505548599037 16 40.0
15 3.9353710862707336 5 39.0
16 3.0092051686184935 11 39.0
17 1.5714721136767458 18 38.0
18 2.6142299531710442 13 35.0
19 0.0 20 25.0
20 4.027943799940196 4 21.0
1 6.484502296026083 4 95.0
2 11.200627649765604 1 91.0
3 3.1855789117151367 14 77.0
4 6.614260316770729 3 72.0
5 5.128968505189721 8 72.0
6 5.376071167639757 7 64.0
7 6.361282346549511 5 60.0
8 6.288934972948261 6 57.0
9 4.068700000024953 12 54.0
10 2.8040172197591415 15 54.0
11 3.904168512832383 13 43.0
12 4.934231313838131 9 41.0
13 2.4496000000150215 18 40.0
14 4.513927650324088 10 40.0
15 2.630575525856867 16 39.0
16 2.449600030274004 17 39.0
17 0.0 20 38.0
18 6.809827652897363 2 35.0
19 2.3423406041590105 19 25.0
20 4.456107020981891 11 21.0
1 1.5721251686479254 16 95.0
2 5.404818356662989 1 91.0
3 3.481404130111235 7 77.0
4 4.626131246988033 3 72.0
5 3.8633919791632563 5 72.0
6 4.954628639963975 2 64.0
7 4.232469838400068 4 60.0
8 2.7629607284566315 9 57.0
9 1.5673822239289814 17 54.0
10 2.4579583852340625 12 54.0
11 0.5123823519083262 18 43.0
12 2.217682339731582 13 41.0
13 3.643074040486705 6 40.0
14 1.7954382711009544 14 40.0
15 3.178639016022105 8 39.0
16 0.0 20 39.0
17 2.6603393787857823 10 38.0
18 1.7705239590559478 15 35.0
19 0.2930074589853966 19 25.0
20 2.578887610722832 11 21.0
1 4.85955361237782 2 95.0
2 5.521008999597443 1 91.0
3 3.318925636109486 8 77.0
4 4.809937854182122 3 72.0
5 3.0069908352150434 10 72.0
6 4.72492119107973 4 64.0
7 3.166000000000011 9 60.0
8 3.808675482715457 6 57.0
9 0.6026105274678297 18 54.0
10 2.3119597743511893 14 54.0
11 3.705438358943554 7 43.0
12 0.20262563610946804 19 41.0
13 4.267419517284545 5 40.0
14 2.831938759088853 12 40.0
15 1.6976849444762492 16 39.0
16 0.0 20 39.0
17 2.3377842238624575 13 38.0
18 1.48409481070658 17 35.0
19 2.8863147750116322 11 25.0
20 1.8488637606770424 15 21.0
1 4.886383299901658 7 95.0
2 8.343592617502448 1 91.0
3 4.942407305801386 6 77.0
4 5.46791062930185 4 72.0
5 5.6869547787610495 2 72.0
6 3.1726382104227833 13 64.0
7 5.53779617699115 3 60.0
8 4.800592328416895 8 57.0
9 2.113185970501458 16 54.0
10 3.897962328416931 12 54.0
11 0.0 20 43.0
12 2.9305046352015607 14 41.0
13 4.169923299901659 10 40.0
14 1.8534058820058898 17 40.0
15 4.206531964601759 9 39.0
16 2.4958564464109436 15 39.0
17 3.912474605703031 11 38.0
18 0.8563435535889696 18 35.0
19 0.600476420845633 19 25.0
20 5.122762328416894 5 21.0
1 4.739967915019225 3 95.0
2 5.598213406237221 1 91.0
3 3.1704287618246783 10 77.0
4 3.292469604624968 9 72.0
5 3.849125952154945 8 72.0
6 3.1178407977589706 11 64.0
7 4.7084334913165655 6 60.0
8 4.708433491322242 5 57.0
9 2.9839067624248856 12 54.0
10 4.2631723387207945 7 54.0
11 1.4373287618242196 17 43.0
12 4.729006128322813 4 41.0
13 5.216763491316565 2 40.0
14 2.148741186128732 16 40.0
15 0.9321494554833287 19 39.0
16 2.386555643358739 15 39.0
17 2.6084566132841296 14 38.0
18 0.0 20 35.0
19 1.2260080681634105 18 25.0
20 2.697919604624751 13 21.0
1 3.95485727291039 8 95.0
2 8.169593636268168 1 91.0
3 5.085329999996043 4 77.0
4 1.4329000000076628 18 72.0
5 5.7119263636300595 3 72.0
6 2.957900000023404 14 64.0
7 3.8825000000076617 9 60.0
8 4.221011818212212 7 57.0
9 6.123930000001055 2 54.0
10 3.860529999944201 11 54.0
11 2.2797118181834835 17 43.0
12 5.085329999941734 5 41.0
13 3.238397272698528 13 40.0
14 2.940166363397517 15 40.0
15 0.0 20 39.0
16 2.6357300002399864 16 39.0
17 3.6566263637067276 12 38.0
18 0.6945300000084824 19 35.0
19 3.8605300000331058 10 25.0
20 4.36887000000848 6 21.0
1 7.738428139568528 3 95.0
2 8.464527862546246 1 91.0
3 6.667047906120793 8 77.0
4 6.096100000000002 10 72.0
5 7.683304513207656 4 72.0
6 7.980334012719071 2 64.0
7 7.538568788468814 5 60.0
8 7.301808964938418 6 57.0
9 5.757979764042357 13 54.0
10 6.346815297658587 9 54.0
11 3.533489251009653 18 43.0
12 5.238789251009653 15 41.0
13 7.189123634057746 7 40.0
14 5.877264059879072 11 40.0
15 4.832198578565223 17 39.0
16 0.0 20 39.0
17 4.881860145964086 16 38.0
18 5.607728661431028 14 35.0
19 2.5303820299395365 19 25.0
20 5.872036587319343 12 21.0
1 4.022754390210347 3 95.0
2 5.122520728309757 1 91.0
3 2.552487587225269 7 77.0
4 2.5055227921861816 8 72.0
5 3.3758100082354567 6 72.0
6 3.644971447779138 5 64.0
7 1.2349283653916918 15 60.0
8 3.892570763128338 4 57.0
9 2.4254780275680767 10 54.0
10 2.47526002675344 9 54.0
11 0.5648614046679832 19 43.0
12 1.4026228070976972 14 41.0
13 4.191926994731924 2 40.0
14 0.6516861384519239 18 40.0
15 2.070874845551054 11 39.0
16 0.6555918907146157 17 39.0
17 1.932974446874097 12 38.0
18 0.0 20 35.0
19 0.7243209971713904 16 25.0
20 1.6108144501283592 13 21.0
1 3.0142414191972593 3 95.0
2 4.121352146606915 1 91.0
3 3.2934425564964673 2 77.0
4 2.528787847463625 6 72.0
5 2.4751247499306905 7 72.0
6 2.619588820297004 5 64.0
7 2.0068166718981977 11 60.0
8 2.832057234437396 4 57.0
9 0.42401945599939705 19 54.0
10 2.351774517034479 9 54.0
11 1.1326986219704072 15 43.0
12 1.5303962428519196 14 41.0
13 2.354462784316523 8 40.0
14 0.0 20 40.0
15 1.9920892745179584 12 39.0
16 2.209451622960713 10 39.0
17 0.8442385323841812 17 38.0
18 1.882575128670438 13 35.0
19 0.44508926925417813 18 25.0
20 1.0118836302668477 16 21.0
1 2.9115635511809246 8 95.0
2 3.376561811334402 6 91.0
3 1.106311293805864 16 77.0
4 1.106311293751893 17 72.0
5 4.618270414960509 2 72.0
6 3.397161655305405 5 64.0
7 3.8643195229082226 3 60.0
8 3.0750016553312554 7 57.0
9 0.40899363407329026 18 54.0
10 2.5631624715980847 9 54.0
11 4.983672277408093 1 43.0
12 1.8325508030530648 12 41.0
13 3.7299741401153073 4 40.0
14 1.2163354096192054 15 40.0
15 1.6895873506199623 13 39.0
16 1.3897375618259606 14 39.0
17 2.245219522893845 11 38.0
18 0.0 20 35.0
19 0.14258735085391905 19 25.0
20 2.3621734684064433 10 21.0
1 4.887411111104365 7 95.0
2 4.074514444445535 10 91.0
3 4.843215637845813 8 77.0
4 4.002414444445508 11 72.0
5 6.491851028803937 1 72.0
6 5.267051028807778 3 64.0
7 5.299314444442234 2 60.0
8 5.209182057606841 5 57.0
9 4.1705820576148565 9 54.0
10 3.584107695490376 12 54.0
11 0.5083300000007043 19 43.0
12 2.7600111111584966 16 41.0
13 3.0036510288071065 15 40.0
14 5.243379300403593 4 40.0
15 3.1601855555468763 13 39.0
16 2.4496000000036195 18 39.0
17 0.0 20 38.0
18 2.6453943621380884 17 35.0
19 3.059353004097968 14 25.0
20 4.960911152268891 6 21.0
1 8.710702909290378 2 95.0
2 4.698807923378556 3 91.0
3 1.1372541761879937 17 77.0
4 3.515666730228782 4 72.0
5 9.42716290929435 1 72.0
6 3.5008448484537347 5 64.0
7 2.7799178952875567 10 60.0
8 2.957745837218392 8 57.0
9 0.39675293744607965 19 54.0
10 1.738309505035945 14 54.0
11 3.2882478951964424 6 43.0
12 3.248862909271999 7 41.0
13 2.362054176202548 11 40.0
14 1.4442025151048845 16 40.0
15 2.1606625151640757 13 39.0
16 1.5068704309275622 15 39.0
17 0.9502229666837683 18 38.0
18 2.900493620619672 9 35.0
19 0.0 20 25.0
20 2.270748484226953 12 21.0
1 4.066804998367966 13 95.0
2 8.409699999317892 2 91.0
3 10.794999999241531 1 77.0
4 4.066804999511746 12 72.0
5 4.971299998906606 10 72.0
6 5.919949998853369 5 64.0
7 5.363704999131606 8 60.0
8 5.1793999991960336 9 57.0
9 1.1909949994249218 19 54.0
10 2.8260499989536214 17 54.0
11 5.872034999270414 7 43.0
12 6.388204999270414 4 41.0
13 3.6565500006321336 15 40.0
14 4.695149999329159 11 40.0
15 7.837099999268071 3 39.0
16 2.521699999350536 18 39.0
17 3.6405949983997394 16 38.0
18 5.895799999241532 6 35.0
19 0.0 20 25.0
20 3.7683999992568182 14 21.0
1 4.310502716318801 3 95.0
2 4.143899608295066 5 91.0
3 3.324928498652689 7 77.0
4 4.112818963206619 6 72.0
5 5.063021206672211 1 72.0
6 3.2495723284050184 8 64.0
7 2.8483142043463823 11 60.0
8 2.4930084438365285 12 57.0
9 1.9750027163188326 14 54.0
10 1.590378443836529 17 54.0
11 0.0 20 43.0
12 1.7053000000001075 16 41.0
13 4.5497284986526605 2 40.0
14 2.908976665232198 10 40.0
15 1.8140599898565273 15 39.0
16 3.202070084939427 9 39.0
17 1.3411189632065068 18 38.0
18 4.211991398067626 4 35.0
19 0.14329139806756563 19 25.0
20 2.389057279377993 13 21.0
1 6.089419428575905 6 95.0
2 11.951944714288704 1 91.0
3 3.826019428597726 14 77.0
4 3.940737428661927 13 72.0
5 7.2076165711855325 3 72.0
6 7.285964143001919 2 64.0
7 4.814658285702413 12 60.0
8 6.589312428644997 4 57.0
9 2.6863791428711425 18 54.0
10 5.080186571425885 10 54.0
11 1.1325374285827499 19 43.0
12 2.837837428560164 17 41.0
13 5.050819428500083 11 40.0
14 5.26524471432006 9 40.0
15 3.109519428593731 16 39.0
16 5.606952285756051 7 39.0
17 3.5520761428592773 15 38.0
18 5.57666828567703 8 35.0
19 0.0 20 25.0
20 6.304986571494453 5 21.0
1 3.8418020166231277 8 95.0
2 5.365117559049677 4 91.0
3 3.6136691163582695 9 77.0
4 3.071795577427619 12 72.0
5 4.5582620166224235 5 72.0
6 5.505686316717917 3 64.0
7 5.689571937881746 2 60.0
8 3.0555116754155494 13 57.0
9 0.8692519160103251 16 54.0
10 0.8305000000000011 17 54.0
11 4.342834715660933 6 43.0
12 2.6221944225762845 14 41.0
13 6.984217559055645 1 40.0
14 4.280886316708585 7 40.0
15 0.0 20 39.0
16 0.012808455815577435 19 39.0
17 3.399726653539845 11 38.0
18 3.4669289282606295 10 35.0
19 0.39781167541320395 18 25.0
20 2.0552999999974757 15 21.0
1 4.260766543756631 8 95.0
2 6.662683176512791 1 91.0
3 1.7654881027605978 15 77.0
4 4.805039867805352 5 72.0
5 4.5909863680258285 6 72.0
6 5.662526826746019 3 64.0
7 6.535941599563252 2 60.0
8 5.102925173105428 4 57.0
9 2.3686871617292935 14 54.0
10 2.99662104277402 10 54.0
11 0.0 20 43.0
12 1.7053000000001335 16 41.0
13 4.247943331330021 9 40.0
14 2.4362396617536564 13 40.0
15 2.5565294047074083 12 39.0
16 0.7495871617272605 18 39.0
17 1.4436953612163093 17 38.0
18 2.864538934758484 11 35.0
19 0.18617000000098294 19 25.0
20 4.518672441389498 7 21.0
1 2.051953708124578 13 95.0
2 6.007615377833345 1 91.0
3 2.1034031810041958 12 77.0
4 4.394070528047064 4 72.0
5 2.694862046223439 8 72.0
6 5.27733719470104 3 64.0
7 5.6909705280054546 2 60.0
8 2.602040301256099 9 57.0
9 1.5874127681586974 17 54.0
10 1.9014067411106614 14 54.0
11 0.2167907556594728 19 43.0
12 3.291170528005446 6 41.0
13 2.5484344429934898 10 40.0
14 4.019133861365436 5 40.0
15 1.5453118540776827 18 39.0
16 1.666515377835431 16 39.0
17 2.347237194674136 11 38.0
18 3.116503861208739 7 35.0
19 0.0 20 25.0
20 1.8579685147320366 15 21.0
1 6.280180632638812 2 95.0
2 6.305146909896143 1 91.0
3 5.356275075242102 3 77.0
4 4.135749274613777 10 72.0
5 3.934263834536199 12 72.0
6 5.109257781464198 4 64.0
7 4.152780632648322 9 60.0
8 4.787097781461418 5 57.0
9 2.8067403163181184 15 54.0
10 4.380490150487662 8 54.0
11 3.0240299852526467 14 43.0
12 3.916123136786718 13 41.0
13 4.390800000005861 7 40.0
14 3.9707546084246275 11 40.0
15 2.7028492746155433 16 39.0
16 1.7301676205411916 18 39.0
17 2.1791577814637315 17 38.0
18 0.0 20 35.0
19 1.6333754124513198 19 25.0
20 4.639815075239771 6 21.0
1 6.634268224664104 1 95.0
2 5.097972054659774 9 91.0
3 5.8696758982082 6 77.0
4 3.995072054660395 13 72.0
5 6.213427074988498 3 72.0
6 3.600772054660662 16 64.0
7 3.165999999999993 18 60.0
8 5.937876414696291 4 57.0
9 5.149653585303408 8 54.0
10 5.358624905887655 7 54.0
11 1.4597305443450739 19 43.0
12 3.9229320546603947 14 41.0
13 6.37445358530344 2 40.0
14 4.5762050941123995 10 40.0
15 4.5379605240194225 11 39.0
16 3.166600564674839 17 39.0
17 4.15659622647192 12 38.0
18 3.858903773528052 15 35.0
19 0.0 20 25.0
20 5.873238211112303 5 21.0
