1 5.296432112450021 8 95.0
2 6.408342030326879 3 91.0
3 5.34221635795939 7 77.0
4 5.521037773386911 6 72.0
5 4.62753004852801 9 72.0
6 2.543068886919116 14 64.0
7 9.481516357803976 1 60.0
8 2.5704663188215995 12 57.0
9 5.7581773214342356 5 54.0
10 7.368825595970369 2 54.0
11 4.510973870599796 10 43.0
12 1.7466653874017455 17 41.0
13 2.205815039997998 16 40.0
14 5.986616357805938 4 40.0
15 2.550577321634676 13 39.0
16 2.3267163577849157 15 39.0
17 0.556490988337702 19 38.0
18 1.5461600971365317 18 35.0
19 3.758671596355266 11 25.0
20 0.0 20 21.0
