1 3.043128756528814 2 95.0
2 2.762913121896728 3 91.0
3 1.3774628693127478 14 77.0
4 2.0687408969834524 8 72.0
5 1.5901621859449246 13 72.0
6 2.361291914295448 5 64.0
7 1.6849148416420425 11 60.0
8 3.8523777734422957 1 57.0
9 2.4264887915637603 4 54.0
10 2.201569745223448 7 54.0
11 1.9187285337166518 10 43.0
12 2.310651014284465 6 41.0
13 0.7318457526079301 18 40.0
14 0.9887016983605565 16 40.0
15 1.2547408922684669 15 39.0
16 1.5982435569414208 12 39.0
17 0.7945029451787696 17 38.0
18 0.0 20 35.0
19 2.0650036317796743 9 25.0
20 0.6104998096852257 19 21.0
