1 2.7329810959541865 6 95.0
2 2.928485288269247 2 91.0
3 2.560134513276077 7 77.0
4 2.1493745095300865 12 72.0
5 2.5143327180244217 9 72.0
6 4.387260375005763 1 64.0
7 2.858634517022068 3 60.0
8 2.7348509622098724 5 57.0
9 1.691575481104937 14 54.0
10 2.3002020671039873 11 54.0
11 2.444694749520881 10 43.0
12 2.559415664436588 8 41.0
13 1.335271147834697 16 40.0
14 1.9007416539377684 13 40.0
15 0.27678245179107863 19 39.0
16 2.744477969488203 4 39.0
17 0.6520361251297342 17 38.0
18 0.5526704375046594 18 35.0
19 1.4872688959945934 15 25.0
20 0.0 20 21.0
