1 2.5395631639568164 14 95.0
2 5.836387430751728 2 91.0
3 4.465240466650664 9 77.0
4 2.825657457845063 13 72.0
5 3.2389404666414405 12 72.0
6 4.924777430692996 6 64.0
7 5.002831751867144 4 60.0
8 4.268303333475022 10 57.0
9 4.771514645110691 8 54.0
10 2.0265882487258704 16 54.0
11 2.5129044520568953 15 43.0
12 4.790888248731666 7 41.0
13 5.35522694924023 3 40.0
14 4.099441859469104 11 40.0
15 1.6194681019097694 18 39.0
16 1.5408335025481739 19 39.0
17 1.7553404666394001 17 38.0
18 4.992450734489841 5 35.0
19 0.0 20 25.0
20 5.8469769492340795 1 21.0
1 3.1489753597761796 10 95.0
2 9.494782597308564 1 91.0
3 4.1229777723098975 4 77.0
4 2.323562469168185 16 72.0
5 1.4353000000074299 18 72.0
6 4.055870877363785 6 64.0
7 4.084409877267581 5 60.0
8 4.3815423410507 3 57.0
9 3.2723067372646364 9 54.0
10 3.599781254197039 7 54.0
11 2.233044640198048 17 43.0
12 2.3766708772677534 15 41.0
13 2.5293930433723224 13 40.0
14 0.0 20 40.0
15 3.084562148864154 11 39.0
16 3.4096283070715994 8 39.0
17 2.419682597507329 14 38.0
18 1.1606801847896993 19 35.0
19 5.6734825973443925 2 25.0
20 3.021143043372447 12 21.0
1 2.832445747857237 11 95.0
2 5.719470002024064 1 91.0
3 4.664238114827762 2 77.0
4 2.544700752966882 14 72.0
5 3.6633795249896397 7 72.0
6 4.096723848087126 5 64.0
7 4.095691236880215 6 60.0
8 4.340785568073948 3 57.0
9 3.6347717278947904 8 54.0
10 2.7153919446176946 13 54.0
11 4.294179471361278 4 43.0
12 3.0510082673710084 9 41.0
13 2.419491236880215 15 40.0
14 3.0409334024770813 10 40.0
15 1.3340891671754294 18 39.0
16 2.264629040854848 17 39.0
17 2.732285555896562 12 38.0
18 0.0 20 35.0
19 2.3472027920768945 16 25.0
20 1.1988579685124805 19 21.0
1 3.3174667016494275 12 95.0
2 5.12659184407762 6 91.0
3 5.53584488755685 5 77.0
4 4.83859488755622 7 72.0
5 4.378914737632084 8 72.0
6 3.498616596702976 11 64.0
7 6.123794887555987 3 60.0
8 3.9812116791599625 10 57.0
9 5.698376761619332 4 54.0
10 6.759244887556038 2 54.0
11 2.0797900000007568 15 43.0
12 1.5680253673167575 16 41.0
13 0.0 20 40.0
14 0.889189999999727 19 40.0
15 7.844765667166561 1 39.0
16 4.220365667165471 9 39.0
17 2.958635742128349 13 38.0
18 2.7051540329831605 14 35.0
19 1.2692667016477146 18 25.0
20 1.3348932983502033 17 21.0
1 3.862228183301942 11 95.0
2 6.628048000785343 1 91.0
3 5.572425809173499 3 77.0
4 4.4693590500798726 6 72.0
5 4.1228229248967985 9 72.0
6 5.094617587593875 5 64.0
7 5.9264135742093105 2 60.0
8 5.102022207483578 4 57.0
9 4.079584332540894 10 54.0
10 3.769613541750413 13 54.0
11 4.264231819446552 8 43.0
12 4.323055065128148 7 41.0
13 3.8449740122998426 12 40.0
14 3.2806043716930784 14 40.0
15 2.9600581723605557 15 39.0
16 0.0 20 39.0
17 2.59019286150155 16 38.0
18 2.4230410067706387 18 35.0
19 2.5894261669487384 17 25.0
20 2.1776938626615654 19 21.0
1 6.254799999997623 3 95.0
2 2.560199999999382 16 91.0
3 2.9062217821672904 15 77.0
4 6.4218662218137705 2 72.0
5 4.512448334765139 9 72.0
6 6.244977214137698 4 64.0
7 5.953912888944756 5 60.0
8 7.092732443680275 1 57.0
9 5.180901696649282 7 54.0
10 4.445112888941875 10 54.0
11 4.8660850584951705 8 43.0
12 5.884516179095546 6 41.0
13 3.02521178215363 14 40.0
14 2.0319648874403278 17 40.0
15 3.3013582215722415 13 39.0
16 1.1563968883943074 18 39.0
17 4.363164887668211 11 38.0
18 0.0 20 35.0
19 0.6317648873967063 19 25.0
20 3.657167556321691 12 21.0
1 2.045465398048994 10 95.0
2 5.36617375278151 1 91.0
3 2.673986060201499 6 77.0
4 1.0351506242751207 15 72.0
5 1.9483318134881227 11 72.0
6 3.5963416370087082 2 64.0
7 3.2619360602014993 3 60.0
8 3.141291001075716 4 57.0
9 2.5850597362924814 7 54.0
10 2.3531906047981668 8 54.0
11 1.8656685306386076 13 43.0
12 3.0193295725876252 5 41.0
13 0.5700097219956604 17 40.0
14 1.6239905417118603 14 40.0
15 0.0 20 39.0
16 0.13799057243042556 19 39.0
17 0.9872084054066643 16 38.0
18 1.8677310739742758 12 35.0
19 0.4261608078430674 18 25.0
20 2.3277227404462173 9 21.0
1 6.339804350459535 13 95.0
2 7.750001321789445 5 91.0
3 8.295273299543496 1 77.0
4 7.9195247438285605 4 72.0
5 5.939148534080449 15 72.0
6 7.241748041494211 8 64.0
7 6.926598848205631 10 60.0
8 6.715458818615376 12 57.0
9 7.945205323546328 3 54.0
10 7.587918865694705 6 54.0
11 7.154890048451758 9 43.0
12 6.762997213533872 11 41.0
13 7.4840347608084645 7 40.0
14 6.330990759459792 14 40.0
15 5.25663311600912 17 39.0
16 2.741817998726983 19 39.0
17 3.862701139514195 18 38.0
18 5.3369313716390465 16 35.0
19 0.0 20 25.0
20 7.975784758784752 2 21.0
1 2.3617332976667544 8 95.0
2 5.406894556336267 1 91.0
3 2.729630115725861 7 77.0
4 3.738706491859955 4 72.0
5 1.5945415781528656 16 72.0
6 4.8382149259182015 2 64.0
7 3.821320846911875 3 60.0
8 3.2972065148081278 6 57.0
9 2.064105443647797 11 54.0
10 1.6327725302749587 15 54.0
11 1.9290407388879818 12 43.0
12 1.8652404766584616 13 41.0
13 2.145120846903884 10 40.0
14 0.0 20 40.0
15 3.622428745852599 5 39.0
16 1.3384087306777188 17 39.0
17 2.157240579063403 9 38.0
18 1.818338761113788 14 35.0
19 0.08684649882145257 19 25.0
20 1.1424891126618406 18 21.0
1 0.9576333972623456 19 95.0
2 8.163755124120334 1 91.0
3 3.539676656097785 3 77.0
4 3.023377729487171 6 72.0
5 2.1118342139048503 10 72.0
6 4.8622603232541675 2 64.0
7 2.9164266901243714 8 60.0
8 1.6052223455262968 15 57.0
9 3.496615623695012 4 54.0
10 0.0 20 54.0
11 2.940877130152301 7 43.0
12 2.47687765447377 9 41.0
13 1.5644125806202758 17 40.0
14 3.061160201840555 5 40.0
15 1.0947050375067906 18 39.0
16 1.7473500464001808 13 39.0
17 1.7502200131466517 12 38.0
18 1.567069026370774 16 35.0
19 1.6609602018405476 14 25.0
20 2.056162580620217 11 21.0
1 1.221810856151693 14 95.0
2 8.759710856151697 1 91.0
3 3.783088068473335 4 77.0
4 0.40837147101494886 19 72.0
5 3.3761690967361115 5 72.0
6 4.318940306098087 2 64.0
7 3.1523884160694227 6 60.0
8 2.2155710553905115 10 57.0
9 2.728941345407693 7 54.0
10 0.432469189651284 18 54.0
11 2.018338193472223 11 43.0
12 3.826676272077641 3 41.0
13 1.627741890553931 12 40.0
14 2.64206039944131 8 40.0
15 0.8451690967361132 16 39.0
16 0.6037662002018593 17 39.0
17 1.2767901858303428 13 38.0
18 0.8658125015026488 15 35.0
19 0.0 20 25.0
20 2.5345770713839206 9 21.0
1 2.7711535456061176 10 95.0
2 6.898669584941286 1 91.0
3 4.333868685845841 3 77.0
4 2.656480502402919 12 72.0
5 3.1443615501212134 8 72.0
6 3.391900003598227 6 64.0
7 3.9969247466666626 4 60.0
8 3.365247511284543 7 57.0
9 2.7040034247420026 11 54.0
10 2.983197688800311 9 54.0
11 2.177995683581334 14 43.0
12 3.826888222431598 5 41.0
13 1.3805727556669782 18 40.0
14 1.5845066027640249 16 40.0
15 1.8280011118055415 15 39.0
16 5.066400000002979 2 39.0
17 1.564684412362027 17 38.0
18 0.2515079147222723 19 35.0
19 0.0 20 25.0
20 2.29754687820706 13 21.0
1 0.8437020132129742 17 95.0
2 5.885111818665382 1 91.0
3 3.7901219966975157 5 77.0
4 2.354058570148992 12 72.0
5 2.7934696226628253 9 72.0
6 3.744281385062916 6 64.0
7 4.691681818665256 2 60.0
8 0.0 20 57.0
9 1.827981818665379 14 54.0
10 3.1828818186654044 8 54.0
11 1.2195602916806563 16 43.0
12 2.2396620104129767 13 41.0
13 3.985561624118451 3 40.0
14 3.211868912775621 7 40.0
15 0.191388003302968 19 39.0
16 0.5169585701489017 18 39.0
17 3.8520616241182797 4 38.0
18 2.565965461594576 11 35.0
19 1.628721668626134 15 25.0
20 2.683511818665383 10 21.0
1 1.77727319191585 14 95.0
2 7.291852040428719 1 91.0
3 2.9867136717013 10 77.0
4 3.7265791914298485 8 72.0
5 3.533723082315665 9 72.0
6 5.588285074039385 4 64.0
7 3.8633773434002157 6 60.0
8 4.247469040427015 5 57.0
9 6.925067752558212 3 54.0
10 0.22777498149199937 19 54.0
11 2.485574981488077 11 43.0
12 7.192433464687248 2 41.0
13 3.8037991768128228 7 40.0
14 2.072458163657366 13 40.0
15 0.6694422459829772 18 39.0
16 0.7271136717007827 17 39.0
17 1.2345863283046763 15 38.0
18 0.0 20 35.0
19 1.0011648889550786 16 25.0
20 2.0860951665874543 12 21.0
1 1.1098242448479603 15 95.0
2 6.299898757366334 1 91.0
3 2.306248536259742 8 77.0
4 1.755556405626708 11 72.0
5 2.9852605986789404 5 72.0
6 2.913978754933581 6 64.0
7 4.9310441070029665 2 60.0
8 2.9890864520150915 4 57.0
9 2.0257247333357555 9 54.0
10 0.46089640562670753 18 54.0
11 1.6066256581126401 12 43.0
12 3.9201642841150113 3 41.0
13 2.463031697852719 7 40.0
14 0.8336894566395987 17 40.0
15 1.021896870377304 16 39.0
16 1.5426329559949705 13 39.0
17 1.456265713080943 14 38.0
18 0.17915640562670565 19 35.0
19 0.0 20 25.0
20 1.9155642420783645 10 21.0
1 5.16834982544015 10 95.0
2 7.755470643541852 2 91.0
3 6.77778458173459 3 77.0
4 3.822541988133871 14 72.0
5 9.149619137897073 1 72.0
6 6.327423758238449 6 64.0
7 6.45981333272583 5 60.0
8 4.038100000000002 13 57.0
9 6.142777505519339 8 54.0
10 3.277968844741066 18 54.0
11 3.654356164692425 16 43.0
12 6.266526350269173 7 41.0
13 6.492521166207613 4 40.0
14 6.0383056039421374 9 40.0
15 3.599416239685001 17 39.0
16 3.2333220855395672 19 39.0
17 4.654505603940349 12 38.0
18 4.676619137897453 11 35.0
19 0.0 20 25.0
20 3.7204508045961786 15 21.0
1 1.6811227461270115 11 95.0
2 5.981973645712076 1 91.0
3 4.877842730366462 2 77.0
4 1.257236728332283 15 72.0
5 2.5067031413877867 9 72.0
6 4.327336728332485 4 64.0
7 4.738490411273391 3 60.0
8 4.03810000000307 5 57.0
9 2.798811815019987 7 54.0
10 2.0845649510569326 10 54.0
11 1.5353296416539597 12 43.0
12 0.6552796416539581 18 41.0
13 0.8526514566661012 17 40.0
14 0.344729641633843 19 40.0
15 1.3623427303663656 14 39.0
16 1.5318776811379058 13 39.0
17 1.1085483882801936 16 38.0
18 3.785681815012417 6 35.0
19 0.0 20 25.0
20 2.541989412793679 8 21.0
1 2.9411272485032476 8 95.0
2 3.9353664372908472 3 91.0
3 3.5059248224474016 6 77.0
4 2.615127248503251 10 72.0
5 3.6659683749715537 4 72.0
6 3.654945216151908 5 64.0
7 6.405565848003523 1 60.0
8 1.7376468735612847 15 57.0
9 1.6813042732434884 16 54.0
10 2.0820844996056165 13 54.0
11 6.018534709926438 2 43.0
12 2.2606437968910735 12 41.0
13 2.684101044877702 9 40.0
14 1.8277658480031973 14 40.0
15 2.484933126440469 11 39.0
16 0.0 20 39.0
17 2.9910538130231803 7 38.0
18 1.2988676478636112 17 35.0
19 0.8929272485022677 18 25.0
20 0.1209059729845623 19 21.0
1 0.5876000000080381 18 95.0
2 6.992713557964177 2 91.0
3 4.864789999888628 9 77.0
4 5.751454807869552 4 72.0
5 4.519878269101327 10 72.0
6 0.9306899998539793 17 64.0
7 10.283766538476407 1 60.0
8 2.2660000000102523 16 57.0
9 3.8244785578862137 13 54.0
10 4.355943076508263 11 54.0
11 0.0 20 43.0
12 6.037307692115573 3 41.0
13 4.888825384842006 8 40.0
14 3.9000548076658306 12 40.0
15 5.11051355764833 7 39.0
16 2.605190000662943 15 39.0
17 0.5234000000444632 19 38.0
18 5.63478403813423 5 35.0
19 3.2258665384450054 14 25.0
20 5.380575384580612 6 21.0
1 1.598426030474629 12 95.0
2 4.204376949070313 1 91.0
3 1.3916881226271558 15 77.0
4 3.1111119574708663 3 72.0
5 2.0742688521614463 9 72.0
6 1.4594713031581454 14 64.0
7 2.712663062281422 6 60.0
8 3.2681913302282357 2 57.0
9 2.164771852161446 7 54.0
10 1.0277401265193515 16 54.0
11 1.9593847623220637 10 43.0
12 2.963801330228235 4 41.0
13 2.086362247146202 8 40.0
14 1.950477472065907 11 40.0
15 2.835678812384595 5 39.0
16 0.667315441409118 18 39.0
17 1.0102304174193002 17 38.0
18 1.5387781849253273 13 35.0
19 0.0 20 25.0
20 0.5816777989880808 19 21.0
1 3.1768189220282146 9 95.0
2 7.08133137688752 1 91.0
3 4.524063233915249 3 77.0
4 3.747696991542294 5 72.0
5 2.82051092184928 13 72.0
6 2.6323890781506796 14 64.0
7 4.723553272786419 2 60.0
8 3.326119279528993 7 57.0
9 3.126961789661024 10 54.0
10 3.630779251272713 6 54.0
11 4.115808922028249 4 43.0
12 3.2997695316328466 8 41.0
13 2.8443787491693633 12 40.0
14 1.9088375660603252 16 40.0
15 0.13411566064674751 19 39.0
16 2.075792994427502 15 39.0
17 1.5442079831793172 17 38.0
18 2.990295770996604 11 35.0
19 1.433048809137769 18 25.0
20 0.0 20 21.0
1 3.0094000037594846 11 95.0
2 6.6358330185467995 1 91.0
3 4.470692350371371 4 77.0
4 3.984022498538523 6 72.0
5 3.3058091982098303 9 72.0
6 5.211449978056791 2 64.0
7 4.7584569127680005 3 60.0
8 4.2922896252024785 5 57.0
9 3.540945926524972 8 54.0
10 2.444105337331782 15 54.0
11 2.532958460223475 14 43.0
12 3.7826279230720026 7 41.0
13 3.2330043051888935 10 40.0
14 0.0 20 40.0
15 2.99918933117808 12 39.0
16 1.7968791043660446 18 39.0
17 2.8381698518957745 13 38.0
18 2.013662750829919 17 35.0
19 1.538391005985071 19 25.0
20 2.100144755936569 16 21.0
1 1.3559006557244704 11 95.0
2 6.198343447555493 1 91.0
3 4.167839887472087 2 77.0
4 1.1439073245657667 12 72.0
5 2.6934349113776785 4 72.0
6 2.355399085491557 5 64.0
7 3.425842564079569 3 60.0
8 2.2689674600608214 8 57.0
9 2.212462330174999 9 54.0
10 0.0 20 54.0
11 2.285790685873158 6 43.0
12 2.2758777339609937 7 41.0
13 0.9214325644094111 15 40.0
14 1.1235411944692202 14 40.0
15 2.2116906860282226 10 39.0
16 0.7004597315151717 16 39.0
17 0.3187295783936517 17 38.0
18 0.13229255701365727 19 35.0
19 0.19585121993714694 18 25.0
20 1.1334808492490622 13 21.0
1 3.764623984976046 7 95.0
2 4.397115985902309 3 91.0
3 4.80277901022345 2 77.0
4 3.3747483087315673 10 72.0
5 2.793910935941245 12 72.0
6 6.444848308731032 1 64.0
7 3.595037866948351 8 60.0
8 4.146264457213716 5 57.0
9 4.213718930652504 4 54.0
10 0.7701741812562592 17 54.0
11 3.1578364840019635 11 43.0
12 4.081971091482095 6 41.0
13 0.9194621330517985 16 40.0
14 0.7254600000000266 18 40.0
15 0.0 20 39.0
16 2.6597646359744664 13 39.0
17 3.421028398800202 9 38.0
18 1.5468493192361576 14 35.0
19 0.10816445721519585 19 25.0
20 1.4855826525689768 15 21.0
1 3.2433666141783872 16 95.0
2 8.226334976188014 1 91.0
3 3.5015138066241733 13 77.0
4 4.295060562478484 8 72.0
5 3.701990559941836 11 72.0
6 4.642270426166853 5 64.0
7 7.359440705863118 2 60.0
8 5.602698521553322 3 57.0
9 5.340338921954672 4 54.0
10 3.643007112727693 12 54.0
11 2.473458492639713 17 43.0
12 4.38012673681364 7 41.0
13 4.266998521336728 9 40.0
14 3.303332615326012 15 40.0
15 2.0079729613922996 19 39.0
16 3.3105246707404823 14 39.0
17 3.727996447903713 10 38.0
18 0.0 20 35.0
19 2.3239088866309547 18 25.0
20 4.465303705838948 6 21.0
1 4.040076085106371 10 95.0
2 7.152491003039501 4 91.0
3 12.132187519756842 1 77.0
4 5.035257519756843 7 72.0
5 6.018068930091173 6 72.0
6 8.105357519756833 3 64.0
7 6.411952121580551 5 60.0
8 8.508687519756839 2 57.0
9 2.136588510638272 19 54.0
10 3.1314171367781736 15 54.0
11 2.702360139817644 17 43.0
12 4.8566277993921085 9 41.0
13 4.991126328267457 8 40.0
14 3.183857519756833 14 40.0
15 3.612785738601861 11 39.0
16 2.4761964316109326 18 39.0
17 3.517603568389035 12 38.0
18 3.483529884498515 13 35.0
19 0.0 20 25.0
20 2.9636401398175183 16 21.0
1 1.1136830655635426 15 95.0
2 4.175970238543281 2 91.0
3 2.7399704597553516 8 77.0
4 1.040419456549221 16 72.0
5 1.8956677454738429 10 72.0
6 3.5349677454771777 3 64.0
7 4.847748935949319 1 60.0
8 1.2372773470186553 14 57.0
9 2.6775710204879437 9 54.0
10 3.338948935971314 5 54.0
11 0.09996774547660081 19 43.0
12 2.7593901954121427 7 41.0
13 1.7427477454922786 13 40.0
14 0.2699489359534226 18 40.0
15 1.7928936735159757 11 39.0
16 3.0881183856609047 6 39.0
17 1.7707046978554601 12 38.0
18 3.4798995656720946 4 35.0
19 0.8257183856887007 17 25.0
20 0.0 20 21.0
1 0.0 20 95.0
2 8.009189999989815 2 91.0
3 5.775690000024413 5 77.0
4 5.789989999992457 4 72.0
5 2.077009999973219 12 72.0
6 8.86008999998965 1 64.0
7 2.51763000001216 10 60.0
8 4.1773899999909005 6 57.0
9 6.3616299999821955 3 54.0
10 3.5910899999895367 7 54.0
11 1.961660000003772 13 43.0
12 3.0782999999336385 9 41.0
13 1.9240899999947747 14 40.0
14 1.5394899999912015 15 40.0
15 1.1487899999901559 17 39.0
16 0.9951300000043566 18 39.0
17 2.293769999982384 11 38.0
18 1.3784899999908993 16 35.0
19 0.1392899999860422 19 25.0
20 3.4688599999796415 8 21.0
1 1.4162829437060132 13 95.0
2 3.2329281352619503 7 91.0
3 1.4571000000000207 12 77.0
4 2.9226169820171695 9 72.0
5 4.591885680218923 1 72.0
6 3.4151982369038505 5 64.0
7 4.291741508991418 2 60.0
8 3.0971243784206597 8 57.0
9 0.8635185144644031 16 54.0
10 1.038897028928953 15 54.0
11 2.7821623143080574 10 43.0
12 3.7075123143080386 4 41.0
13 3.342483350273592 6 40.0
14 3.959569268960132 3 40.0
15 1.222521055512118 14 39.0
16 0.7856692689600933 17 39.0
17 1.8366227169663785 11 38.0
18 0.7571570289288356 18 35.0
19 0.0 20 25.0
20 0.03132813526192102 19 21.0
1 3.009400000000012 13 95.0
2 10.547299999999998 1 91.0
3 4.89700037629117 4 77.0
4 2.587223215314797 17 72.0
5 2.9660163030538294 14 72.0
6 4.605316303053815 5 64.0
7 5.039068929445565 3 60.0
8 5.2325059920180195 2 57.0
9 2.9032126196303825 15 54.0
10 3.164972747348687 10 54.0
11 2.744246866320483 16 43.0
12 4.120933294029387 7 41.0
13 4.310726988334755 6 40.0
14 0.0 20 40.0
15 3.773277772404474 8 39.0
16 2.1534404386115797 18 39.0
17 3.5999627218607464 9 38.0
18 3.1057572848824884 11 35.0
19 1.2313563098151916 19 25.0
20 3.0476023757391686 12 21.0
1 2.647154607128558 17 95.0
2 8.207387208993653 1 91.0
3 5.349064690848793 3 77.0
4 4.701389133453294 7 72.0
5 5.355179422637268 2 72.0
6 2.0100565942008175 18 64.0
7 3.796699711304608 12 60.0
8 2.951399999814489 16 57.0
9 4.589300001173766 9 54.0
10 3.051837904429498 15 54.0
11 3.824026594227583 11 43.0
12 4.627639711033519 8 41.0
13 4.99380921425036 5 40.0
14 1.3838000000325552 19 40.0
15 4.5461852841727515 10 39.0
16 3.684556594233066 13 39.0
17 0.0 20 38.0
18 4.829322641840995 6 35.0
19 3.3600543466433526 14 25.0
20 5.0057872089376065 4 21.0
1 6.424470789454072 1 95.0
2 5.380856675056902 3 91.0
3 4.907185294962775 8 77.0
4 0.09585667588272528 19 72.0
5 5.149530824855064 5 72.0
6 0.0 20 64.0
7 4.890752862640992 9 60.0
8 4.650221542487328 11 57.0
9 4.985952264159085 6 54.0
10 4.7441588515913935 10 54.0
11 4.914085788239239 7 43.0
12 6.392533710760027 2 41.0
13 3.0681805421511847 16 40.0
14 3.4150707885927485 14 40.0
15 2.7229000061255393 17 39.0
16 3.4151595028391593 13 39.0
17 3.387705840320981 15 38.0
18 5.2176205586246045 4 35.0
19 4.025299647413104 12 25.0
20 1.727552296482441 18 21.0
1 2.278839216186213 10 95.0
2 5.181675184119044 1 91.0
3 3.7614145883192487 2 77.0
4 1.6845236278325353 12 72.0
5 2.5994315444191898 8 72.0
6 3.1125443431161495 5 64.0
7 3.314429199421028 4 60.0
8 2.1152894654142953 11 57.0
9 2.8731183687589925 7 54.0
10 1.5959852967717243 14 54.0
11 2.4360761321246893 9 43.0
12 3.0924877658503345 6 41.0
13 3.4338398814378044 3 40.0
14 0.3998554781712109 19 40.0
15 1.2099202722306062 16 39.0
16 0.4631498697100711 18 39.0
17 1.6671791626907675 13 38.0
18 1.5390661248993758 15 35.0
19 0.0 20 25.0
20 0.7151096421958554 17 21.0
1 2.797967510236314 12 95.0
2 5.3286294979912014 2 91.0
3 3.3015511525980776 9 77.0
4 2.238474681722812 14 72.0
5 3.671905065310255 8 72.0
6 4.282624451600638 4 64.0
7 5.598018789939614 1 60.0
8 3.270689755192614 11 57.0
9 3.99284920298962 6 54.0
10 3.8071882564638417 7 54.0
11 4.179669487944302 5 43.0
12 4.411908556281973 3 41.0
13 2.094042132802806 16 40.0
14 2.5295806090763926 13 40.0
15 2.1963940429635973 15 39.0
16 0.0 20 39.0
17 2.007762021390588 17 38.0
18 3.282659493594762 10 35.0
19 1.1537892330228943 19 25.0
20 1.7129445980068494 18 21.0
1 1.6082229273851212 19 95.0
2 5.026504172968943 2 91.0
3 4.590853546907347 5 77.0
4 4.608447618752857 4 72.0
5 3.040849520311045 10 72.0
6 6.215966599787968 1 64.0
7 4.447087993691155 6 60.0
8 2.8125184103228027 12 57.0
9 3.137797466750994 9 54.0
10 2.5535846035848975 15 54.0
11 3.6993366236812153 7 43.0
12 4.610002706746176 3 41.0
13 2.8647597452777602 11 40.0
14 2.551463745626646 16 40.0
15 2.456244938431662 17 39.0
16 0.0 20 39.0
17 2.558936677408365 14 38.0
18 2.573822958378983 13 35.0
19 1.7360974399809805 18 25.0
20 3.437996112303178 8 21.0
1 7.7316724873752625 4 95.0
2 8.566550169712478 2 91.0
3 7.72590079622192 5 77.0
4 7.638486478168647 6 72.0
5 9.940239137930098 1 72.0
6 7.982605262615943 3 64.0
7 7.057899999999984 10 60.0
8 7.008239137930098 11 57.0
9 7.354899712915481 8 54.0
10 7.417439868670341 7 54.0
11 5.784155634251645 17 43.0
12 7.146438157216498 9 41.0
13 6.437807242310724 15 40.0
14 6.88355558089987 12 40.0
15 6.742973675427556 13 39.0
16 5.644685634251633 18 39.0
17 6.395691797691535 16 38.0
18 5.4672391379301 19 35.0
19 0.0 20 25.0
20 6.678498796508643 14 21.0
1 3.459315170038057 10 95.0
2 5.4724487639663115 5 91.0
3 3.3597301925337644 12 77.0
4 5.10263758851958 7 72.0
5 3.3971526444070075 11 72.0
6 6.617246697160506 2 64.0
7 10.439310170025777 1 60.0
8 4.184503475150929 8 57.0
9 6.134756697208777 3 54.0
10 0.0 20 54.0
11 2.7650565248507832 14 43.0
12 3.308269787248618 13 41.0
13 5.32798364284491 6 40.0
14 5.861510170041125 4 40.0
15 3.695960425459735 9 39.0
16 0.6155302127297935 19 39.0
17 2.4965302127298425 15 38.0
18 1.8280238602387984 17 35.0
19 1.299752644405919 18 25.0
20 2.0568238602847497 16 21.0
1 8.316803333328881 3 95.0
2 7.007199999999997 6 91.0
3 5.438513333329469 11 77.0
4 1.7221999999988782 17 72.0
5 6.897303333325624 7 72.0
6 8.536603333351367 2 64.0
7 6.026463333342117 10 60.0
8 4.008293333331264 14 57.0
9 7.658249999999613 5 54.0
10 6.66191333333439 9 54.0
11 8.919713333332703 1 43.0
12 6.857403333310195 8 41.0
13 1.7847999999996111 16 40.0
14 2.973003333328884 15 40.0
15 4.366303333336213 13 39.0
16 1.6476066666672642 18 39.0
17 8.129313333328348 4 38.0
18 0.14579999999989912 19 35.0
19 0.0 20 25.0
20 4.878703333349314 12 21.0
1 3.8174424561779485 5 95.0
2 4.5945825373617035 2 91.0
3 4.079154979322439 3 77.0
4 1.6349767069811967 16 72.0
5 2.563420252891625 10 72.0
6 3.462456661082311 7 64.0
7 4.755375001308115 1 60.0
8 3.99329928663878 4 57.0
9 2.4410257172853767 12 54.0
10 2.656842456178094 9 54.0
11 1.5915902528916055 17 43.0
12 2.6929855264606766 8 41.0
13 2.549229957704106 11 40.0
14 2.279150657272665 13 40.0
15 0.0 20 39.0
16 1.4521202528916017 18 39.0
17 1.987136057821145 14 38.0
18 1.7488541273236358 15 35.0
19 0.7756657880846041 19 25.0
20 3.558836057821151 6 21.0
1 2.0184337347966816 15 95.0
2 5.826528893703073 1 91.0
3 3.721330665367276 8 77.0
4 4.180322336013072 5 72.0
5 3.632163556524496 9 72.0
6 2.8580080860129646 11 64.0
7 5.513494038186201 2 60.0
8 1.5410000000000004 17 57.0
9 4.300351207153392 4 54.0
10 4.88840201370214 3 54.0
11 2.5556369151527862 12 43.0
12 1.0772653527064076 18 41.0
13 4.10499621858715 6 40.0
14 1.6393364434755056 16 40.0
15 2.242099252944467 14 39.0
16 2.4171887541624733 13 39.0
17 3.045538477599164 10 38.0
18 0.0 20 35.0
19 0.7724353527064096 19 25.0
20 3.8827500774820503 7 21.0
1 4.1703020783807485 13 95.0
2 7.722078689240784 2 91.0
3 6.219607216017373 4 77.0
4 4.032717429976346 15 72.0
5 6.029077929724714 6 72.0
6 6.154682789752575 5 64.0
7 5.100014370375204 11 60.0
8 9.248971369836136 1 57.0
9 6.671091985995949 3 54.0
10 5.244667369836708 8 54.0
11 5.3873398499407115 7 43.0
12 5.215639701715088 9 41.0
13 3.148461660565278 17 40.0
14 4.434589960341047 12 40.0
15 2.3523971401955386 19 39.0
16 0.0 20 39.0
17 3.7956123300454836 16 38.0
18 3.140687669954514 18 35.0
19 5.210871369836045 10 25.0
20 4.117035559903623 14 21.0
1 5.043347847787684 5 95.0
2 8.775279363875109 1 91.0
3 5.28127703269285 3 77.0
4 4.621581625517528 6 72.0
5 4.160230863087189 7 72.0
6 5.228734729442984 4 64.0
7 5.906781652229565 2 60.0
8 2.4959124141309643 16 57.0
9 3.8984909714134868 8 54.0
10 3.5113039291230708 11 54.0
11 2.9162157449234023 13 43.0
12 2.7092360834085465 15 41.0
13 3.48187759872084 12 40.0
14 3.8838405909128833 9 40.0
15 2.0229468996833715 19 39.0
16 0.0 20 39.0
17 3.6132564782307592 10 38.0
18 2.1463158180238358 17 35.0
19 2.0752695697811716 18 25.0
20 2.728112161183789 14 21.0
1 0.0 20 95.0
2 7.53790000000002 3 91.0
3 7.50710877319936 4 77.0
4 7.014902400097398 8 72.0
5 5.360224691409954 15 72.0
6 5.675182599727988 13 64.0
7 7.807437078061774 2 60.0
8 6.938999999999999 9 57.0
9 7.1757705935278935 5 54.0
10 7.057264113975233 7 54.0
11 9.315064113975192 1 43.0
12 6.368778882262664 12 41.0
13 6.5601811870560995 10 40.0
14 6.37556765051549 11 40.0
15 5.608958916086462 14 39.0
16 1.9845589160860584 19 39.0
17 4.9559652400377905 17 38.0
18 5.145248916086058 16 35.0
19 7.166937104291434 6 25.0
20 4.395615292496819 18 21.0
1 6.012981175685505 13 95.0
2 8.43534814759191 3 91.0
3 6.524750905442638 11 77.0
4 6.71353868806945 10 72.0
5 8.776684937019075 2 72.0
6 2.1363175000004135 19 64.0
7 8.041669874068438 5 60.0
8 9.589935300533295 1 57.0
9 7.321078525405104 8 54.0
10 6.5056824999913045 12 54.0
11 7.836786537512572 6 43.0
12 8.056900000043798 4 41.0
13 7.095843663351458 9 40.0
14 5.167430000001945 15 40.0
15 4.859217499988253 16 39.0
16 7.819551912981689 7 39.0
17 3.7313999999911176 18 38.0
18 3.8267509054527324 17 35.0
19 0.0 20 25.0
20 5.941352612820954 14 21.0
1 2.399711915477638 13 95.0
2 6.570772824771501 1 91.0
3 4.230317888433558 6 77.0
4 5.893388978597383 2 72.0
5 2.605281287302244 12 72.0
6 2.394106714012615 14 64.0
7 4.7698703568052805 5 60.0
8 2.7974367135662024 10 57.0
9 4.780310833607972 4 54.0
10 4.942829754543122 3 54.0
11 3.9076090085544166 7 43.0
12 1.3679484557097044 17 41.0
13 0.9149803510096883 18 40.0
14 3.4928497866081085 8 40.0
15 2.7894935267326817 11 39.0
16 2.376095386346848 15 39.0
17 2.872006796434669 9 38.0
18 0.07855465250901883 19 35.0
19 0.0 20 25.0
20 2.265287392509113 16 21.0
1 6.846919999999965 1 95.0
2 4.216215999999962 7 91.0
3 0.020439999999974034 19 77.0
4 4.900600000000019 5 72.0
5 6.218599999999989 4 72.0
6 3.3046059999999806 9 64.0
7 6.7381999999999636 2 60.0
8 4.0995159999998965 8 57.0
9 6.277299999999972 3 54.0
10 2.7817160000000114 12 54.0
11 1.1905999999999484 15 43.0
12 3.2272840000000595 10 41.0
13 0.8564839999999543 16 40.0
14 0.0 20 40.0
15 2.103399999999989 14 39.0
16 3.0634999999999675 11 39.0
17 2.778258000000002 13 38.0
18 0.5921199999999778 18 35.0
19 4.87559999999998 6 25.0
20 0.6807419999999444 17 21.0
1 3.764674887253234 9 95.0
2 6.927862320651136 1 91.0
3 4.607161439466742 5 77.0
4 4.66938311868964 4 72.0
5 4.464913038048645 7 72.0
6 6.10620953517957 2 64.0
7 4.5778000000000265 6 60.0
8 1.2085753586970318 19 57.0
9 4.794054212077292 3 54.0
10 3.4741955624330094 10 54.0
11 1.8000179615034402 18 43.0
12 2.7937359516600067 15 41.0
13 4.092770866943158 8 40.0
14 0.0 20 40.0
15 2.4677948460647117 17 39.0
16 2.6881528257986496 16 39.0
17 3.164052804307401 11 38.0
18 3.084408695843401 12 35.0
19 2.797734136156117 14 25.0
20 2.802837679348773 13 21.0
1 0.0 20 95.0
2 7.537900000000832 6 91.0
3 4.0719527419357355 15 77.0
4 6.711505040323217 7 72.0
5 5.100516814516808 12 72.0
6 6.456649999999578 8 64.0
7 10.841062338709762 2 60.0
8 1.6784000000002157 19 57.0
9 9.578768608871442 3 54.0
10 9.332262338709866 4 54.0
11 3.139783185484792 17 43.0
12 11.672002338710179 1 41.0
13 5.859596229838921 9 40.0
14 4.051512741935314 16 40.0
15 5.469517419354978 11 39.0
16 5.747646149192922 10 39.0
17 8.154536068547412 5 38.0
18 5.070456229838734 13 35.0
19 4.358487258067369 14 25.0
20 2.8175168145138616 18 21.0
1 0.2462136824794401 19 95.0
2 5.158680777004613 1 91.0
3 2.848119155106881 8 77.0
4 2.75164808109369 10 72.0
5 0.7915632769104854 15 72.0
6 4.025429999897115 4 64.0
7 4.664738479798995 2 60.0
8 3.509950878219783 6 57.0
9 0.0 20 54.0
10 2.368663277698594 11 54.0
11 0.5942499999972506 18 43.0
12 3.606619797087305 5 41.0
13 2.8120260810539657 9 40.0
14 0.6131632769105801 17 40.0
15 0.6510478717136756 16 39.0
16 4.037846317520714 3 39.0
17 1.1176500000079912 13 38.0
18 3.477038479725096 7 35.0
19 1.7754463178615112 12 25.0
20 0.855530000044814 14 21.0
1 3.5244800015512086 9 95.0
2 7.6717986666010844 3 91.0
3 3.026130001551209 11 77.0
4 2.918599988605888 12 72.0
5 2.594319335202516 14 72.0
6 6.7601886666821915 6 64.0
7 3.9089400015512092 8 60.0
8 6.967200001551188 5 57.0
9 8.32284866661477 1 54.0
10 0.0 20 54.0
11 2.257799999540146 16 43.0
12 5.080988666286675 7 41.0
13 2.7101886685361194 13 40.0
14 1.067200001879168 18 40.0
15 2.3018193333301156 15 39.0
16 7.649118666611809 4 39.0
17 7.771298666611809 2 38.0
18 1.3607899999999908 17 35.0
19 3.3682886666034624 10 25.0
20 0.3113193329599966 19 21.0
1 5.080828441933707 15 95.0
2 8.560481104806275 2 91.0
3 10.251599036824828 1 77.0
4 8.244063512747843 3 72.0
5 6.886784220954162 6 72.0
6 5.703767053824055 12 64.0
7 6.0825441643046565 9 60.0
8 6.123590764874313 8 57.0
9 4.3418445042494325 16 54.0
10 0.033795999997098924 19 54.0
11 6.019818441922155 10 43.0
12 5.589644107647281 13 41.0
13 7.149681104817541 5 40.0
14 7.215767308778005 4 40.0
15 6.736099036824153 7 39.0
16 1.8503999999994938 18 39.0
17 3.731399999986362 17 38.0
18 5.738506968833946 11 35.0
19 0.0 20 25.0
20 5.256269008495049 14 21.0
1 1.7602544477845323 17 95.0
2 7.397145383457715 1 91.0
3 5.649269177530617 2 77.0
4 2.8922613031438975 12 72.0
5 2.3284911044575822 14 72.0
6 3.679845552239986 11 64.0
7 4.638154447768876 9 60.0
8 3.8551613031471055 10 57.0
9 5.193134161506593 4 54.0
10 2.537361303142821 13 54.0
11 4.6753566374731825 8 43.0
12 2.0006455522353592 16 41.0
13 5.185977891477807 5 40.0
14 1.590376203807378 18 40.0
15 0.09506130314432726 19 39.0
16 2.303430141001347 15 39.0
17 5.198756637474436 3 38.0
18 5.1379291454895455 6 35.0
19 0.0 20 25.0
20 4.936636637478528 7 21.0
1 2.7810241400043663 9 95.0
2 8.15261825649337 1 91.0
3 4.3633505951103295 4 77.0
4 3.786478545675499 5 72.0
5 3.387989464824875 6 72.0
6 0.9184892728378657 16 64.0
7 5.5635800343643975 2 60.0
8 4.982345228951633 3 57.0
9 0.7844684985174251 17 54.0
10 3.3150418122354797 7 54.0
11 0.07647854567540557 19 43.0
12 1.4135894648250167 14 41.0
13 2.6279002636711373 10 40.0
14 3.215640763004368 8 40.0
15 1.8276212623383912 12 39.0
16 0.0 20 39.0
17 2.494400263670847 11 38.0
18 1.0577387656714996 15 35.0
19 1.4671663178986798 13 25.0
20 0.43118522622685607 18 21.0
1 5.637440998961147 2 95.0
2 8.461612522976784 1 91.0
3 5.373314602359646 4 77.0
4 5.560644602359432 3 72.0
5 4.117463121577888 7 72.0
6 0.0 20 64.0
7 5.003255361083014 5 60.0
8 2.920423228290018 15 57.0
9 3.0432747847719015 14 54.0
10 2.2507937650821943 17 54.0
11 3.786821082199025 10 43.0
12 3.263776456580444 13 41.0
13 3.964543121578022 8 40.0
14 3.600969684869826 12 40.0
15 3.6097195198482734 11 39.0
16 1.674500000001201 18 39.0
17 3.789592478073191 9 38.0
18 2.732277091470249 16 35.0
19 0.9584327245560766 19 25.0
20 4.76413484243518 6 21.0
1 0.0 20 95.0
2 6.968897185025185 1 91.0
3 2.2174691611624104 6 77.0
4 1.9500518481485438 10 72.0
5 2.0909878776758255 8 72.0
6 3.730287877678208 2 64.0
7 2.7611746740356917 4 60.0
8 1.9699209811735658 9 57.0
9 2.6089906704142742 5 54.0
10 1.424758220580518 14 54.0
11 1.4638583819824103 12 43.0
12 2.9378121445584617 3 41.0
13 1.6330512919302056 11 40.0
14 1.2161651492311378 16 40.0
15 1.3760647764625005 15 39.0
16 0.9387331730938735 18 39.0
17 2.1729711709435704 7 38.0
18 0.31940806594949356 19 35.0
19 1.430416996352893 13 25.0
20 1.1427631298287992 17 21.0
1 6.377295810474143 3 95.0
2 5.319199152119792 7 91.0
3 5.560340174561282 5 77.0
4 5.524383216957387 6 72.0
5 3.2922194014959314 14 72.0
6 7.184832992519338 2 64.0
7 9.255195810473868 1 60.0
8 2.2892376309237736 16 57.0
9 0.3213325436411272 19 54.0
10 1.3238350872814966 18 54.0
11 5.17531940149852 8 43.0
12 1.9848476309225949 17 41.0
13 3.0790350872819707 15 40.0
14 4.025380673318086 11 40.0
15 3.7068983042396257 12 39.0
16 0.0 20 39.0
17 5.698719401495932 4 38.0
18 3.59558576059864 13 35.0
19 4.392898304239471 10 25.0
20 4.768958628427831 9 21.0
1 2.990179021096993 11 95.0
2 3.485078609403235 6 91.0
3 4.633248197709539 4 77.0
4 3.3783413773357385 8 72.0
5 3.178735867992752 9 72.0
6 3.8220869342977744 5 64.0
7 4.663541377335637 3 60.0
8 3.4125014912597456 7 57.0
9 4.970040256178409 1 54.0
10 2.347017245328473 14 54.0
11 2.8980358679927516 12 43.0
12 2.2075437830017193 16 41.0
13 1.3442472833032098 18 40.0
14 3.008386575647933 10 40.0
15 1.6028786094032053 17 39.0
16 0.0 20 39.0
17 4.812735867992752 2 38.0
18 2.32053586799281 15 35.0
19 1.081335867992707 19 25.0
20 2.602358622664232 13 21.0
1 2.1805274737258804 9 95.0
2 4.388883566001617 1 91.0
3 3.6897493173650187 2 77.0
4 1.5746474557754158 13 72.0
5 1.9026645895892649 11 72.0
6 2.2312183175654634 7 64.0
7 2.940357700104604 3 60.0
8 2.5087287710206487 6 57.0
9 2.7859664038488106 4 54.0
10 1.6179359914191658 12 54.0
11 2.1062687123012593 10 43.0
12 2.687269985508297 5 41.0
13 2.182418185695677 8 40.0
14 0.4148668261098418 18 40.0
15 0.6707710394504593 16 39.0
16 1.2939629291653172 14 39.0
17 0.873458686199044 15 38.0
18 0.0 20 35.0
19 0.4307884885179689 17 25.0
20 0.3623274491905091 19 21.0
1 2.374199599549708 12 95.0
2 5.900801677821681 2 91.0
3 2.9747860645611763 8 77.0
4 4.43425110663466 4 72.0
5 5.21262167782168 3 72.0
6 4.175214036722888 5 64.0
7 6.353266545828763 1 60.0
8 3.6331646133536406 6 57.0
9 3.060455378925508 7 54.0
10 2.3980955013566767 11 54.0
11 2.1185802876280526 13 43.0
12 2.885631756376729 9 41.0
13 1.7952280469613004 17 40.0
14 1.499307854286685 18 40.0
15 1.0455329953481065 19 39.0
16 2.0682819850228684 14 39.0
17 1.9964157615399194 15 38.0
18 1.9500937193455017 16 35.0
19 0.0 20 25.0
20 2.5829621178895166 10 21.0
1 3.9331707390339514 6 95.0
2 6.16847634966253 1 91.0
3 3.8171703402325954 7 77.0
4 3.48802893968485 10 72.0
5 4.3222895669680375 4 72.0
6 5.042457336906477 2 64.0
7 4.921591740780318 3 60.0
8 2.595475849521855 12 57.0
9 3.640835106844971 8 54.0
10 2.3606165943967246 14 54.0
11 1.6074573369064848 16 43.0
12 2.7565649521051285 11 41.0
13 4.212039766079757 5 40.0
14 1.9441549133854243 15 40.0
15 0.0 20 39.0
16 1.5575703402325924 17 39.0
17 3.5197241675885316 9 38.0
18 0.8024603155921937 19 35.0
19 1.2190648931550625 18 25.0
20 2.5343123173900346 13 21.0
1 6.5958878210982945 10 95.0
2 7.384147345403486 6 91.0
3 8.106098091815028 2 77.0
4 7.513900000000387 4 72.0
5 6.920829999999919 7 72.0
6 6.618365483723204 9 64.0
7 7.702512559002927 3 60.0
8 5.966087408445585 12 57.0
9 8.862161064191831 1 54.0
10 5.5737299535733795 13 54.0
11 3.803899999999901 18 43.0
12 6.537164737231043 11 41.0
13 0.0 20 40.0
14 6.874079045908138 8 40.0
15 5.055034307284697 14 39.0
16 4.465220954090848 16 39.0
17 0.30904734540318923 19 38.0
18 7.406255453834225 5 35.0
19 3.9751936066230753 17 25.0
20 4.558464737232141 15 21.0
1 1.4217658519765761 16 95.0
2 5.399139088497543 1 91.0
3 2.492058572533242 7 77.0
4 2.1733506426992912 10 72.0
5 2.3729188471022518 8 72.0
6 3.0642068695858193 4 64.0
7 3.0461941834562056 5 60.0
8 3.3231946139483037 3 57.0
9 2.2691321655546863 9 54.0
10 2.499197902154791 6 54.0
11 1.2116524402429727 18 43.0
12 3.533933757638751 2 41.0
13 1.3228822545004595 17 40.0
14 1.4984014508712469 14 40.0
15 1.946224180367185 11 39.0
16 0.0 20 39.0
17 1.734070423037959 12 38.0
18 1.4825141756543183 15 35.0
19 1.5456285828853256 13 25.0
20 0.41567973230865096 19 21.0
1 5.549802507070392 14 95.0
2 8.089540440326681 3 91.0
3 6.238399999998932 11 77.0
4 5.685877254272287 13 72.0
5 7.757191896001212 5 72.0
6 0.0 20 64.0
7 7.9191408165469 4 60.0
8 8.481339880534067 2 57.0
9 7.262311846753689 7 54.0
10 4.603759185212226 17 54.0
11 6.795556948270663 8 43.0
12 7.374965132618485 6 41.0
13 5.99459803475608 12 40.0
14 9.50391865625638 1 40.0
15 2.7228999994866547 19 39.0
16 6.330018656993927 9 39.0
17 6.2735918946902 10 38.0
18 5.306818656893981 16 35.0
19 4.0676186522604345 18 25.0
20 5.474191894690336 15 21.0
1 2.630965785592123 14 95.0
2 4.987597557569134 3 91.0
3 4.370656919093517 7 77.0
4 1.7221999999994886 18 72.0
5 8.45926546326873 1 72.0
6 4.396141541697773 6 64.0
7 4.304595115138701 8 60.0
8 4.0380999999994875 11 57.0
9 4.956596919093496 4 54.0
10 3.720565463268803 12 54.0
11 2.2950810919200473 15 43.0
12 6.484865463268718 2 41.0
13 4.239638827726494 9 40.0
14 4.48562961160346 5 40.0
15 1.6288248149686475 19 39.0
16 1.723311408307439 17 39.0
17 3.2479366686818523 13 38.0
18 2.1713962343047433 16 35.0
19 0.0 20 25.0
20 4.231165463268721 10 21.0
1 3.5077940924991546 13 95.0
2 7.255679522085844 1 91.0
3 5.060998458494741 8 77.0
4 6.451255504246955 3 72.0
5 4.942158717235969 9 72.0
6 6.5983110130254765 2 64.0
7 5.932477171972823 6 60.0
8 6.3945876691737595 4 57.0
9 3.4595971373782097 14 54.0
10 6.284398458494744 5 54.0
11 3.8038999999999996 12 43.0
12 5.372327933551807 7 41.0
13 0.0 20 40.0
14 4.820206981370848 10 40.0
15 2.7061857252435644 16 39.0
16 2.4222679446043953 17 39.0
17 4.243295816261676 11 38.0
18 2.362998458494742 18 35.0
19 2.057897137378212 19 25.0
20 3.3020040271230515 15 21.0
1 3.3192634756990413 12 95.0
2 4.807042856163994 6 91.0
3 7.046524476012834 1 77.0
4 4.17549814238045 8 72.0
5 5.144798142629082 2 72.0
6 4.4932844758661945 7 64.0
7 5.140150808749039 3 60.0
8 3.735271428113122 11 57.0
9 4.010794476555167 10 54.0
10 2.8950071436199867 16 54.0
11 0.35342142850395053 19 43.0
12 3.170398142722161 14 41.0
13 4.972219809456054 4 40.0
14 0.5623508094313396 18 40.0
15 2.9248428570865936 15 39.0
16 4.033498142652663 9 39.0
17 3.2400357140784855 13 38.0
18 1.7167357140946777 17 35.0
19 0.0 20 25.0
20 4.866324475828205 5 21.0
1 0.0 20 95.0
2 7.537900000029939 1 91.0
3 6.411200189950645 7 77.0
4 6.602122974164441 6 72.0
5 5.201194477407527 14 72.0
6 6.626289999999238 5 64.0
7 6.654829000004484 4 60.0
8 6.355797192019212 8 57.0
9 4.311648986278092 18 54.0
10 5.129768954885359 15 54.0
11 5.997140678651817 9 43.0
12 5.228879049184514 13 41.0
13 5.961707651896559 10 40.0
14 5.455109080647074 12 40.0
15 3.7085590177265866 19 39.0
16 4.543465281429867 17 39.0
17 7.357253797837934 2 38.0
18 5.835299017738452 11 35.0
19 4.55864231419004 16 25.0
20 6.866094384053847 3 21.0
1 1.8985422221155117 15 95.0
2 6.5766141875005895 2 91.0
3 3.001380928049339 7 77.0
4 2.3176084461791335 12 72.0
5 6.847177533438021 1 72.0
6 4.524501374002342 4 64.0
7 4.163297444582342 5 60.0
8 1.4353018560779354 17 57.0
9 3.0732018559434557 6 54.0
10 2.2400873859739234 13 54.0
11 2.1872507822138094 14 43.0
12 2.9783106257680356 8 41.0
13 2.9243891511470803 9 40.0
14 2.6584775334378596 10 40.0
15 0.0 20 39.0
16 1.1371211923291862 18 39.0
17 1.7849702567947272 16 38.0
18 2.5858545151899617 11 35.0
19 0.2858911623142881 19 25.0
20 4.564177533438238 3 21.0
1 3.642417721801786 12 95.0
2 7.932596722600683 2 91.0
3 2.9631905515579238 13 77.0
4 2.9228350359710884 14 72.0
5 2.7267094484409515 15 72.0
6 8.574822581929133 1 64.0
7 6.581371526789409 4 60.0
8 6.2413445563514305 5 57.0
9 2.647513309352335 16 54.0
10 0.0 20 54.0
11 5.139822581970207 7 43.0
12 6.720717721825682 3 41.0
13 5.2894856754610124 6 40.0
14 4.33261717025748 10 40.0
15 4.843405619496898 9 39.0
16 1.1595000000003064 18 39.0
17 2.09596330935403 17 38.0
18 4.961527106320827 8 35.0
19 4.111296722625116 11 25.0
20 0.32708110312221095 19 21.0
1 6.350348793606527 9 95.0
2 10.537724937964494 1 91.0
3 8.51318819189185 3 77.0
4 5.952718401308829 10 72.0
5 7.47098873532526 5 72.0
6 5.83497127820208 12 64.0
7 7.057900000000012 7 60.0
8 7.149642534613462 6 57.0
9 5.784047413577057 13 54.0
10 6.689981278202069 8 54.0
11 4.240268731988717 18 43.0
12 5.9483514458192035 11 41.0
13 9.928911433087006 2 40.0
14 4.7118228667023985 17 40.0
15 5.331585467961159 14 39.0
16 4.769580979503678 16 39.0
17 3.6162887353252713 19 38.0
18 7.962737928209513 4 35.0
19 0.0 20 25.0
20 5.187988735325257 15 21.0
1 4.697277974093465 6 95.0
2 4.712171833667643 5 91.0
3 4.736093833624178 4 77.0
4 4.689259848848058 7 72.0
5 4.776835373429261 3 72.0
6 3.1306439078844672 11 64.0
7 6.0452872900081545 1 60.0
8 2.9007206184714285 12 57.0
9 4.447074067484301 8 54.0
10 3.6422512563341063 10 54.0
11 2.847706637423256 13 43.0
12 5.0788498284465105 2 41.0
13 2.0654901489726543 16 40.0
14 2.0192439078844333 17 40.0
15 1.5612883709658434 19 39.0
16 0.0 20 39.0
17 4.21123766456596 9 38.0
18 1.9506966374232475 18 35.0
19 2.6086254855978583 14 25.0
20 2.2050098510273326 15 21.0
1 1.5275829744449767 15 95.0
2 6.078895831202403 1 91.0
3 3.8364174468877295 5 77.0
4 2.993253091831529 7 72.0
5 0.8992629567432986 18 72.0
6 4.619794509272078 4 64.0
7 4.622098017032991 3 60.0
8 4.974979099742535 2 57.0
9 2.6556746690561153 10 54.0
10 1.3667692978600183 17 54.0
11 2.798259061335442 9 43.0
12 3.5909072704628238 6 41.0
13 2.8205147294601542 8 40.0
14 2.103485205983535 12 40.0
15 0.0 20 39.0
16 0.7939550021430815 19 39.0
17 1.8139624230641205 14 38.0
18 1.9495642310869516 13 35.0
19 1.4222643211651005 16 25.0
20 2.157274616762338 11 21.0
1 0.538981339472125 19 95.0
2 4.163340294190849 2 91.0
3 2.7098999998269417 7 77.0
4 3.5450950009126316 4 72.0
5 5.1063913394864375 1 72.0
6 3.0160723256807644 6 64.0
7 3.7386090120000715 3 60.0
8 2.2173813394893966 10 57.0
9 1.4830356983743034 14 54.0
10 1.8262170415894428 13 54.0
11 1.4779713394756997 15 43.0
12 2.0421125012723533 12 41.0
13 3.340049011985782 5 40.0
14 2.191577500465099 11 40.0
15 2.575391339409487 8 39.0
16 0.8093056984068558 18 39.0
17 0.0 20 38.0
18 2.5509090120037867 9 35.0
19 0.8897977890795794 16 25.0
20 0.8791423849202624 17 21.0
1 4.879287394968405 2 95.0
2 6.62214882261928 1 91.0
3 4.327824378129501 5 77.0
4 3.6406158882746547 7 72.0
5 4.485583188771864 3 72.0
6 3.0252401227715393 13 64.0
7 4.412681272208757 4 60.0
8 3.05755636556681 11 57.0
9 2.0049373608564744 18 54.0
10 3.3088679283516123 9 54.0
11 1.8271342913508166 19 43.0
12 4.325500000000003 6 41.0
13 2.4534967933613334 16 40.0
14 3.2905729360611593 10 40.0
15 3.5112459541922596 8 39.0
16 3.0344761562369977 12 39.0
17 0.0 20 38.0
18 2.214123019227527 17 35.0
19 2.8310873949684057 14 25.0
20 2.503871949188213 15 21.0
1 5.587935350038538 6 95.0
2 4.067055350032082 10 91.0
3 11.870119825031942 1 77.0
4 4.982055350011147 8 72.0
5 3.7760210499579974 12 72.0
6 5.208080350064721 7 64.0
7 1.2742000000393805 18 60.0
8 8.246619825039279 2 57.0
9 3.1262659750574864 14 54.0
10 4.42733535003208 9 54.0
11 0.7559001750335024 19 43.0
12 3.671207900003625 13 41.0
13 6.991480350027162 3 40.0
14 2.3407210500473004 16 40.0
15 2.184855350038537 17 39.0
16 4.038505350024058 11 39.0
17 6.357519825007857 4 38.0
18 6.2497303500404 5 35.0
19 2.6261198251352242 15 25.0
20 0.0 20 21.0
1 4.9499964211786445 3 95.0
2 5.559571883065859 1 91.0
3 3.8658274495442666 7 77.0
4 3.9463263866390585 6 72.0
5 2.0607650015187216 15 72.0
6 3.732116422912897 8 64.0
7 2.2009563866390573 14 60.0
8 1.9489035788267102 16 57.0
9 2.2322327864904445 13 54.0
10 4.225337915119344 5 54.0
11 4.253832995022732 4 43.0
12 2.446756352106242 11 41.0
13 2.379583286923712 12 40.0
14 1.6835695692969534 17 40.0
15 2.4998832869240166 10 39.0
16 0.32994066652658827 19 39.0
17 0.0 20 38.0
18 3.356822995022783 9 35.0
19 5.155196421178656 2 25.0
20 1.5118964211999486 18 21.0
1 3.5953680294715737 5 95.0
2 4.6675067094065605 1 91.0
3 0.6892853424538536 17 77.0
4 3.7100000000002673 4 72.0
5 2.48405236940341 8 72.0
6 0.48401534245299094 18 64.0
7 3.0197993331633493 6 60.0
8 1.6884993331619749 10 57.0
9 1.3718389206714545 14 54.0
10 1.664974284028869 11 54.0
11 0.0 20 43.0
12 3.7893630844524564 2 41.0
13 3.770377999998601 3 40.0
14 1.8277402077666662 9 40.0
15 2.5837140856556573 7 39.0
16 0.9396518848787654 15 39.0
17 0.6999265992557326 16 38.0
18 1.405156396104044 13 35.0
19 0.18787850818154905 19 25.0
20 1.5348229709165568 12 21.0
1 4.574895937496935 12 95.0
2 6.667446562499857 9 91.0
3 11.057433437500393 1 77.0
4 8.870186250000138 3 72.0
5 6.708499999999972 7 72.0
6 6.843638281253163 6 64.0
7 1.8097000000000056 17 60.0
8 2.951400000000025 14 57.0
9 5.992590624992106 10 54.0
10 6.67128624999957 8 54.0
11 2.574400000000004 16 43.0
12 7.465493281253163 4 41.0
13 0.1335000000000086 19 40.0
14 1.3838000000000177 18 40.0
15 4.228986250001539 13 39.0
16 4.762600312504093 11 39.0
17 0.0 20 38.0
18 9.088666874998781 2 35.0
19 2.6731734374989373 15 25.0
20 6.848120625001782 5 21.0
1 5.00207357185563 4 95.0
2 5.852343544382391 3 91.0
3 3.977866839851456 8 77.0
4 2.847214112118492 13 72.0
5 3.0832243805906763 11 72.0
6 2.9628351834264 12 64.0
7 3.874759033561738 9 60.0
8 4.144383844772505 7 57.0
9 6.071165216034607 2 54.0
10 3.841473576725644 10 54.0
11 6.0992735757521155 1 43.0
12 2.354733686816795 15 41.0
13 0.7891399946867734 19 40.0
14 1.647924378468454 17 40.0
15 4.402371872459572 5 39.0
16 1.0101141124438793 18 39.0
17 2.0286735765353514 16 38.0
18 0.0 20 35.0
19 4.237236889241783 6 25.0
20 2.650743544329959 14 21.0
1 0.0 20 95.0
2 6.767649904367536 1 91.0
3 4.057334514224965 4 77.0
4 2.873769514742767 13 72.0
5 2.9929828476738125 12 72.0
6 3.366358912216137 8 64.0
7 5.285155219962262 2 60.0
8 3.523145483061675 6 57.0
9 3.5766099681006405 5 54.0
10 3.4112507265049965 7 54.0
11 4.428746213589316 3 43.0
12 3.078299947943958 11 41.0
13 2.814858216106105 14 40.0
14 3.1890561552230423 10 40.0
15 1.317420333995819 19 39.0
16 2.7977213358943365 15 39.0
17 2.703118631122541 16 38.0
18 1.8939125626841695 17 35.0
19 1.555044120923846 18 25.0
20 3.1987656082968807 9 21.0
1 4.257772565613508 17 95.0
2 9.37307019505646 2 91.0
3 7.210012037087558 6 77.0
4 7.93245778164786 5 72.0
5 4.784984064854052 15 72.0
6 5.354054018724567 12 64.0
7 7.953978537839946 4 60.0
8 5.763251641028137 9 57.0
9 4.876037183650414 14 54.0
10 8.433412037087606 3 54.0
11 10.691212037087599 1 43.0
12 6.220593350592911 8 41.0
13 5.272278175837392 13 40.0
14 5.480482584553108 10 40.0
15 4.755022584553136 16 39.0
16 4.147424181633437 18 39.0
17 3.731399999999974 19 38.0
18 6.789574366448129 7 35.0
19 0.0 20 25.0
20 5.383792978742611 11 21.0
1 3.0889634405273445 9 95.0
2 5.285000000000065 1 91.0
3 2.1781506068360414 14 77.0
4 0.0 20 72.0
5 4.52946484237074 4 72.0
6 3.685667034422704 6 64.0
7 4.955445934341604 2 60.0
8 4.686099999999604 3 57.0
9 3.1829146609885712 8 54.0
10 2.9755365594749343 11 54.0
11 2.8694514355786547 12 43.0
12 4.340868863226595 5 41.0
13 2.2971406068356677 13 40.0
14 1.8475330017508247 17 40.0
15 1.64971400289253 18 39.0
16 2.131068863228039 15 39.0
17 3.070408866934048 10 38.0
18 2.126202438053179 16 35.0
19 1.0407634405273787 19 25.0
20 3.6196847806111654 7 21.0
1 1.8807829891052739 10 95.0
2 6.15426503866032 1 91.0
3 2.582039863262753 7 77.0
4 2.9253852946428998 3 72.0
5 2.790448246160693 5 72.0
6 1.0099067557920658 17 64.0
7 2.2263814329946396 8 60.0
8 3.1299075835241883 2 57.0
9 2.02388779520229 9 54.0
10 1.5212136830313803 13 54.0
11 2.6599319466591127 6 43.0
12 2.8918003102672376 4 41.0
13 1.4188395584292521 14 40.0
14 1.7631742545765063 11 40.0
15 1.6174134252378736 12 39.0
16 0.0 20 39.0
17 1.1869006079310125 16 38.0
18 0.629699603609714 19 35.0
19 1.1917449180302748 15 25.0
20 0.6976739921888211 18 21.0
1 0.01778974563386182 19 95.0
2 7.55568974563386 1 91.0
3 6.353173124217971 3 77.0
4 3.5828075241971864 12 72.0
5 5.85684051618505 6 72.0
6 6.147676562218551 4 64.0
7 5.726932840034049 7 60.0
8 4.720073968420379 9 57.0
9 4.760124725309648 8 54.0
10 6.0008258548251785 5 54.0
11 6.635793124217976 2 43.0
12 3.4503996862174184 14 41.0
13 4.148416486175858 11 40.0
14 3.1738999999999202 16 40.0
15 3.0273038677622317 17 39.0
16 0.0 20 39.0
17 3.1931656118624767 15 38.0
18 4.559775934434218 10 35.0
19 3.532054486071909 13 25.0
20 2.692505991424179 18 21.0
1 2.858538988078839 7 95.0
2 2.672452046400583 8 91.0
3 2.8693123509355827 6 77.0
4 2.619346545002905 9 72.0
5 2.4515216701756537 10 72.0
6 3.0448558677837516 5 64.0
7 5.8442752794243535 1 60.0
8 3.145433319430412 4 57.0
9 3.8105185218742124 3 54.0
10 1.5110445751965211 16 54.0
11 4.886503474800003 2 43.0
12 1.9352224620405973 12 41.0
13 2.425951138549834 11 40.0
14 1.802883409329902 13 40.0
15 0.049909893829575225 19 39.0
16 1.645413841598843 15 39.0
17 1.7300999261640877 14 38.0
18 0.9056166227972493 17 35.0
19 0.8103389880788365 18 25.0
20 0.0 20 21.0
1 5.293368182560352 4 95.0
2 5.510925843927857 2 91.0
3 2.58243295432636 12 77.0
4 2.734917696848295 11 72.0
5 4.66504818256028 6 72.0
6 5.195360628214903 5 64.0
7 6.8114704973908475 1 60.0
8 5.480170497390832 3 57.0
9 3.277025111580191 9 54.0
10 1.5788930964313592 18 54.0
11 3.9537853292816814 8 43.0
12 4.369469547694928 7 41.0
13 2.3423126855882055 14 40.0
14 2.9017274109390176 10 40.0
15 2.1762674109389852 15 39.0
16 0.0 20 39.0
17 2.099472812221416 17 38.0
18 2.1007564131283383 16 35.0
19 1.4657007081083488 19 25.0
20 2.563250490440179 13 21.0
1 4.164077063311693 17 95.0
2 9.073504290313853 1 91.0
3 8.168808580627694 2 77.0
4 5.108563919372279 14 72.0
5 5.498873575757574 10 72.0
6 6.579872730519474 5 64.0
7 7.285223055735915 3 60.0
8 6.873980373376658 4 57.0
9 6.063577063311687 7 54.0
10 5.2685025735930795 11 54.0
11 6.460518578192634 6 43.0
12 4.395141078192641 16 41.0
13 5.909571790313855 8 40.0
14 2.707423055735933 19 40.0
15 3.0186610708874424 18 39.0
16 0.0 20 39.0
17 5.841203580627687 9 38.0
18 5.055300000000005 15 35.0
19 5.210271079410175 13 25.0
20 5.233891079410175 12 21.0
1 3.8814503773976723 7 95.0
2 5.816848335266995 2 91.0
3 3.8475853555916997 8 77.0
4 2.8991848390106516 11 72.0
5 3.9533629082327586 6 72.0
6 4.903172223517856 4 64.0
7 3.8079993006498047 9 60.0
8 2.4766993006423546 13 57.0
9 5.236828853242514 3 54.0
10 1.067857027646483 18 54.0
11 2.517147585006038 12 43.0
12 4.262553762245486 5 41.0
13 1.4344173991233593 17 40.0
14 6.209766470295412 1 40.0
15 1.062928853246793 19 39.0
16 3.035866470295718 10 39.0
17 1.946194798235866 15 38.0
18 0.0 20 35.0
19 1.581975912943151 16 25.0
20 2.244214751847128 14 21.0
1 2.486484765568849 18 95.0
2 10.220120633015178 1 91.0
3 6.5287737481157615 6 77.0
4 7.131724917253888 3 72.0
5 6.771610104785168 4 72.0
6 3.2746395311377023 17 64.0
7 8.183969729722401 2 60.0
8 3.677969531137691 15 57.0
9 4.617288211757883 10 54.0
10 5.752854859401031 7 54.0
11 6.7155041561500735 5 43.0
12 4.812415234431107 9 41.0
13 5.508735970686443 8 40.0
14 3.7504206330151426 14 40.0
15 1.5843147655688492 19 39.0
16 4.594920699210191 11 39.0
17 0.0 20 38.0
18 4.20745476240973 13 35.0
19 4.286926270786335 12 25.0
20 3.417198977851093 16 21.0
1 4.45486553157837 5 95.0
2 6.083539816390807 1 91.0
3 4.531112064790032 4 77.0
4 2.797199999999998 14 72.0
5 4.127445582902144 7 72.0
6 5.121690627060279 2 64.0
7 4.883053823846087 3 60.0
8 3.3831238118584386 11 57.0
9 3.7030844045948146 9 54.0
10 2.933298032478593 13 54.0
11 3.651227821272919 10 43.0
12 4.386192311164296 6 41.0
13 3.7165726453910604 8 40.0
14 2.503309307934648 16 40.0
15 0.0 20 39.0
16 1.9743928832116182 19 39.0
17 3.020771985491239 12 38.0
18 2.702887926875756 15 35.0
19 2.406665531578369 18 25.0
20 2.499977679040372 17 21.0
1 2.6148266505473456 14 95.0
2 5.699549622636398 1 91.0
3 4.685696041257579 2 77.0
4 3.4923772417807273 9 72.0
5 2.8993072395140898 12 72.0
6 3.4003520865135446 10 64.0
7 4.010641950340779 4 60.0
8 3.9138035728205134 5 57.0
9 3.7076222000201584 8 54.0
10 2.4228029807476825 16 54.0
11 3.7440803622088015 7 43.0
12 4.012462940764036 3 41.0
13 2.475144559092797 15 40.0
14 2.6719617999291363 13 40.0
15 3.8550872064759685 6 39.0
16 0.0 20 39.0
17 2.207520209768194 17 38.0
18 1.4476299829372512 18 35.0
19 1.1796527687729323 19 25.0
20 3.2420367475286715 11 21.0
1 1.671191245193103 18 95.0
2 5.911846908026196 1 91.0
3 3.5327891002482326 11 77.0
4 4.339206509222271 6 72.0
5 4.2616488636733125 7 72.0
6 5.025780372216512 2 64.0
7 4.875876778705139 3 60.0
8 4.409663548250407 5 57.0
9 4.1739000000000015 8 54.0
10 3.3923099308565834 13 54.0
11 1.8672219602334585 16 43.0
12 4.032202118169693 9 41.0
13 3.9318443603077875 10 40.0
14 2.739499310777229 14 40.0
15 0.0 20 39.0
16 1.7939493532397162 17 39.0
17 4.745006948978506 4 38.0
18 0.8347891002482322 19 35.0
19 2.244549707922589 15 25.0
20 3.486080804695999 12 21.0
1 4.493017694628915 10 95.0
2 6.50108567290276 2 91.0
3 4.561288853349416 8 77.0
4 6.329014327097214 3 72.0
5 3.717778430899054 13 72.0
6 5.349401327700646 5 64.0
7 5.5624207483403225 4 60.0
8 7.681399999999999 1 57.0
9 4.224666958358501 11 54.0
10 4.17019771876904 12 54.0
11 4.523506022932956 9 43.0
12 4.647962776101388 7 41.0
13 4.6802788533494875 6 40.0
14 3.260239879299986 17 40.0
15 3.6411242245021347 15 39.0
16 3.5509369583583794 16 39.0
17 2.234178430899249 18 38.0
18 2.174301327700667 19 35.0
19 3.6433000000000173 14 25.0
20 0.0 20 21.0
1 3.614619999997031 15 95.0
2 5.884417073168652 8 91.0
3 6.8613380488025335 2 77.0
4 6.057149999950815 7 72.0
5 2.98629999999695 16 72.0
6 4.625599999997256 10 64.0
7 4.577799999986363 11 60.0
8 7.861634634162874 1 57.0
9 6.768597560962701 3 54.0
10 3.9902599999891706 14 54.0
11 1.1905999999961745 18 43.0
12 6.304647317077063 5 41.0
13 6.452637073167579 4 40.0
14 0.0 20 40.0
15 4.002217073163843 13 39.0
16 6.271936585343381 6 39.0
17 4.162650000035312 12 38.0
18 2.6393499999891716 17 35.0
19 4.688217073183787 9 25.0
20 1.0449170731647266 19 21.0
1 0.02975435539020488 19 95.0
2 5.4310369744262275 1 91.0
3 4.55752083540734 2 77.0
4 1.941310687350311 14 72.0
5 3.0647195136608687 6 72.0
6 2.2263114456477355 12 64.0
7 4.347030615908599 3 60.0
8 3.142325910141849 5 57.0
9 2.920539392523898 8 54.0
10 1.8331309387584787 15 54.0
11 3.2415548685044766 4 43.0
12 1.979787586444775 13 41.0
13 2.977968968248254 7 40.0
14 1.351369083488526 16 40.0
15 2.563107735904483 9 39.0
16 2.5441458767063883 10 39.0
17 2.3536930246975434 11 38.0
18 1.2035236566895327 17 35.0
19 0.0 20 25.0
20 1.0373811798503063 18 21.0
1 4.4633179173730415 10 95.0
2 10.608784289886355 1 91.0
3 4.02682999999512 12 77.0
4 5.620152558030535 5 72.0
5 5.210923929267942 6 72.0
6 0.0 20 64.0
7 6.557214095449243 2 60.0
8 0.40333000000092234 19 57.0
9 4.6852299998039175 9 54.0
10 3.769391021306357 13 54.0
11 5.004252834471888 8 43.0
12 6.533691021821555 3 41.0
13 5.680530558139135 4 40.0
14 1.7042047634598831 17 40.0
15 0.5113300000317023 18 39.0
16 2.491750956553018 15 39.0
17 4.3435208584112095 11 38.0
18 5.049618976114799 7 35.0
19 2.415117917257569 16 25.0
20 3.300218504941986 14 21.0
1 5.316838000000013 13 95.0
2 8.626215999999959 2 91.0
3 7.504293999999997 5 77.0
4 5.718441999999989 10 72.0
5 5.125372000000013 14 72.0
6 7.150310999999983 7 64.0
7 7.178849999999988 6 60.0
8 3.917149999999988 16 57.0
9 5.4341000000000115 12 54.0
10 5.950938000000062 9 54.0
11 11.510038000000016 1 43.0
12 5.471111000000016 11 41.0
13 7.706137999999903 4 40.0
14 8.595328000000015 3 40.0
15 3.4865109999999793 18 39.0
16 3.26131099999998 19 39.0
17 4.88254999999995 15 38.0
18 6.066016 8 35.0
19 0.0 20 25.0
20 3.4924109999999797 17 21.0
1 0.8242182608696038 18 95.0
2 6.3072728571475025 5 91.0
3 7.5838101863371925 4 77.0
4 2.839145962729516 15 72.0
5 3.320282962729515 13 72.0
6 8.543179633540852 3 64.0
7 8.571718633540998 2 60.0
8 3.511522795030098 10 57.0
9 3.4107859627543733 12 54.0
10 0.7095591304353164 19 54.0
11 2.2365408695681577 16 43.0
12 4.207831739119658 7 41.0
13 10.326579633540838 1 40.0
14 0.0 20 40.0
15 3.9369186335396233 9 39.0
16 1.869059130435276 17 39.0
17 2.8592359627295165 14 38.0
18 4.885810186328807 6 35.0
19 4.134764409940147 8 25.0
20 3.4170772670838363 11 21.0
1 2.9450332054575092 16 95.0
2 7.215637201602329 1 91.0
3 5.465414165092641 4 77.0
4 0.8253667945422669 19 72.0
5 6.137637201603441 3 72.0
6 5.149023842315746 6 64.0
7 6.267417201602329 2 60.0
8 3.977133589084498 10 57.0
9 3.3536047649103065 15 54.0
10 5.269877201602577 5 54.0
11 3.6748532508125074 13 43.0
12 4.638804764910963 7 41.0
13 3.912553250810123 12 40.0
14 3.9733965333744776 11 40.0
15 4.032853250813042 9 39.0
16 1.4707854512811336 18 39.0
17 3.636980228664393 14 38.0
18 2.113680228664248 17 35.0
19 0.0 20 25.0
20 4.103926615012254 8 21.0
1 4.11545172179809 10 95.0
2 6.084730831212923 3 91.0
3 5.353751721797983 6 77.0
4 2.1988999999996133 18 72.0
5 9.48696080576751 1 72.0
6 5.597516547921932 5 64.0
7 4.505183723494557 9 60.0
8 5.7298608057676805 4 57.0
9 3.699221433418096 14 54.0
10 0.0 20 54.0
11 3.6838594486852356 15 43.0
12 2.6490547497879255 17 41.0
13 5.253781662425645 7 40.0
14 3.8548825784562775 13 40.0
15 6.955960805767548 2 39.0
16 3.1289551738761094 16 39.0
17 3.882066692111937 12 38.0
18 3.9905577777776813 11 35.0
19 1.3724246395250232 19 25.0
20 4.554751433418061 8 21.0
