1 2.2926737964330988 5 95.0
2 3.506224694117773 1 91.0
3 1.4615037956204808 15 77.0
4 1.9122831224763561 10 72.0
5 1.5877230662152777 13 72.0
6 2.806562874384866 3 64.0
7 2.2779044687646053 7 60.0
8 2.853740644480584 2 57.0
9 1.5493603647659455 14 54.0
10 2.79561872299871 4 54.0
11 2.2905649165555615 6 43.0
12 2.1982875579033685 9 41.0
13 0.8379779607214449 17 40.0
14 1.6333282744566073 12 40.0
15 0.990881167389263 16 39.0
16 2.2279655569393215 8 39.0
17 0.7442880498043598 18 38.0
18 0.0 20 35.0
19 1.6653884461994526 11 25.0
20 0.6144800850513064 19 21.0
