1 2.214273513574243 11 93.0
2 1.912467495836527 14 79.0
3 2.829683745539138 8 76.0
4 1.9934162455391367 13 73.0
5 3.7447530146845027 4 61.0
6 3.3739841298342554 5 60.0
7 1.9964512288852478 12 58.0
8 0.11899126219302625 19 55.0
9 0.43484999107827393 16 51.0
10 0.21411874672870068 17 51.0
11 3.8132394763937727 3 49.0
12 0.17895243338444122 18 49.0
13 4.65531586124402 1 49.0
14 2.2362839775040317 10 47.0
15 2.9265554378254794 7 46.0
16 0.0 20 43.0
17 1.4077325576938333 15 43.0
18 3.0649095532527966 6 29.0
19 3.837527495241745 2 22.0
20 2.3532987443495728 9 20.0
