1 5.741390890481574 2 93.0
2 0.7157338538750575 18 79.0
3 6.1473722861468465 1 76.0
4 0.4437992659372698 19 73.0
5 2.54400669857753 9 61.0
6 3.337299280275897 6 60.0
7 3.903228557821657 3 58.0
8 0.8101477156100103 17 55.0
9 1.7243814173857501 14 51.0
10 3.000301098910922 7 51.0
11 1.369240859516487 15 49.0
12 0.0 20 49.0
13 3.817339266340597 4 49.0
14 1.9084981549931341 12 47.0
15 0.9083450944314944 16 46.0
16 2.928783165263726 8 43.0
17 2.3535379961486442 11 43.0
18 3.8139282867289515 5 29.0
19 2.543973774523617 10 22.0
20 1.8238374458721558 13 20.0
1 7.8196571591440245 1 93.0
2 3.990299999997661 5 79.0
3 3.3234481802188287 8 76.0
4 1.9668098856902962 14 73.0
5 2.8930339102036964 10 61.0
6 2.768893281778594 11 60.0
7 4.3247811511123135 4 58.0
8 0.1593110765600394 19 55.0
9 3.2745613807506575 9 51.0
10 3.438343871338817 7 51.0
11 4.838593281794779 3 49.0
12 1.371814538598813 16 49.0
13 3.9662511511011216 6 49.0
14 0.0 20 47.0
15 1.0371260705046177 17 46.0
16 2.4428399476842193 12 43.0
17 0.834652168743435 18 43.0
18 2.0116999999840277 13 29.0
19 6.1582505152483655 2 22.0
20 1.426189090108515 15 20.0
1 8.75929999805359 2 93.0
2 4.903000000002281 13 79.0
3 7.6018675000004645 4 76.0
4 6.4406000000139585 10 73.0
5 5.129300001046599 12 61.0
6 6.86290000051686 7 60.0
7 9.66364333138737 1 58.0
8 3.763199999749805 16 55.0
9 5.355300000095001 11 51.0
10 4.473167500021251 15 51.0
11 8.622099997327032 3 49.0
12 3.1596999974546556 17 49.0
13 7.189400000082836 5 49.0
14 0.6803999997504606 19 47.0
15 4.757432500009224 14 46.0
16 1.5969000000187465 18 43.0
17 0.0 20 43.0
18 6.822200010041893 8 29.0
19 6.7486650000268344 9 22.0
20 7.089886664720703 6 20.0
1 7.702420133985715 3 93.0
2 6.085126161055921 5 79.0
3 5.912445911715768 6 76.0
4 3.848566161029205 12 73.0
5 2.6484771660107453 15 61.0
6 5.042123672500255 8 60.0
7 4.308258307051453 10 58.0
8 0.0 20 55.0
9 12.227526161056634 1 51.0
10 2.700569513740291 14 51.0
11 5.518704240923959 7 49.0
12 9.11692616105653 2 49.0
13 4.772422309692461 9 49.0
14 0.035157922812002695 19 47.0
15 1.769704240903891 17 46.0
16 3.875923672502013 11 43.0
17 1.3805823731964382 18 43.0
18 2.8197142292217765 13 29.0
19 6.30516616106068 4 22.0
20 1.824733115770564 16 20.0
1 6.472632616946821 1 93.0
2 2.5864485639427057 15 79.0
3 5.325202727327243 5 76.0
4 3.726691191405366 9 73.0
5 5.03307040000044 8 61.0
6 3.688551436050959 11 60.0
7 5.556083519555813 3 58.0
8 2.0424245003938353 16 55.0
9 5.250698363941577 7 51.0
10 3.1375703999990048 12 51.0
11 5.757386343980258 2 49.0
12 0.6010326169173807 19 49.0
13 5.266378558653628 6 49.0
14 3.007183519555781 13 47.0
15 3.7169405296949507 10 46.0
16 1.1957485639377228 18 43.0
17 0.0 20 43.0
18 2.745465554472993 14 29.0
19 5.50615368499233 4 22.0
20 1.718622515043901 17 20.0
1 9.059389529383125 1 93.0
2 3.7670044112633856 16 79.0
3 8.387098408354378 3 76.0
4 7.020829391181316 6 73.0
5 5.49196169559771 11 61.0
6 6.3076558026734535 8 60.0
7 6.098762619490086 9 58.0
8 3.151769252979505 17 55.0
9 8.23811779375205 4 51.0
10 6.516055158397909 7 51.0
11 5.671400000000004 10 49.0
12 4.489884522250763 14 49.0
13 8.820461695597709 2 49.0
14 2.5287640435343914 19 47.0
15 3.8029031583511292 15 46.0
16 5.1924305899832355 12 43.0
17 2.5668084469957764 18 43.0
18 4.7975654802022465 13 29.0
19 7.052519909234443 5 22.0
20 0.0 20 20.0
1 9.099474604429737 3 93.0
2 5.34767460466466 11 79.0
3 9.234792642769456 2 76.0
4 4.396496641500209 15 73.0
5 6.339854162667179 9 61.0
6 9.006940980818523 4 60.0
7 6.431753244043238 8 58.0
8 4.868576060587133 12 55.0
9 6.9543184481577995 6 51.0
10 3.0970323955617154 18 51.0
11 10.23390735725486 1 49.0
12 4.399532041292847 14 49.0
13 8.142732041493408 5 49.0
14 3.032125395388894 19 47.0
15 3.8965999999828362 16 46.0
16 6.655898877246396 7 43.0
17 4.65621664145903 13 43.0
18 0.0 20 29.0
19 6.30103239552686 10 22.0
20 3.7197737336873984 17 20.0
1 6.128498271059847 2 93.0
2 2.0061933675257357 14 79.0
3 5.907167286941474 3 76.0
4 3.4291701489649076 10 73.0
5 3.0774301489657665 11 61.0
6 3.4762270573858354 9 60.0
7 9.317752483519703 1 58.0
8 1.4128324017092453 17 55.0
9 5.022552483521813 5 51.0
10 0.7010149011029423 19 51.0
11 5.862198271065563 4 49.0
12 4.057698271065805 8 49.0
13 4.530153929186724 7 49.0
14 2.2021701489657675 12 47.0
15 2.112547516504426 13 46.0
16 0.0 20 43.0
17 1.6471982710668955 15 43.0
18 0.8206049670320685 18 29.0
19 4.578872401709246 6 22.0
20 1.537786368747025 16 20.0
1 5.5645895084001396 4 93.0
2 1.5480173262782737 17 79.0
3 6.723061812323575 1 76.0
4 6.250820595401465 3 73.0
5 2.2647466714085436 12 61.0
6 4.619393988798425 5 60.0
7 3.1012830636717 9 58.0
8 0.8986466714359773 19 55.0
9 6.684117764486384 2 51.0
10 1.917779402406058 15 51.0
11 1.9281021312971551 14 49.0
12 1.0962734826699783 18 49.0
13 3.442342131297157 8 49.0
14 1.759558402406873 16 47.0
15 3.4799794024106916 7 46.0
16 2.134011978832186 13 43.0
17 0.0 20 43.0
18 3.6274895083966876 6 29.0
19 2.3135169363200356 11 22.0
20 2.58175613341096 10 20.0
1 6.102666345170219 2 93.0
2 2.5189071088926918 14 79.0
3 5.719793800245348 3 76.0
4 3.207493923767807 10 73.0
5 3.1730255814468924 11 61.0
6 4.4291073635575575 7 60.0
7 2.910429919634174 13 58.0
8 0.533927737660493 19 55.0
9 5.229018912448506 4 51.0
10 2.202302764203091 16 51.0
11 3.2899603132547424 9 49.0
12 2.5097597419010573 15 49.0
13 4.896583280770925 5 49.0
14 0.0 20 47.0
15 1.0787713816392843 18 46.0
16 4.08056603902299 8 43.0
17 2.931943038826879 12 43.0
18 6.172259741901065 1 29.0
19 4.837192568653606 6 22.0
20 1.8614660390231452 17 20.0
1 4.454397829288341 4 93.0
2 0.6273023630311598 16 79.0
3 4.819564154351588 3 76.0
4 3.6093641543471042 6 73.0
5 2.47892840852514 8 61.0
6 1.6223631189650622 13 60.0
7 2.461685184466075 9 58.0
8 0.522535603382019 17 55.0
9 4.420288843846931 5 51.0
10 0.6969540019986546 15 51.0
11 2.727558005904758 7 49.0
12 1.8709684086148748 11 49.0
13 5.805700000042632 1 49.0
14 0.0 20 47.0
15 0.08278518446709482 18 46.0
16 1.9703410039448008 10 43.0
17 1.48370000003383 14 43.0
18 1.7854283086796006 12 29.0
19 5.41899884375286 2 22.0
20 0.031082363032860272 19 20.0
1 7.058047272726391 2 93.0
2 1.7905599999977029 17 79.0
3 8.020480000021145 1 76.0
4 2.335380000000852 15 73.0
5 2.828500000002865 13 61.0
6 6.07247999995195 3 60.0
7 4.407299999982008 8 58.0
8 4.814139090913619 6 55.0
9 0.11210000000163323 19 51.0
10 3.2031199999977025 12 51.0
11 4.269199999998513 9 49.0
12 3.9953599999964986 11 49.0
13 2.1323999999978738 16 49.0
14 4.87561454547288 5 47.0
15 0.0 20 46.0
16 5.966339090877167 4 43.0
17 2.5125800000120533 14 43.0
18 4.596655454570607 7 29.0
19 4.136199999996956 10 22.0
20 0.3962799999918256 18 20.0
1 6.906116509458112 2 93.0
2 1.4679980546004645 16 79.0
3 5.298900676386754 3 76.0
4 2.5602311914362703 12 73.0
5 2.755904328253362 10 61.0
6 1.0134673905839944 17 60.0
7 2.8595760999698006 9 58.0
8 0.0 20 55.0
9 9.135433453301015 1 51.0
10 2.4906302452717517 13 51.0
11 2.741546099961778 11 49.0
12 0.7615174650728553 19 49.0
13 4.774068851993606 5 49.0
14 0.8222773905863665 18 47.0
15 3.0025743282531963 8 46.0
16 4.168717465073716 7 43.0
17 2.424816509457264 14 43.0
18 5.1728334533040385 4 29.0
19 4.760616509454116 6 22.0
20 1.9496174650697744 15 20.0
1 5.663072750519271 3 93.0
2 2.2061517538872883 13 79.0
3 5.332921912447607 4 76.0
4 2.529849599104785 10 73.0
5 2.471306896896259 11 61.0
6 6.708151749570089 1 60.0
7 3.1134825330191456 8 58.0
8 0.6997795922673893 18 55.0
9 6.230961516459482 2 51.0
10 2.5603576909282335 9 51.0
11 4.924361518253435 5 49.0
12 0.44060748025763496 19 49.0
13 4.838159493812442 6 49.0
14 0.7545568326905774 17 47.0
15 1.5156729032067457 16 46.0
16 1.735151328081278 15 43.0
17 1.9346310653651557 14 43.0
18 2.3750558328635143 12 29.0
19 4.447017210856616 7 22.0
20 0.0 20 20.0
1 4.9326138448724395 2 93.0
2 1.9349399999999861 14 79.0
3 5.879294654489511 1 76.0
4 2.519995785895403 11 73.0
5 2.115362987819109 13 61.0
6 4.301562987820388 6 60.0
7 2.98278393974201 10 58.0
8 1.0376263551283609 17 55.0
9 0.0 20 51.0
10 1.3254042141041484 15 51.0
11 4.44697090448868 5 49.0
12 2.269888770513084 12 49.0
13 4.52355290448686 4 49.0
14 1.0389629878203859 16 47.0
15 1.0027042378193167 18 46.0
16 3.1353629878207876 9 43.0
17 4.86620421410223 3 43.0
18 3.222594654486728 8 29.0
19 0.9987099999999236 19 22.0
20 3.655894654486729 7 20.0
1 4.755051975476752 2 93.0
2 0.7108104495913661 17 79.0
3 4.404508085074174 4 76.0
4 1.255630449591265 13 73.0
5 1.153361830154403 14 61.0
6 3.9164088798062062 5 60.0
7 2.2703046018770947 8 58.0
8 0.0 20 55.0
9 3.724259323342423 6 51.0
10 4.63269667120801 3 51.0
11 1.9108796987586953 11 49.0
12 0.24137426733271017 19 49.0
13 5.935595687254004 1 49.0
14 0.5829661413866065 18 47.0
15 1.368388230396607 12 46.0
16 2.776028754162889 7 43.0
17 0.9363947033000288 16 43.0
18 2.1917374265818736 9 29.0
19 2.0958452921586392 10 22.0
20 1.0531411080835804 15 20.0
1 8.53638802327647 1 93.0
2 4.044441048381357 11 79.0
3 6.03299810813806 2 76.0
4 3.48222362240927 14 73.0
5 5.774788023276571 4 61.0
6 4.084998108138043 10 60.0
7 4.7666251997196545 7 58.0
8 2.5861022839357286 17 55.0
9 0.889012599859837 19 51.0
10 3.9342874001402754 13 51.0
11 0.0 20 49.0
12 2.9455267444925775 15 49.0
13 3.990507799579444 12 49.0
14 2.0289171979061273 18 47.0
15 6.021458023276549 3 46.0
16 4.853723622409138 6 43.0
17 4.520059471783451 8 43.0
18 4.447045096087889 9 29.0
19 5.371518474353221 5 22.0
20 2.8155831029309497 16 20.0
1 5.709741767428135 3 93.0
2 1.4749120374519291 14 79.0
3 5.86560090565923 2 76.0
4 2.5057084184027207 10 73.0
5 2.371499096134571 13 61.0
6 4.26520975726856 7 60.0
7 3.3527928746058433 9 58.0
8 1.4690967882938248 15 55.0
9 1.420408418402519 17 51.0
10 2.436789773866708 12 51.0
11 5.002825174078357 5 49.0
12 6.444847878889792 1 49.0
13 5.0584444350005455 4 49.0
14 0.13382479330329433 19 47.0
15 2.4677478788892433 11 46.0
16 3.667705875916764 8 43.0
17 1.132853145112382 18 43.0
18 1.4418231534958568 16 29.0
19 4.3207537572685135 6 22.0
20 0.0 20 20.0
1 11.111361860447285 1 93.0
2 3.31302046511966 11 79.0
3 11.019216146177998 2 76.0
4 3.0151767441741044 15 73.0
5 2.1100190697746406 18 61.0
6 6.617929302329238 6 60.0
7 7.724439003325401 5 58.0
8 0.0 20 55.0
9 8.413329302328277 3 51.0
10 1.2711724651154621 19 51.0
11 3.174690465114534 13 49.0
12 5.262609003320524 9 49.0
13 3.251272465115724 12 49.0
14 2.558461860514925 16 47.0
15 2.5471904650976795 17 46.0
16 5.451729302323996 8 43.0
17 3.0580293023057843 14 43.0
18 7.850193289034688 4 29.0
19 5.005980930220398 10 22.0
20 6.003584717612627 7 20.0
1 5.786849865548218 2 93.0
2 0.4294701344554146 18 79.0
3 4.533849193271309 4 76.0
4 3.4473728403724424 8 73.0
5 2.629249865547137 10 61.0
6 2.594995932767914 11 60.0
7 3.4651206722704835 7 58.0
8 0.7084470252336033 16 55.0
9 2.3620728403303497 12 51.0
10 2.0257986554945018 13 51.0
11 1.8864997310934495 14 49.0
12 0.08199973109311554 19 49.0
13 4.07027284024191 6 49.0
14 2.7461728403177985 9 47.0
15 0.4655712100797609 17 46.0
16 5.368372840362872 3 43.0
17 1.3055498655465372 15 43.0
18 6.026572840354521 1 29.0
19 4.449772840340479 5 22.0
20 0.0 20 20.0
1 5.631351702501317 1 93.0
2 1.6527569332397198 14 79.0
3 3.5864154269288653 8 76.0
4 2.065729729946721 11 73.0
5 3.263487516516083 9 61.0
6 4.8729438242019105 3 60.0
7 4.098065287654906 6 58.0
8 0.9010709253559028 17 55.0
9 4.293300659663986 4 51.0
10 1.7499899467158073 13 51.0
11 5.011143792047978 2 49.0
12 1.880190925355903 12 49.0
13 3.7300899467158066 7 49.0
14 0.49918627522878767 19 47.0
15 1.611143066760282 15 46.0
16 0.0 20 43.0
17 1.1786974804895505 16 43.0
18 2.568223373368178 10 29.0
19 4.170617981986323 5 22.0
20 0.6446836642108908 18 20.0
1 7.388819058268549 1 93.0
2 2.829729056141776 9 79.0
3 6.613477836941639 3 76.0
4 2.4187697340709198 12 73.0
5 2.74241823624973 10 61.0
6 4.737619058268549 4 60.0
7 3.6222884548501173 8 58.0
8 1.3858149814623928 15 55.0
9 7.042107836941636 2 51.0
10 1.1039943314678982 18 51.0
11 4.575356377821429 5 49.0
12 2.0926418684135673 13 49.0
13 4.101231846809843 6 49.0
14 0.0 20 47.0
15 1.0829822090514445 19 46.0
16 2.036083747959349 14 43.0
17 1.1445231350747052 16 43.0
18 2.4785858632444686 11 29.0
19 3.9622668717759684 7 22.0
20 1.1333487121572903 17 20.0
1 10.435753722432525 1 93.0
2 2.7150999975406593 12 79.0
3 9.155753722292026 2 76.0
4 1.478052400879026 18 73.0
5 5.2401537224325745 5 61.0
6 4.886714589451742 7 60.0
7 5.512575044568828 4 58.0
8 1.4526654864066084 19 55.0
9 7.478308731275023 3 51.0
10 3.095161663896502 9 51.0
11 2.680202194753081 13 49.0
12 3.6768850617135285 8 49.0
13 5.001499999999946 6 49.0
14 1.5540318638828916 17 47.0
15 1.94927000005587 16 46.0
16 2.9072324007654076 10 43.0
17 0.0 20 43.0
18 2.0189324009014387 15 29.0
19 2.7411710973352035 11 22.0
20 2.345549999653465 14 20.0
1 6.555400729479258 1 93.0
2 3.9555449887406673 9 79.0
3 4.92341384338685 3 76.0
4 2.062386687055419 18 73.0
5 3.365199913264287 12 61.0
6 3.4197001479021103 11 60.0
7 4.994226764056281 2 58.0
8 1.241812815414756 19 55.0
9 4.03768726267101 8 51.0
10 0.0 20 51.0
11 4.876196764056307 4 49.0
12 3.43365365247696 10 49.0
13 4.423557286433068 6 49.0
14 2.090838446244239 17 47.0
15 4.062180584265668 7 46.0
16 3.2906256308294983 13 43.0
17 2.780980584265647 15 43.0
18 2.4848999999999326 16 29.0
19 4.484019031362189 5 22.0
20 2.8467406765411227 14 20.0
1 6.194381885412357 1 93.0
2 2.5520284208652337 10 79.0
3 4.914381885411024 2 76.0
4 2.165086138055396 13 73.0
5 3.1508520824313995 8 61.0
6 3.8511647831032825 4 60.0
7 4.729652082435477 3 58.0
8 1.2225478738072237 15 55.0
9 3.7202984208632213 5 51.0
10 0.9271098213588331 17 51.0
11 2.413698420862834 12 49.0
12 2.7329715791375095 9 49.0
13 1.7203954962265429 14 49.0
14 0.5759539494714914 18 47.0
15 0.4325600218774741 19 46.0
16 3.4721939618885043 7 43.0
17 0.0 20 43.0
18 2.489881171094517 11 29.0
19 3.5242400499699618 6 22.0
20 1.193773752869949 16 20.0
1 6.39544584290081 2 93.0
2 2.6669891849779086 12 79.0
3 7.176971608403856 1 76.0
4 1.8421971887057014 15 73.0
5 2.4314567217289715 14 61.0
6 5.804763529220229 5 60.0
7 3.4074461901930464 10 58.0
8 1.0251849287796575 19 55.0
9 5.479413135355211 7 51.0
10 4.19459529230819 8 51.0
11 6.261305293451045 4 49.0
12 3.123474809392805 11 49.0
13 6.284803529220173 3 49.0
14 1.5194549287796364 17 47.0
15 2.565389057681859 13 46.0
16 4.115451282314868 9 43.0
17 1.1354460895653782 18 43.0
18 1.6358633586756286 16 29.0
19 5.552775361896623 6 22.0
20 0.0 20 20.0
1 7.703450152445763 1 93.0
2 4.4850733144606165 8 79.0
3 6.4359302646717715 2 76.0
4 4.419803336576052 10 73.0
5 3.1656164372455686 13 61.0
6 4.684274644176344 7 60.0
7 4.464546107561732 9 58.0
8 2.2654698703377116 16 55.0
9 5.734448215147667 4 51.0
10 3.4200335116276475 12 51.0
11 6.079422225161384 3 49.0
12 3.0327833467399175 14 49.0
13 5.691669870337711 5 49.0
14 0.0 20 47.0
15 2.5800672662446766 15 46.0
16 4.174176758583524 11 43.0
17 1.5659835627544227 19 43.0
18 2.1512865741067833 17 29.0
19 4.977485564069494 6 22.0
20 2.070870040219755 18 20.0
1 7.038231746259402 1 93.0
2 3.886061746259559 7 79.0
3 6.3696353599972255 2 76.0
4 3.235392572635997 10 73.0
5 4.276631746259591 6 61.0
6 3.655723426123722 9 60.0
7 4.396931563040464 5 58.0
8 0.5617853599986233 17 55.0
9 0.5420455722677864 18 51.0
10 1.6940985719023134 13 51.0
11 5.425881103102801 3 49.0
12 1.8267422293217186 12 49.0
13 4.444093355330924 4 49.0
14 1.6291915719002137 14 47.0
15 0.2545353599969262 19 46.0
16 2.219100000005077 11 43.0
17 0.6222000000041823 16 43.0
18 1.0082449883426197 15 29.0
19 3.719719976681618 8 22.0
20 0.0 20 20.0
1 8.747974943680365 1 93.0
2 3.9902999999999826 14 79.0
3 8.199636628428474 2 76.0
4 4.582971438324574 11 73.0
5 3.7860112160663633 15 61.0
6 7.476471438324557 3 60.0
7 6.808205381699604 7 58.0
8 2.7775974492285505 19 55.0
9 6.963386950057975 5 51.0
10 5.57462017138729 8 51.0
11 6.856733268449696 6 49.0
12 4.169989264208078 12 49.0
13 3.332619642875283 17 49.0
14 0.0 20 47.0
15 3.004471494914243 18 46.0
16 4.009058270028582 13 43.0
17 4.966553392716573 9 43.0
18 4.632129163683104 10 29.0
19 7.183899325074649 4 22.0
20 3.4007514949142355 16 20.0
1 10.638302907894742 1 93.0
2 5.563942115131581 11 79.0
3 7.446785927631579 8 76.0
4 6.196507036184211 10 73.0
5 1.3661000000000048 18 61.0
6 9.07275899342105 3 60.0
7 7.74645486513157 6 58.0
8 0.0 20 55.0
9 8.406000773026307 4 51.0
10 8.051026929276315 5 51.0
11 7.625519572368416 7 49.0
12 5.279526929276316 12 49.0
13 9.535550950657894 2 49.0
14 2.742789667763163 17 47.0
15 3.8765195723684482 15 46.0
16 1.2571929638157888 19 43.0
17 3.0657368914473655 16 43.0
18 4.895078891447368 13 29.0
19 7.360403078947364 9 22.0
20 4.2727995723684185 14 20.0
1 7.638450177866726 1 93.0
2 3.467338987085626 13 79.0
3 5.558470001273005 6 76.0
4 5.3722325396685235 8 73.0
5 1.8955000000878806 15 61.0
6 6.65736051561775 3 60.0
7 4.763850168026195 11 58.0
8 1.0397457671488004 19 55.0
9 5.98709999414175 5 51.0
10 0.0 20 51.0
11 5.388299999699577 7 49.0
12 1.766850168026799 17 49.0
13 5.172129498272648 9 49.0
14 1.3122000017061568 18 47.0
15 2.701508965068675 14 46.0
16 6.383091354719918 4 43.0
17 4.789259999804288 10 43.0
18 7.128429490416057 2 29.0
19 3.6873789823999017 12 22.0
20 1.8610699997983087 16 20.0
1 5.918917980028598 2 93.0
2 1.4858923067229615 10 79.0
3 4.638917980028599 3 76.0
4 1.7308563946463893 9 73.0
5 1.132889868322422 14 61.0
6 2.098543198243837 8 60.0
7 2.1012564818097648 7 58.0
8 1.3009939762512512 12 55.0
9 6.050296988125627 1 51.0
10 0.6906380031053847 16 51.0
11 4.157916895773647 4 49.0
12 0.480837164070522 17 49.0
13 3.318788622386034 5 49.0
14 0.0 20 47.0
15 0.3979330478818768 18 46.0
16 1.3540588887769438 11 43.0
17 1.2124833282070702 13 43.0
18 1.011344378549682 15 29.0
19 2.3707365492712453 6 22.0
20 0.0031347506809722425 19 20.0
1 6.147784942553187 3 93.0
2 2.349403001035079 15 79.0
3 7.218765616791256 1 76.0
4 5.299413950038333 5 73.0
5 5.137436965267394 6 61.0
6 5.726509083371666 4 60.0
7 4.111528654974122 10 58.0
8 2.4828710595169587 14 55.0
9 0.6110591922944208 19 51.0
10 3.3711591922944253 13 51.0
11 1.7998999999999992 17 49.0
12 4.381233768142607 9 49.0
13 4.7392849425531915 8 49.0
14 4.803866516705 7 47.0
15 2.3029926343300735 16 46.0
16 0.9587030010350763 18 43.0
17 6.9119591922944235 2 43.0
18 0.0 20 29.0
19 3.6123408077055763 11 22.0
20 3.5300971358826883 12 20.0
1 6.1657075621933375 1 93.0
2 2.9534278367826414 15 79.0
3 5.01834021570302 8 76.0
4 5.82407928909751 3 73.0
5 3.6049086626840716 12 61.0
6 6.068254401962893 2 60.0
7 5.2873969076168255 6 58.0
8 0.8314851525496545 18 55.0
9 4.4811939391935205 10 51.0
10 5.382913425645413 5 51.0
11 3.983775945594218 11 49.0
12 2.1529164922125403 16 49.0
13 5.037709260934464 7 49.0
14 1.488366907616839 17 47.0
15 0.0 20 46.0
16 5.782024967143187 4 43.0
17 0.0035518911884024895 19 43.0
18 3.500066907616781 13 29.0
19 4.736624967143137 9 22.0
20 3.240696907616841 14 20.0
1 8.605909803818069 1 93.0
2 1.518252124000416 19 79.0
3 6.300259975474243 7 76.0
4 3.7300232276704106 13 73.0
5 4.180941446659148 11 61.0
6 6.997167893623203 2 60.0
7 6.252336951170433 8 58.0
8 3.2796241481374544 16 55.0
9 6.771137301817356 3 51.0
10 6.305596089603759 6 51.0
11 6.076600835275974 10 49.0
12 3.224678009284222 17 49.0
13 6.705824157924882 4 49.0
14 1.8726461732334254 18 47.0
15 0.0 20 46.0
16 6.204612611845586 9 43.0
17 3.9897431931745375 12 43.0
18 3.64053780300882 14 29.0
19 6.402473797271873 5 22.0
20 3.310496035375082 15 20.0
1 9.426241428569057 4 93.0
2 8.506741428566839 9 79.0
3 10.165600000000541 1 76.0
4 8.555679285712904 8 73.0
5 9.56889999999294 3 61.0
6 8.459972142857673 10 60.0
7 9.225510000003302 5 58.0
8 8.377792857135592 12 55.0
9 4.930309999999048 14 51.0
10 8.433323571446817 11 51.0
11 9.115072142865467 6 49.0
12 8.619649999989008 7 49.0
13 2.25710000000009 18 49.0
14 0.2554100000002242 19 47.0
15 4.450220714286202 16 46.0
16 4.080999999999815 17 43.0
17 4.9000721428547545 15 43.0
18 7.315172142855378 13 29.0
19 10.11667642857888 2 22.0
20 0.0 20 20.0
1 11.88184080645163 4 93.0
2 3.9903000000000013 19 79.0
3 11.15912548387092 9 76.0
4 8.921022774193526 14 73.0
5 10.443717967741925 10 61.0
6 11.293470000000035 8 60.0
7 11.674890967741874 6 58.0
8 4.170349999999979 18 55.0
9 12.145426129032145 3 51.0
10 10.416185548387094 11 51.0
11 12.269520774193541 2 49.0
12 5.1494700000000515 17 49.0
13 11.492518548387116 7 49.0
14 0.0 20 47.0
15 12.708570000000034 1 46.0
16 10.22405458064524 12 43.0
17 9.467644967741961 13 43.0
18 8.811969999999743 15 29.0
19 11.819050225806437 5 22.0
20 8.028815419354906 16 20.0
1 7.097319736163239 1 93.0
2 3.3455197361632356 9 79.0
3 4.536219823522522 4 76.0
4 1.121556139188556 16 73.0
5 1.8301245549953142 12 61.0
6 3.7952527192776824 7 60.0
7 5.62266455499532 2 58.0
8 0.7277424308161375 18 55.0
9 4.424620447349913 5 51.0
10 1.407519823522529 15 51.0
11 4.930849472326461 3 49.0
12 1.0070265683630497 17 49.0
13 3.829810900562861 6 49.0
14 0.0 20 47.0
15 3.7531424308161445 8 46.0
16 1.8799424308161454 11 43.0
17 0.7215625416275961 19 43.0
18 2.2541645549953193 10 29.0
19 1.7036000000000064 13 22.0
20 1.5655877222092025 14 20.0
1 5.729843853114783 3 93.0
2 1.6680323313082492 15 79.0
3 5.825694923438819 2 76.0
4 2.082095357732229 13 73.0
5 1.8563022706390768 14 61.0
6 4.928582524972915 5 60.0
7 3.474805294339947 8 58.0
8 1.4036863817586924 17 55.0
9 5.98580395836739 1 51.0
10 2.949835357783348 9 51.0
11 5.384579592161365 4 49.0
12 1.0505755852337597 19 49.0
13 4.358131550791051 6 49.0
14 1.308479592170017 18 47.0
15 2.426685868660739 12 46.0
16 2.555886381848439 11 43.0
17 1.5434894645225645 16 43.0
18 3.4921636273813195 7 29.0
19 2.9413741435189875 10 22.0
20 0.0 20 20.0
1 11.143356181496191 1 93.0
2 1.3136034691875689 18 79.0
3 4.889762112025256 4 76.0
4 4.6111864734922055 6 73.0
5 4.366181921702078 8 61.0
6 3.8716345868250825 11 60.0
7 2.116115123195088 17 58.0
8 2.5852561814961788 15 55.0
9 4.838384876804789 5 51.0
10 3.8675302463902193 12 51.0
11 7.275996489892647 2 49.0
12 0.512233469187608 19 49.0
13 4.255433469187436 10 49.0
14 4.319538369585309 9 47.0
15 2.9440110580831385 13 46.0
16 4.478639347245742 7 43.0
17 0.0 20 43.0
18 2.233062112025265 16 29.0
19 7.179147275540766 3 22.0
20 2.7573056262735363 14 20.0
1 6.3030081961179105 4 93.0
2 2.86418520304301 13 79.0
3 7.7047035194982225 1 76.0
4 2.760192275493927 14 73.0
5 6.943821835952884 2 61.0
6 5.906421835952673 6 60.0
7 5.992665122838627 5 58.0
8 3.6992284473646437 11 55.0
9 5.338928477957001 7 51.0
10 1.631245111696522 17 51.0
11 4.741091771890654 8 49.0
12 2.0989013864864483 16 49.0
13 6.386461835952881 3 49.0
14 0.0 20 47.0
15 1.605718390350221 18 46.0
16 4.34629180388319 9 43.0
17 2.4962401524080216 15 43.0
18 3.3701551172681907 12 29.0
19 3.7401207062083306 10 22.0
20 0.8210922754934029 19 20.0
1 7.562321479368368 1 93.0
2 4.304380517959465 9 79.0
3 6.763649353825704 2 76.0
4 3.258094680285827 13 73.0
5 1.6320584529539512 17 61.0
6 4.534703161184451 6 60.0
7 4.384487437524872 8 58.0
8 0.21900582041613914 19 55.0
9 5.228755738852072 4 51.0
10 4.015876067732627 10 51.0
11 3.7953689610160484 11 49.0
12 1.5950968387934936 18 49.0
13 4.502837762901176 7 49.0
14 1.6777833956805583 16 47.0
15 3.538550517954102 12 46.0
16 4.864151649735389 5 43.0
17 0.0 20 43.0
18 2.513819143067428 14 29.0
19 5.416821479384513 3 22.0
20 2.337787437522365 15 20.0
1 10.237615933384841 1 93.0
2 1.1397999999998931 17 79.0
3 7.566609393830671 2 76.0
4 3.264097499524892 15 73.0
5 5.377972429535175 7 61.0
6 5.1148985735438215 8 60.0
7 4.420399572953471 9 58.0
8 0.0 20 55.0
9 6.022998273726262 4 51.0
10 5.468596253464817 6 51.0
11 6.5434092147081895 3 49.0
12 4.366015933384797 10 49.0
13 3.426199999999872 14 49.0
14 1.9809133916444202 16 47.0
15 3.898029182484256 11 46.0
16 0.7610982737264269 18 43.0
17 0.6676982737264274 19 43.0
18 3.814322958072021 12 29.0
19 5.851601726273044 5 22.0
20 3.8066910859635024 13 20.0
1 7.42413721001794 1 93.0
2 3.6842676717952356 14 79.0
3 7.32600660708605 2 76.0
4 3.9801978711045667 13 73.0
5 4.795719628310808 9 61.0
6 5.868909522045403 6 60.0
7 6.374519628310802 4 58.0
8 0.0 20 55.0
9 6.727246529870798 3 51.0
10 4.336133149579139 12 51.0
11 6.31566705558743 5 49.0
12 2.836218746475856 15 49.0
13 5.254951677253019 7 49.0
14 2.2395670555874245 18 47.0
15 2.3927760041541757 17 46.0
16 4.393976835990217 11 43.0
17 1.5033213576143947 19 43.0
18 4.461002128895442 10 29.0
19 5.221327599649222 8 22.0
20 2.7887465298707985 16 20.0
1 11.569804438003732 1 93.0
2 6.284386711026125 11 79.0
3 8.859796770194183 5 76.0
4 5.987851859657449 13 73.0
5 5.753919754644589 16 61.0
6 8.065364981420489 7 60.0
7 9.656545574515327 3 58.0
8 0.0 20 55.0
9 6.124700000000013 12 51.0
10 5.891783232835755 15 51.0
11 9.6747937360661 2 49.0
12 4.114968872354716 18 49.0
13 8.221334971931643 6 49.0
14 7.8741749814213815 8 47.0
15 6.9935044380056075 10 46.0
16 9.089352490710592 4 43.0
17 3.8993349719313404 19 43.0
18 5.901550485051452 14 29.0
19 7.583681245355316 9 22.0
20 4.749671493740277 17 20.0
1 4.9130732241600645 13 93.0
2 0.44182568301856495 19 79.0
3 6.3781781419694035 8 76.0
4 7.0264604371840615 6 73.0
5 4.682630000262439 14 61.0
6 4.943825683284942 12 60.0
7 4.68053000001369 15 58.0
8 8.379220382540923 4 55.0
9 6.2931606013472585 9 51.0
10 7.894200437013495 5 51.0
11 9.64993661200045 3 49.0
12 4.074669999937908 17 49.0
13 4.321999999996075 16 49.0
14 12.425520382514245 2 47.0
15 5.900936612135822 10 46.0
16 6.861690163863743 7 43.0
17 0.0 20 43.0
18 2.975973223398547 18 29.0
19 14.129120382506603 1 22.0
20 5.801650327921343 11 20.0
1 5.416633991414521 3 93.0
2 5.528678707078648 2 79.0
3 5.1970000000008945 5 76.0
4 2.5931861989920515 15 73.0
5 5.919248707078923 1 61.0
6 3.5731341977897384 12 60.0
7 4.6263963492466065 9 58.0
8 0.07566749563831232 19 55.0
9 5.327189104460053 4 51.0
10 4.6691248859935515 7 51.0
11 4.705743991414474 6 49.0
12 4.6659125281626 8 49.0
13 3.1900564819876567 14 49.0
14 0.0 20 47.0
15 1.6021201703305588 17 46.0
16 3.262564036202634 13 43.0
17 1.5106014776618215 18 43.0
18 3.9702943961056674 11 29.0
19 4.57274399141452 10 22.0
20 1.942286917919732 16 20.0
1 8.674504535070383 1 93.0
2 2.839534127634816 10 79.0
3 4.050146278347471 5 76.0
4 2.5104794436004303 13 73.0
5 3.0830195222744687 9 61.0
6 3.483062150592438 6 60.0
7 4.742740836433454 4 58.0
8 0.881144942505943 19 55.0
9 6.1197365572451545 2 51.0
10 1.1565858801181486 17 51.0
11 5.012012559207496 3 49.0
12 2.0381641276348192 15 49.0
13 3.114231012612539 8 49.0
14 0.0 20 47.0
15 2.529215785367406 12 46.0
16 2.745393562086485 11 43.0
17 1.8989429549242653 16 43.0
18 2.2775928925408273 14 29.0
19 3.1960555860892916 7 22.0
20 1.0467301595660436 18 20.0
1 6.909112132063111 1 93.0
2 2.197788664362277 14 79.0
3 1.6593514914708476 17 76.0
4 3.1732814914771827 12 73.0
5 4.533054412540635 9 61.0
6 4.78121795202443 8 60.0
7 6.4145796858877855 2 58.0
8 2.7585765817611545 13 55.0
9 2.0879814914691783 15 51.0
10 1.6284886643605296 18 51.0
11 6.250946836482953 3 49.0
12 6.227241454346709 4 49.0
13 6.224953163448969 5 49.0
14 1.360547308948001 19 47.0
15 3.1914355998962542 11 46.0
16 5.210374175118359 7 43.0
17 2.076123418264618 16 43.0
18 4.113388664368802 10 29.0
19 5.488203163504725 6 22.0
20 0.0 20 20.0
1 6.225170806179454 1 93.0
2 2.5055986482941437 12 79.0
3 3.918180019587022 5 76.0
4 2.9560581957690633 8 73.0
5 2.543426871606801 11 61.0
6 3.5638181735743157 6 60.0
7 4.686971155686137 3 58.0
8 0.0 20 55.0
9 2.453935863741425 13 51.0
10 2.6237641767880886 10 51.0
11 3.4133282001038525 7 49.0
12 0.5942061718032132 19 49.0
13 4.311831004999473 4 49.0
14 1.1835841271427026 18 47.0
15 2.741719833055225 9 46.0
16 2.316202194556443 15 43.0
17 2.445430775225605 14 43.0
18 2.1075610856487446 16 29.0
19 5.08296127185476 2 22.0
20 1.850325429700296 17 20.0
1 6.7203914103040105 1 93.0
2 3.7590248725126783 4 79.0
3 4.1805362698615145 3 76.0
4 2.2493914103040127 9 73.0
5 2.140666038650429 10 61.0
6 3.2232529755088373 7 60.0
7 3.591083643659519 5 58.0
8 0.19256408476316178 18 55.0
9 5.443768015363332 2 51.0
10 0.0 20 51.0
11 3.468256159917239 6 49.0
12 1.6962021864248888 11 49.0
13 2.6805866692190405 8 49.0
14 0.6868340847631385 16 47.0
15 0.5103637301384922 17 46.0
16 1.5151739370719075 12 43.0
17 1.0439248725126624 15 43.0
18 1.48116801536319 13 29.0
19 1.2068053031454122 14 22.0
20 0.06727678195759346 19 20.0
1 11.880785753120385 1 93.0
2 5.298653231153594 11 79.0
3 11.807510941862681 2 76.0
4 5.744587407840195 8 73.0
5 5.259011825333303 12 61.0
6 3.1481751587056417 16 60.0
7 7.661283922583747 3 58.0
8 0.0 20 55.0
9 4.7453919612902835 14 51.0
10 1.035118038705689 19 51.0
11 6.546999346232922 5 49.0
12 6.009185753121313 6 49.0
13 7.190958934033744 4 49.0
14 1.8835484920389756 18 47.0
15 2.4758010460224895 17 46.0
16 5.722910941861234 10 43.0
17 4.126010941868899 15 43.0
18 5.888910058365395 7 29.0
19 5.739943070112668 9 22.0
20 5.231530460215282 13 20.0
1 7.700604704181261 1 93.0
2 2.603124394713814 16 79.0
3 6.83430076721548 4 76.0
4 3.1479443681465304 13 73.0
5 4.612861156263096 9 61.0
6 3.5754611457644305 11 60.0
7 5.5026731300940845 6 58.0
8 0.7203416269321572 19 55.0
9 6.842899222193925 3 51.0
10 3.688038086785557 10 51.0
11 4.664226351172192 8 49.0
12 2.8618687602948105 15 49.0
13 7.273215026922525 2 49.0
14 1.5486865178773148 18 47.0
15 0.0 20 46.0
16 5.222936520328972 7 43.0
17 3.2161118655505887 12 43.0
18 2.8621839873250856 14 29.0
19 6.700234488852782 5 22.0
20 2.074612558630809 17 20.0
1 8.684735519994172 1 93.0
2 3.9903000000003566 12 79.0
3 6.5238875383991175 5 76.0
4 4.727994167277075 10 73.0
5 5.92313551999373 7 61.0
6 6.281885962700584 6 60.0
7 4.587260780356646 11 58.0
8 1.0225875383997307 19 55.0
9 6.588081562180193 4 51.0
10 3.240267974591566 14 51.0
11 7.07599416727789 3 49.0
12 3.0579831789234904 15 49.0
13 7.997988787523786 2 49.0
14 0.0 20 47.0
15 3.0291029398156843 16 46.0
16 2.2505592826779433 17 43.0
17 4.912051612346518 9 43.0
18 1.362259282678735 18 29.0
19 5.048673410538399 8 22.0
20 3.4253829398163482 13 20.0
1 7.8309278719765185 1 93.0
2 3.074353549385172 15 79.0
3 5.309355842691439 6 76.0
4 3.6179770854247857 11 73.0
5 3.464923549386681 12 61.0
6 5.9210367978924205 5 60.0
7 4.4137342407430475 9 58.0
8 2.376622603550551 17 55.0
9 5.947265519317149 4 51.0
10 0.0 20 51.0
11 6.224026298886937 3 49.0
12 4.419526298887696 8 49.0
13 6.558657512352834 2 49.0
14 1.5320755975563949 19 47.0
15 2.652354700718716 16 46.0
16 4.944402962161748 7 43.0
17 3.298573813429617 14 43.0
18 3.6642501736383153 10 29.0
19 3.4462261865887704 13 22.0
20 2.3670342407455927 18 20.0
1 7.8198205146395985 1 93.0
2 0.5693000000001196 18 79.0
3 6.9404830708594085 2 76.0
4 3.9641444738393026 10 73.0
5 4.398253322851804 7 61.0
6 4.241986082207294 8 60.0
7 6.64954447383945 3 58.0
8 0.09507106739490823 19 55.0
9 4.23927558619197 9 51.0
10 0.0 20 51.0
11 5.561189093555271 5 49.0
12 3.8597800595116105 11 49.0
13 5.577969961885268 4 49.0
14 0.7543637848230933 17 47.0
15 2.655965730422899 14 46.0
16 0.8904589326056707 16 43.0
17 1.346189093555184 15 43.0
18 3.0107921049028232 13 29.0
19 4.973392104903127 6 22.0
20 3.320869961885029 12 20.0
1 9.507399999977395 10 93.0
2 0.8104999999923237 19 79.0
3 5.501299999988897 15 76.0
4 17.04815999999195 1 73.0
5 6.658059999996933 12 61.0
6 16.294899999995373 2 60.0
7 15.988099999994201 3 58.0
8 0.0 20 55.0
9 15.96285999999041 4 51.0
10 2.5653069999871487 17 51.0
11 11.512499999984962 8 49.0
12 6.050099999969235 13 49.0
13 11.589081999995454 7 49.0
14 2.500400000010816 18 47.0
15 13.609199999980865 5 46.0
16 13.412981999990752 6 43.0
17 3.480200000018809 16 43.0
18 9.712600000009479 9 29.0
19 5.749899999967347 14 22.0
20 9.331981999990752 11 20.0
1 8.552900000000019 1 93.0
2 1.277054595820935 18 79.0
3 6.663292396014265 2 76.0
4 4.130097644789187 8 73.0
5 2.4474019006739285 15 61.0
6 4.857968622268185 5 60.0
7 4.85665737747083 6 58.0
8 0.9551429467265713 19 55.0
9 3.3305163466851044 11 51.0
10 1.7698131733425722 17 51.0
11 5.494410638505384 4 49.0
12 2.681300000000001 13 49.0
13 5.850180632478255 3 49.0
14 0.0 20 47.0
15 3.9765999999998938 9 46.0
16 3.6567946607698363 10 43.0
17 2.632104256828411 14 43.0
18 2.9469226826774166 12 29.0
19 4.329226346685082 7 22.0
20 2.434571205942987 16 20.0
1 6.3991028730390305 3 93.0
2 2.001728206890025 18 79.0
3 8.50366907361372 1 76.0
4 3.0940696960141296 13 73.0
5 3.6375028704143806 12 61.0
6 5.715975367719254 6 60.0
7 4.245437630002312 8 58.0
8 2.382768814797843 15 55.0
9 8.144128206906332 2 51.0
10 3.722309758094509 10 51.0
11 6.007031186278519 5 49.0
12 2.132942562433927 16 49.0
13 6.04525596504245 4 49.0
14 1.6770521727181213 19 47.0
15 2.0755188148717876 17 46.0
16 3.820766718090462 9 43.0
17 2.788828206812453 14 43.0
18 3.6887521727795303 11 29.0
19 5.651352172451727 7 22.0
20 0.0 20 20.0
1 6.235830261689918 1 93.0
2 1.7005721706444163 17 79.0
3 4.882675963812846 5 76.0
4 2.7936533692136503 13 73.0
5 3.3975848385436795 11 61.0
6 3.700360387487217 9 60.0
7 4.599661366999871 7 58.0
8 0.0 20 55.0
9 4.897888895960454 4 51.0
10 2.7700751791546043 14 51.0
11 4.874507382554416 6 49.0
12 3.2150272335493364 12 49.0
13 2.649749740418488 15 49.0
14 0.7901188586191887 18 47.0
15 0.525324409748817 19 46.0
16 5.666076035086716 2 43.0
17 3.6861702780479226 10 43.0
18 3.8216248373744923 8 29.0
19 5.082566614363491 3 22.0
20 2.3367468041160304 16 20.0
1 9.458345002270192 2 93.0
2 5.490160001578139 9 79.0
3 5.225680001687983 11 76.0
4 6.73961000353743 6 73.0
5 6.850355001983761 5 61.0
6 3.237576001619775 17 60.0
7 3.583700001410371 14 58.0
8 4.214830001399381 13 55.0
9 5.654310001082873 8 51.0
10 4.3444200016783 12 51.0
11 5.3518300016367135 10 49.0
12 3.4516200022185277 15 49.0
13 5.8057000053746215 7 49.0
14 0.0 20 47.0
15 11.417845002270088 1 46.0
16 7.870354999581721 3 43.0
17 1.4837000008387697 18 43.0
18 7.521244998136883 4 29.0
19 3.293120001424247 16 22.0
20 1.0226500020256468 19 20.0
1 6.047495517711942 2 93.0
2 2.3409558623037414 12 79.0
3 3.1461058623293083 9 76.0
4 1.1365062071492011 16 73.0
5 2.1218058622932636 13 61.0
6 2.900985172049197 11 60.0
7 3.5054837930652845 8 58.0
8 0.0 20 55.0
9 7.9925837933854 1 51.0
10 3.9557955174272017 6 51.0
11 3.9642851726199964 5 49.0
12 4.881983793065387 3 49.0
13 4.6273558622929905 4 49.0
14 0.9565837944506148 17 47.0
15 0.21528517279096748 19 46.0
16 3.1418058623374416 10 43.0
17 1.906283793385234 14 43.0
18 1.6773862070130618 15 29.0
19 3.8906058623387896 7 22.0
20 0.9227058621409503 18 20.0
1 9.118047000971886 1 93.0
2 3.555934755194937 12 79.0
3 7.838047000971817 2 76.0
4 3.574983110513435 11 73.0
5 4.023867016252052 10 61.0
6 6.083143772645611 3 60.0
7 5.894382410812496 4 58.0
8 0.0 20 55.0
9 2.4896831105064403 16 51.0
10 2.517643661386587 15 51.0
11 4.899525759451127 6 49.0
12 3.095025759445271 13 49.0
13 4.758760246647769 7 49.0
14 1.5087972302694648 19 47.0
15 2.790104755200987 14 46.0
16 4.501728722603237 8 43.0
17 1.583833749864167 18 43.0
18 4.113522805642692 9 29.0
19 5.054636227146361 5 22.0
20 2.378451621697843 17 20.0
1 4.832849279999567 4 93.0
2 1.1376992799995782 17 79.0
3 5.985469999999571 2 76.0
4 4.180172919999161 7 73.0
5 2.069869999999581 14 61.0
6 2.1816492799995637 13 60.0
7 3.5222492799996568 8 58.0
8 0.0 20 55.0
9 6.41409999999961 1 51.0
10 4.385589279999642 5 51.0
11 5.673664880000159 3 49.0
12 2.9163892799992763 11 49.0
13 3.424099279999562 9 49.0
14 2.953172919999665 10 47.0
15 0.7450492799995656 18 46.0
16 1.1521999999994665 16 43.0
17 1.5569324399993205 15 43.0
18 4.359294639999549 6 29.0
19 2.6873492799996015 12 22.0
20 0.0022648799994571256 19 20.0
1 5.915080996418329 1 93.0
2 2.707250476179845 9 79.0
3 4.5053894671086425 5 76.0
4 2.3344553209969403 11 73.0
5 2.0672413053998926 14 61.0
6 4.32434360903052 6 60.0
7 4.604677122984389 4 58.0
8 1.11348158884494 19 55.0
9 5.805562779918251 2 51.0
10 1.8374691900289335 17 51.0
11 4.825061398646541 3 49.0
12 2.008455791915419 15 49.0
13 4.028624595725017 7 49.0
14 0.0 20 47.0
15 1.9414204589035309 16 46.0
16 2.2382154532977774 13 43.0
17 2.295706771430157 12 43.0
18 2.4821538205672704 10 29.0
19 3.491617970863669 8 22.0
20 1.1986875538463535 18 20.0
1 6.261317228461044 2 93.0
2 2.846384880988424 13 79.0
3 7.36102029156733 1 76.0
4 3.3546880158894288 9 73.0
5 2.0732062131437625 16 61.0
6 2.82371486188239 14 60.0
7 4.009412994177692 7 58.0
8 1.8597202915673352 17 55.0
9 5.975913964405138 3 51.0
10 3.5101130649479306 8 51.0
11 4.509772187724082 6 49.0
12 1.0538496210716568 19 49.0
13 5.204743381270469 4 49.0
14 0.0 20 47.0
15 3.00643294751345 11 46.0
16 2.5664226061612987 15 43.0
17 3.144155797571704 10 43.0
18 2.9086428052158664 12 29.0
19 5.186781321468377 5 22.0
20 1.1498266187295259 18 20.0
1 8.50489000000021 9 93.0
2 4.085999999999756 15 79.0
3 8.776799999999968 8 76.0
4 8.380440000001014 10 73.0
5 8.02869999999677 12 61.0
6 11.992130000004403 6 60.0
7 13.33272999998773 3 58.0
8 3.860889999999878 16 55.0
9 15.837469999987412 2 51.0
10 3.5167000000007915 18 51.0
11 0.0 20 49.0
12 12.726870000035674 4 49.0
13 16.4700699999917 1 49.0
14 3.579800000001346 17 47.0
15 8.275370000005303 11 46.0
16 6.888890000000119 13 43.0
17 10.156969999991707 7 43.0
18 6.00059000000033 14 29.0
19 12.047673999999176 5 22.0
20 3.489780000000298 19 20.0
1 4.459889999999831 17 93.0
2 8.577297384441893 11 79.0
3 10.503153624518639 5 76.0
4 6.6087500000031 15 73.0
5 9.768552977986914 7 61.0
6 9.98496255042892 6 60.0
7 11.787036001694233 2 58.0
8 0.3072499999990761 19 55.0
9 9.456266751082506 9 51.0
10 11.496788276066544 3 51.0
11 3.7489999999997874 18 49.0
12 6.611785399985543 14 49.0
13 11.42850600170642 4 49.0
14 4.781366751050992 16 47.0
15 0.0 20 46.0
16 9.120962064508824 10 43.0
17 6.626038729008215 13 43.0
18 13.384806001703765 1 29.0
19 9.744591572102436 8 22.0
20 8.197965181215391 12 20.0
1 9.241036810591508 1 93.0
2 0.10988435454864431 18 79.0
3 7.830668270913751 2 76.0
4 3.4253943180553694 9 73.0
5 0.13025043357948407 17 61.0
6 0.5064034047856043 15 60.0
7 4.023568270694014 6 58.0
8 0.03255042204176695 19 55.0
9 3.9355004343418374 7 51.0
10 1.7138059941501964 13 51.0
11 5.298476591750278 3 49.0
12 2.170556967280732 12 49.0
13 3.4587504366516315 8 49.0
14 0.6881368145767244 14 47.0
15 0.46253394315503016 16 46.0
16 4.467566516246697 5 43.0
17 2.675277677124004 10 43.0
18 2.5157924891325636 11 29.0
19 4.8219345403947464 4 22.0
20 0.0 20 20.0
1 7.216563308256206 1 93.0
2 3.8813505059954494 12 79.0
3 5.9326209735830755 3 76.0
4 2.7455633082243693 14 73.0
5 2.393593308250059 17 61.0
6 4.565363308248873 9 60.0
7 4.484418951191656 10 58.0
8 0.0 20 55.0
9 7.143951466770713 2 51.0
10 5.595198951159893 4 51.0
11 5.38832177262715 5 49.0
12 4.0022789511598935 11 49.0
13 5.243551947189653 6 49.0
14 1.1158190264479138 19 47.0
15 2.6402633082486537 15 46.0
16 3.613730064041411 13 43.0
17 2.4405812538052687 16 43.0
18 4.605000986395844 8 29.0
19 5.128350973576125 7 22.0
20 1.3663434811702135 18 20.0
1 7.663409999883714 5 93.0
2 3.283044999926191 17 79.0
3 7.428074999938036 8 76.0
4 7.1961899998847425 9 73.0
5 4.313049999946705 14 61.0
6 3.275649999970831 18 60.0
7 7.443089999972862 7 58.0
8 0.0 20 55.0
9 7.856705000103201 4 51.0
10 3.778739999983414 16 51.0
11 7.065764999971478 10 49.0
12 4.295604999935559 15 49.0
13 7.58830499998337 6 49.0
14 5.561189999966841 12 47.0
15 4.612965000023812 13 46.0
16 10.432904999967235 1 43.0
17 5.843889999965355 11 43.0
18 9.544604999963063 3 29.0
19 9.65278999998043 2 22.0
20 3.142169999965914 19 20.0
1 6.203714659524659 7 93.0
2 1.3938000000003696 18 79.0
3 6.0846000011509 8 76.0
4 2.2498232156869706 15 73.0
5 6.319714660120001 6 61.0
6 5.282314659356563 9 60.0
7 7.619276376745382 3 58.0
8 4.277727630382302 10 55.0
9 8.658614659525316 2 51.0
10 3.348236428761057 14 51.0
11 7.35201465957144 4 49.0
12 4.03347678520035 12 49.0
13 7.012489864788613 5 49.0
14 2.245059647914925 16 47.0
15 0.2870500000546832 19 46.0
16 0.0 20 43.0
17 1.722414659571283 17 43.0
18 4.250776376649206 11 29.0
19 8.703392888245753 1 22.0
20 3.468863569188182 13 20.0
1 6.7274062333336015 2 93.0
2 3.3629765999986123 10 79.0
3 6.115099999989251 5 76.0
4 3.1879090111148662 12 73.0
5 3.1960918888873047 11 61.0
6 5.9874739888767845 6 60.0
7 2.698743011110298 13 58.0
8 2.3590002555610585 15 55.0
9 6.880582466667681 1 51.0
10 4.635706233331318 8 51.0
11 6.13143717777549 4 49.0
12 1.5143627444456533 17 49.0
13 6.467513988889145 3 49.0
14 1.7170890111148682 16 47.0
15 0.0 20 46.0
16 2.5297313111082005 14 43.0
17 1.490286022225646 18 43.0
18 3.7287890110801936 9 29.0
19 5.587780755571829 7 22.0
20 0.4105114999960615 19 20.0
1 9.703605594587522 1 93.0
2 3.7005406560134704 13 79.0
3 5.5565218159963425 8 76.0
4 5.492693261786506 9 73.0
5 3.179380638438907 14 61.0
6 8.386193261836292 2 60.0
7 7.356840655986149 3 58.0
8 1.1967348471889685 18 55.0
9 5.6635760363448915 7 51.0
10 2.6306451493296787 15 51.0
11 5.760450620903651 6 49.0
12 2.5375127515811204 16 49.0
13 5.240821530166614 10 49.0
14 0.8906179273247083 19 47.0
15 1.4715239636647404 17 46.0
16 0.0 20 43.0
17 4.787311815994595 11 43.0
18 6.359511816001703 5 29.0
19 7.218778482663013 4 22.0
20 4.083505594577724 12 20.0
1 4.733050663976302 2 93.0
2 0.24692302828919654 18 79.0
3 4.937723028289197 1 76.0
4 1.4773522746787728 13 73.0
5 1.97988980315136 11 61.0
6 1.4989479384213018 12 60.0
7 2.9516024540489143 5 58.0
8 0.14246940222649274 19 55.0
9 4.60124745811747 3 51.0
10 1.4642013463355226 14 51.0
11 4.02586645542511 4 49.0
12 0.0 20 49.0
13 2.6556251076988566 7 49.0
14 0.8255583292939734 17 47.0
15 1.2562494424198989 15 46.0
16 2.0681369696765324 9 43.0
17 2.506557563338634 8 43.0
18 2.825560979551692 6 29.0
19 2.017502050771779 10 22.0
20 1.152423885562912 16 20.0
1 8.39229652351267 1 93.0
2 5.160791971983918 7 79.0
3 6.571385604438122 2 76.0
4 4.84807890555885 8 73.0
5 3.8522699055658842 11 61.0
6 5.741096523513573 3 60.0
7 5.621649121264991 6 58.0
8 1.3855208403185117 19 55.0
9 3.7627789055675054 12 51.0
10 0.0 20 51.0
11 5.663460426718449 5 49.0
12 3.382142518609985 13 49.0
13 5.671245157161947 4 49.0
14 2.6509714253531813 15 47.0
15 2.6028722067241308 16 46.0
16 4.747371425362863 9 43.0
17 2.181196523508798 18 43.0
18 2.484900000013461 17 29.0
19 4.67925087869042 10 22.0
20 2.7721965235128314 14 20.0
1 5.34847454539805 3 93.0
2 1.8368612853693422 14 79.0
3 6.024488285471087 2 76.0
4 4.2623728187862575 5 73.0
5 1.6884049077579528 15 61.0
6 3.1307347823628913 12 60.0
7 4.100634165987191 7 58.0
8 0.0 20 55.0
9 7.121738550420281 1 51.0
10 3.9863308569001425 9 51.0
11 3.7840953173749883 10 49.0
12 3.41597680975374 11 49.0
13 4.123261285369343 6 49.0
14 2.4270582793564404 13 47.0
15 1.340577046605046 17 46.0
16 1.6711003453223556 16 43.0
17 0.8378651524334169 18 43.0
18 4.4387582793564375 4 29.0
19 3.995699325729305 8 22.0
20 0.33470490775794914 19 20.0
1 5.479185499999999 4 93.0
2 2.4925782500000024 11 79.0
3 6.112132911764736 3 76.0
4 1.1178003627450042 18 73.0
5 1.4812966372549234 13 61.0
6 4.56029169117639 5 60.0
7 4.2118355637257086 6 58.0
8 2.07376669117639 12 55.0
9 1.3918056372549028 14 51.0
10 1.22396025000003 16 51.0
11 6.629991691176485 2 49.0
12 3.775042024509801 9 49.0
13 4.110060073529299 8 49.0
14 0.0 20 47.0
15 1.2920511372548984 15 46.0
16 4.184672818627527 7 43.0
17 1.0152289999999993 19 43.0
18 2.77689275 10 29.0
19 7.823666691176485 1 22.0
20 1.163829249999996 17 20.0
1 4.994233213245861 2 93.0
2 0.3533629976049655 16 79.0
3 4.939897324316286 3 76.0
4 1.0580036644358606 15 73.0
5 1.6284652687810754 12 61.0
6 2.842305192187883 7 60.0
7 3.0790977211315735 5 58.0
8 0.0 20 55.0
9 5.143874169440757 1 51.0
10 0.09577915122452985 19 51.0
11 3.6966488444780854 4 49.0
12 1.3585689582919755 13 49.0
13 2.075879151224527 8 49.0
14 0.24432101456522903 18 47.0
15 1.2901107013098168 14 46.0
16 1.7464654126645418 11 43.0
17 0.2679658579375226 17 43.0
18 2.0102000271427944 9 29.0
19 2.973355544682111 6 22.0
20 1.8667270752399303 10 20.0
1 7.271636843330661 4 93.0
2 7.046336845920385 6 79.0
3 5.9916368598802565 7 76.0
4 4.781436843826611 11 73.0
5 0.9312787702715646 17 61.0
6 5.422291230552031 10 60.0
7 7.068467538143613 5 58.0
8 0.0 20 55.0
9 10.824567538142526 1 51.0
10 1.9284675353663734 16 51.0
11 4.5587033092999905 13 49.0
12 8.03916753810293 2 49.0
13 4.701861073867612 12 49.0
14 0.929091228581028 18 47.0
15 0.7431275316963304 19 46.0
16 5.655636846509798 8 43.0
17 5.469267539345487 9 43.0
18 2.9407912310004742 14 29.0
19 2.6854275393415135 15 22.0
20 7.705227538335772 3 20.0
1 6.270513645775711 3 93.0
2 2.526418945737221 12 79.0
3 6.351061822756752 2 76.0
4 1.999561434887365 15 73.0
5 2.2892180226438956 13 61.0
6 1.6182176795225216 16 60.0
7 3.3959136458241295 8 58.0
8 2.2007411611855563 14 55.0
9 8.546846584067914 1 51.0
10 1.4601966247690519 17 51.0
11 3.897305698929995 5 49.0
12 0.0 20 49.0
13 5.961746768062638 4 49.0
14 0.9899317136295913 18 47.0
15 3.0223966248485623 10 46.0
16 3.162974222454803 9 43.0
17 0.6886965840679347 19 43.0
18 3.671503375142057 6 29.0
19 3.596918022633191 7 22.0
20 2.7521989642042697 11 20.0
1 9.140920410294846 1 93.0
2 1.9419947918625322 18 79.0
3 7.256627730446507 3 76.0
4 2.893319526912635 14 73.0
5 2.8689831511447554 15 61.0
6 4.137788971510611 10 60.0
7 5.578719526907335 6 58.0
8 3.842707063666306 12 55.0
9 8.563633866352909 2 51.0
10 6.2692801515587835 4 51.0
11 5.460689526932253 7 49.0
12 4.049260669030664 11 49.0
13 4.321999999979363 9 49.0
14 2.4210185318335666 16 47.0
15 1.1612195269115526 19 46.0
16 6.1306798928216715 5 43.0
17 0.0 20 43.0
18 5.355509265919644 8 29.0
19 3.3079893143451207 13 22.0
20 2.0470977977548794 17 20.0
1 6.127816668558573 2 93.0
2 3.69121463352702 6 79.0
3 4.514025824061563 5 76.0
4 2.8933068954609586 10 73.0
5 2.6199257288986826 11 61.0
6 1.9589416787326173 16 60.0
7 3.368500000000008 8 58.0
8 2.316391300193686 13 55.0
9 7.426675318591162 1 51.0
10 1.4765400939865747 17 51.0
11 5.3080402149928805 4 49.0
12 2.3476131777927347 12 49.0
13 5.586185191749999 3 49.0
14 1.2557879668603533 18 47.0
15 2.00996803133098 15 46.0
16 3.454799072222034 7 43.0
17 2.2075874254343706 14 43.0
18 0.0 20 29.0
19 2.9959289753509246 9 22.0
20 0.8821753263874736 19 20.0
1 10.909275263028654 1 93.0
2 2.7150999999973022 18 79.0
3 8.487060789501005 6 76.0
4 7.276860789293833 10 73.0
5 7.956457039385416 8 61.0
6 4.980423333330651 14 60.0
7 9.535257039942632 2 58.0
8 4.724522104931772 16 55.0
9 8.668122281046744 4 51.0
10 7.2820712283742335 9 51.0
11 4.813446666673657 15 49.0
12 5.03767526399713 13 49.0
13 8.21409578778622 7 49.0
14 5.218792105315153 12 47.0
15 1.0832987717137108 19 46.0
16 9.075364539783399 3 43.0
17 0.0 20 43.0
18 8.57826438622639 5 29.0
19 3.815600000000366 17 22.0
20 6.602757039486798 11 20.0
1 8.62012186449916 1 93.0
2 0.0 20 79.0
3 6.591999013349968 2 76.0
4 3.0164395839195586 14 73.0
5 3.761506756064681 10 61.0
6 4.501999999999983 6 60.0
7 5.617548597836004 3 58.0
8 1.5525526417958853 17 55.0
9 3.7351317705955234 11 51.0
10 3.897291574388115 9 51.0
11 3.3051402938671974 13 49.0
12 2.392595624262249 15 49.0
13 4.151374127665636 8 49.0
14 0.8183077742840164 18 47.0
15 0.47689901334699947 19 46.0
16 3.3358000000000976 12 43.0
17 4.412590153921371 7 43.0
18 5.274649038013951 4 29.0
19 2.3780016992733337 16 22.0
20 4.691939025680233 5 20.0
1 9.012979272052814 1 93.0
2 0.0 20 79.0
3 6.9693314650798195 2 76.0
4 3.7215463084634246 10 73.0
5 3.369806308463425 11 61.0
6 3.951912591181081 9 60.0
7 6.106857396917573 5 58.0
8 0.730137408818921 19 55.0
9 6.326180628254102 4 51.0
10 2.5507753513877534 15 51.0
11 5.64022352178233 7 49.0
12 2.9660627672724056 13 49.0
13 5.716805521782328 6 49.0
14 1.255248954161058 16 47.0
15 2.927045180993175 14 46.0
16 0.9692883230364995 18 43.0
17 1.2165513149550673 17 43.0
18 3.1798459965996146 12 29.0
19 6.942717396917571 3 22.0
20 4.0346283230364985 8 20.0
1 10.831380704292311 1 93.0
2 0.0 20 79.0
3 4.690800000024989 10 76.0
4 4.166720000017698 14 73.0
5 5.008210985920429 8 61.0
6 3.9708109859223533 15 60.0
7 6.318909013930379 4 58.0
8 2.359863098508999 18 55.0
9 4.375560000017818 12 51.0
10 5.034459999946543 7 51.0
11 8.582298028124733 3 49.0
12 5.693539436580685 5 49.0
13 8.68912197162885 2 49.0
14 2.501898169129673 17 47.0
15 3.940009014117384 16 46.0
16 5.675800000246455 6 43.0
17 4.36729802841122 13 43.0
18 4.787499999960592 9 29.0
19 4.630399999923412 11 22.0
20 2.2276200000012003 19 20.0
1 6.065740804120884 1 93.0
2 2.4590902022100845 9 79.0
3 3.822991477201272 4 76.0
4 1.9965151978629823 14 73.0
5 1.3835909850832748 17 61.0
6 3.503734651109416 5 60.0
7 3.10370706663586 7 58.0
8 1.1127959258333535 18 55.0
9 3.8771666406190155 3 51.0
10 2.410882404678174 10 51.0
11 1.885286721780143 15 49.0
12 2.5517295001375095 8 49.0
13 4.811295043127004 2 49.0
14 0.0 20 47.0
15 2.3255951679045155 12 46.0
16 2.337534629376198 11 43.0
17 2.054227706427842 13 43.0
18 1.8131682778049427 16 29.0
19 3.2121467515624866 6 22.0
20 0.9730935349317245 19 20.0
1 7.072127657121774 4 93.0
2 2.783030995309626 15 79.0
3 6.693341178199505 5 76.0
4 4.315432633649077 11 73.0
5 4.053347364111581 12 61.0
6 7.208932633649466 2 60.0
7 5.837808912731504 7 58.0
8 1.555456899166285 18 55.0
9 8.40844117819823 1 51.0
10 1.2326155445524445 19 51.0
11 5.925440461349999 6 49.0
12 3.909160083569652 13 49.0
13 5.269786086752546 9 49.0
14 0.0 20 47.0
15 1.9463048141890087 16 46.0
16 7.093686086753329 3 43.0
17 1.803032803038814 17 43.0
18 3.6417240891006433 14 29.0
19 5.60432408910059 8 22.0
20 4.469941178197912 10 20.0
1 6.973002000000266 3 93.0
2 1.1498895000017364 15 79.0
3 7.988299999999991 2 76.0
4 4.931432600000431 7 73.0
5 4.211402000001035 8 61.0
6 0.5820310000019839 18 60.0
7 1.9226310000001308 12 58.0
8 2.1364282500017358 11 55.0
9 8.045068000000468 1 51.0
10 0.7931430000025621 16 51.0
11 6.738468000000327 4 49.0
12 4.934468000000409 6 49.0
13 2.9589532500017355 10 49.0
14 0.7282359999988586 17 47.0
15 1.873200000002796 13 46.0
16 0.0 20 43.0
17 1.5577339999999338 14 43.0
18 5.035902000000458 5 29.0
19 3.815499999999995 9 22.0
20 0.22451699999375174 19 20.0
1 7.826276271345382 2 93.0
2 3.092908137026993 13 79.0
3 7.352082349286338 3 76.0
4 5.826229186508538 9 73.0
5 2.8078659043574383 14 61.0
6 5.175076271537381 12 60.0
7 6.435124586437901 5 58.0
8 0.8880236040544105 18 55.0
9 5.345284840266118 10 51.0
10 8.105384840348915 1 51.0
11 7.24477627134538 4 49.0
12 5.829264586422855 8 49.0
13 6.054920369583832 7 49.0
14 0.48024093680918245 19 47.0
15 1.7040907777971044 15 46.0
16 1.1899890632235275 16 43.0
17 0.8899992063050925 17 43.0
18 6.367109186425112 6 29.0
19 5.23062027134537 11 22.0
20 0.0 20 20.0
1 5.648929651180563 3 93.0
2 0.0 20 79.0
3 3.8640502074218106 6 76.0
4 1.6828090949441825 14 73.0
5 1.9960254704732472 13 61.0
6 4.177865342028644 5 60.0
7 3.1079916677332062 8 58.0
8 0.24596507119457645 19 55.0
9 8.087812988623874 1 51.0
10 2.1457157771983097 12 51.0
11 3.0936352135840077 9 49.0
12 0.4746653420311824 18 49.0
13 6.911960763661801 2 49.0
14 0.8061501423901807 17 47.0
15 3.6846274014866625 7 46.0
16 2.968465213575355 10 43.0
17 2.5899607636599287 11 43.0
18 0.9433958338660196 16 29.0
19 4.4698895893841435 4 22.0
20 1.2014701933918377 15 20.0
1 5.058054843417338 3 93.0
2 4.719825741234745 5 79.0
3 3.12869999997791 12 76.0
4 3.360250518542241 10 73.0
5 1.3467238563179886 15 61.0
6 5.530107232861608 1 60.0
7 2.3967143002047924 14 58.0
8 4.899875741234107 4 55.0
9 5.198067232885575 2 51.0
10 0.0 20 51.0
11 4.014320494928494 7 49.0
12 3.918455741232253 8 49.0
13 3.3883292929228688 9 49.0
14 0.06107375698156048 18 47.0
15 1.072980695845603 16 46.0
16 3.329125741234107 11 43.0
17 0.02302385632995385 19 43.0
18 2.907695386590351 13 29.0
19 4.315125563933525 6 22.0
20 0.7311422760909156 17 20.0
1 12.357872097567883 1 93.0
2 3.9233930243734587 13 79.0
3 8.443749463431711 2 76.0
4 4.468213024398878 12 73.0
5 4.853977365852045 10 61.0
6 6.912862000002438 4 60.0
7 6.896892097565703 5 58.0
8 3.310702097567889 17 55.0
9 7.726600731710592 3 51.0
10 3.516700000038058 15 51.0
11 0.0 20 49.0
12 2.0475 19 49.0
13 6.217629609758205 6 49.0
14 3.804972097555356 14 47.0
15 4.542424731715842 11 46.0
16 5.9013720975683315 8 43.0
17 2.624295804884148 18 43.0
18 6.001599999999997 7 29.0
19 5.480879609761616 9 22.0
20 3.3271730243988795 16 20.0
1 6.456318861432598 1 93.0
2 0.8806373784340855 18 79.0
3 4.746718688260713 3 76.0
4 3.586026077327965 9 73.0
5 1.280893195747533 16 61.0
6 3.3817429261964067 10 60.0
7 4.295709917156623 7 58.0
8 0.0 20 55.0
9 5.677501552400127 2 51.0
10 0.17379739169025088 19 51.0
11 4.370901552400128 6 49.0
12 1.7235185905055856 15 49.0
13 4.398868957555335 5 49.0
14 2.1459908838606836 13 47.0
15 1.1986193246050856 17 46.0
16 3.8709309964756256 8 43.0
17 2.910382469380281 12 43.0
18 4.556871850564745 4 29.0
19 3.259358358147667 11 22.0
20 2.141386533964321 14 20.0
1 5.417004049335299 4 93.0
2 3.0855147591252985 12 79.0
3 4.484873974283043 8 76.0
4 3.274673978733479 11 73.0
5 4.849127622445946 5 61.0
6 4.652331266354764 6 60.0
7 2.6883852025819124 13 58.0
8 2.403448348515807 15 55.0
9 2.1893739741614606 16 51.0
10 2.516214767748656 14 51.0
11 5.515203340471556 3 49.0
12 0.0 20 49.0
13 4.524321903033724 7 49.0
14 1.546155644438721 19 47.0
15 2.0961983450786295 17 46.0
16 5.869127623164347 1 43.0
17 1.9046147628017511 18 43.0
18 3.6624999972521133 9 29.0
19 5.720214760948868 2 22.0
20 3.505664806131725 10 20.0
1 6.668006351852048 1 93.0
2 3.52051701849801 10 79.0
3 5.50116545590368 2 76.0
4 3.5718276055763356 9 73.0
5 3.229926010412677 12 61.0
6 3.244703216578764 11 60.0
7 5.41506683334951 3 58.0
8 0.0 20 55.0
9 4.303303790432309 6 51.0
10 2.400091488695956 14 51.0
11 4.482085088167064 5 49.0
12 3.0019298972044828 13 49.0
13 4.558667076560746 4 49.0
14 1.5232161208587875 18 47.0
15 1.7090903373047357 16 46.0
16 2.2996525532075562 15 43.0
17 1.455614364235889 19 43.0
18 4.274568110523059 7 29.0
19 3.60168511811854 8 22.0
20 1.61533607276195 17 20.0
1 7.203655590500593 2 93.0
2 4.705688735353005 7 79.0
3 6.3187632366107245 4 76.0
4 3.9257337419226506 13 73.0
5 3.473624974942028 14 61.0
6 5.692848992734663 6 60.0
7 4.03093246351372 12 58.0
8 0.8549744094988241 18 55.0
9 8.024525590501158 1 51.0
10 4.069447637995552 11 51.0
11 4.296238568393482 9 49.0
12 3.257620774258181 15 49.0
13 6.8257353869650865 3 49.0
14 0.0 20 47.0
15 0.462425590501085 19 46.0
16 4.6810301038570366 8 43.0
17 2.328649999672869 16 43.0
18 5.693367258090879 5 29.0
19 4.115834105183171 10 22.0
20 1.893893079101506 17 20.0
1 9.658759428597591 1 93.0
2 6.774824467221664 7 79.0
3 9.337514451771174 2 76.0
4 6.535932914335556 10 73.0
5 7.364941124535721 4 61.0
6 5.391745830562319 15 60.0
7 7.008661258560781 5 58.0
8 0.0 20 55.0
9 5.576059423571074 13 51.0
10 6.3838025754598675 12 51.0
11 7.805849459495898 3 49.0
12 6.647974719435814 9 49.0
13 6.65013125856087 8 49.0
14 3.9519309213472162 18 47.0
15 4.854263088524356 17 46.0
16 6.7756676557437165 6 43.0
17 5.40946125856087 14 43.0
18 1.9052670856643035 19 29.0
19 6.408388270712906 11 22.0
20 5.283904390139838 16 20.0
1 9.778190564374185 1 93.0
2 6.175948338443744 14 79.0
3 9.140526097404042 2 76.0
4 6.301500000093359 13 73.0
5 8.237735184310814 7 61.0
6 7.163662874337107 9 60.0
7 6.924253862337535 10 58.0
8 0.0 20 55.0
9 8.986509917217372 3 51.0
10 6.0118260973539766 15 51.0
11 8.649499999997458 5 49.0
12 4.22460833088866 18 49.0
13 8.015000487841732 8 49.0
14 2.9872417613720503 19 47.0
15 6.728313292653334 12 46.0
16 8.755950243938653 4 43.0
17 4.46947565013015 17 43.0
18 6.849600000014378 11 29.0
19 8.267763170806266 6 22.0
20 5.225482766064245 16 20.0
