1 5.2952731933743795 1 93.0
2 3.3579238349435103 9 79.0
3 4.9145216084949785 2 76.0
4 3.6821528337007905 6 73.0
5 3.1397599109739804 10 61.0
6 3.7366356699988232 5 60.0
7 2.268555715721032 16 58.0
8 0.0 20 55.0
9 2.9674681655173383 11 51.0
10 3.536480589295904 8 51.0
11 2.84838074392478 12 49.0
12 2.1065789612296126 17 49.0
13 4.317373811663499 3 49.0
14 2.7347049718364254 13 47.0
15 1.8348033697379942 19 46.0
16 2.6551162362591003 14 43.0
17 2.0599279779241306 18 43.0
18 2.3932085774796645 15 29.0
19 3.6482100969700166 7 22.0
20 3.850072634180637 4 20.0
