1 4.027742244737637 1 93.0
2 1.4641214500888544 11 79.0
3 3.360450717782986 2 76.0
4 1.3794063011009867 13 73.0
5 1.2994681843928353 15 61.0
6 1.8956987785239359 8 60.0
7 1.265055597263316 16 58.0
8 1.3914293436950782 12 55.0
9 1.3186893543313145 14 51.0
10 1.1935813045565875 17 51.0
11 1.7433420864771623 9 49.0
12 2.0621310887978326 6 49.0
13 2.394015909086396 4 49.0
14 0.9842168629782148 19 47.0
15 2.520423690915738 3 46.0
16 0.0 20 43.0
17 2.1655324299842116 5 43.0
18 1.6553521667427582 10 29.0
19 1.927126740866541 7 22.0
20 1.0134524663498976 18 20.0
