1 1.2875059559464965 11 93.0
2 0.0 20 79.0
3 3.7889437144122264 1 76.0
4 1.5034212144122239 7 73.0
5 0.7012345888075284 14 61.0
6 0.6518188683946173 15 60.0
7 1.4407742214967356 9 58.0
8 0.1953382073277118 17 55.0
9 0.9907069305955756 12 51.0
10 0.7012688567633298 13 51.0
11 1.996907840016919 2 49.0
12 1.6502475265669199 5 49.0
13 1.3004160604298292 10 49.0
14 0.3144514728779507 16 47.0
15 1.94694705801105 3 46.0
16 0.1817279982288721 18 43.0
17 1.7707124022575278 4 43.0
18 1.4747628708133975 8 29.0
19 0.04317992882444721 19 22.0
20 1.510688572061118 6 20.0
