1 3.973391184442777 8 93.0
2 1.7481754665587972 13 79.0
3 3.1856833495262418 10 76.0
4 5.184689446152765 6 73.0
5 5.501304545356829 5 61.0
6 5.755027814823807 3 60.0
7 5.13757263063574 7 58.0
8 0.0 20 55.0
9 0.3776747096831006 19 51.0
10 3.9580264363806776 9 51.0
11 6.182783278051016 2 49.0
12 1.255363202079001 15 49.0
13 5.634415303650154 4 49.0
14 1.7294600446650377 14 47.0
15 0.9843226843092787 17 46.0
16 0.729212316163915 18 43.0
17 1.0677974799080352 16 43.0
18 2.09194863419635 12 29.0
19 6.763369098233948 1 22.0
20 2.1974912868636736 11 20.0
