1 8.426989999987942 11 93.0
2 10.190899985222961 9 79.0
3 1.6215199999927172 18 76.0
4 10.368220003543676 8 73.0
5 0.0 20 61.0
6 11.78472999901691 5 60.0
7 10.737399998714665 6 58.0
8 11.8898000050999 4 55.0
9 16.382500005092474 2 51.0
10 8.982800002747899 10 51.0
11 12.15811999929333 3 49.0
12 0.20563999996902904 19 49.0
13 4.070989999987942 15 49.0
14 7.9384000027478985 12 47.0
15 6.577999998708368 13 46.0
16 2.785500000288523 16 43.0
17 10.599890000290191 7 43.0
18 1.6720999998616035 17 29.0
19 17.52869999900417 1 22.0
20 5.4105899998610765 14 20.0
1 3.5821520861043803 10 93.0
2 2.1499605795906223 17 79.0
3 4.720384095137343 5 76.0
4 3.3901546444294257 11 73.0
5 1.0443520861046576 19 61.0
6 4.9452031703365895 3 60.0
7 4.078452086102303 9 58.0
8 4.085974153064638 8 55.0
9 4.974000000000671 2 51.0
10 2.3620542745850086 16 51.0
11 5.632852086104714 1 49.0
12 1.9933743901124747 18 49.0
13 4.756519859171011 4 49.0
14 4.525028815014924 6 47.0
15 2.779765193724015 13 46.0
16 0.0 20 43.0
17 2.3981520861043166 15 43.0
18 2.4396479138948624 14 29.0
19 4.133337955969938 7 22.0
20 3.144529734154691 12 20.0
1 6.091208264694972 3 93.0
2 0.763111710799453 18 79.0
3 6.107475062478333 2 76.0
4 1.7813878395358664 14 73.0
5 2.030449981517844 11 61.0
6 1.85690083956192 13 60.0
7 1.5166196375015029 16 58.0
8 0.1171514354437071 19 55.0
9 10.719623595565377 1 51.0
10 2.2778678395618934 10 51.0
11 4.645346912424092 5 49.0
12 1.2917234400872055 17 49.0
13 0.0 20 49.0
14 1.925603641703741 12 47.0
15 3.4968874595218873 7 46.0
16 2.4636679963045727 9 43.0
17 4.857046529391434 4 43.0
18 3.297653843338318 8 29.0
19 4.100820841447198 6 22.0
20 1.6626705682585508 15 20.0
1 1.89190589982849 14 93.0
2 1.523139941994807 18 79.0
3 3.6867807970812603 6 76.0
4 2.470617397880514 10 73.0
5 2.2154575221982764 12 61.0
6 3.8826278745802854 4 60.0
7 3.6707067894216063 7 58.0
8 4.1206779518764485 3 55.0
9 5.070611802318406 1 51.0
10 3.700840114196948 5 51.0
11 2.1069012633790907 13 49.0
12 0.0 20 49.0
13 3.1315676664916925 9 49.0
14 1.5693249392531745 17 47.0
15 3.5127715273937445 8 46.0
16 1.8664980481006284 15 43.0
17 2.2220952196127746 11 43.0
18 1.6656305481489297 16 29.0
19 4.589017398511504 2 22.0
20 0.585860365467866 19 20.0
1 3.704213194746467 4 93.0
2 0.5621196755519839 16 79.0
3 2.5705855054869096 5 76.0
4 1.4158895589623728 13 73.0
5 0.3456895589624154 17 61.0
6 2.3913636136928837 6 60.0
7 1.3705227876459176 14 58.0
8 2.038232522808802 8 55.0
9 6.6968401449158765 1 51.0
10 1.9304110266253016 10 51.0
11 4.59706494392114 2 49.0
12 0.029570803949701574 19 49.0
13 2.235762443438492 7 49.0
14 0.9649353589636032 15 47.0
15 1.6636273322753132 11 46.0
16 0.0 20 43.0
17 2.0191943974703617 9 43.0
18 1.6396373201591368 12 29.0
19 4.137063954733417 3 22.0
20 0.22962508944293192 18 20.0
1 6.196304736871964 3 93.0
2 5.578700000043522 5 79.0
3 3.8124047368519354 10 76.0
4 5.756019999997886 4 73.0
5 2.6450047368428784 16 61.0
6 3.3694305262903255 13 60.0
7 1.1161000000430454 19 58.0
8 1.345138070181588 18 55.0
9 8.298120000008812 2 51.0
10 4.370599999853469 8 51.0
11 4.178484736848253 9 49.0
12 3.438657894770013 12 49.0
13 3.129476315874985 15 49.0
14 0.0 20 47.0
15 4.716078947334406 7 46.0
16 3.324120000006327 14 43.0
17 8.758950526321094 1 43.0
18 4.996465789517233 6 29.0
19 2.3924714035149215 17 22.0
20 3.5696505263301335 11 20.0
1 11.412083243633173 3 93.0
2 0.0 20 79.0
3 7.508394459475445 7 76.0
4 5.599609515529039 10 73.0
5 2.387899999759909 18 61.0
6 4.725443862727638 12 60.0
7 9.387011106842676 5 58.0
8 7.347090360352123 8 55.0
9 11.517731853433602 2 51.0
10 2.8170903953584934 16 51.0
11 12.435583243690806 1 49.0
12 0.3143171294316929 19 49.0
13 2.502517129309495 17 49.0
14 4.478983243999712 13 47.0
15 5.8200012094046345 9 46.0
16 4.320800001286178 14 43.0
17 9.249501106858785 6 43.0
18 10.16494110685633 4 29.0
19 5.245900555755976 11 22.0
20 3.893650458132992 15 20.0
1 4.635517858695911 3 93.0
2 0.6999818302200045 18 79.0
3 5.352292644993424 2 76.0
4 0.8346457104004052 17 73.0
5 2.8287234604774505 14 61.0
6 4.536566965679651 4 60.0
7 3.5345033067158926 11 58.0
8 3.8993897785366727 8 55.0
9 6.103129032875136 1 51.0
10 0.598990770867811 19 51.0
11 4.426060048352584 5 49.0
12 2.7908704906770674 15 49.0
13 3.7815748031170298 9 49.0
14 2.2687393662093074 16 47.0
15 3.95086480311703 7 46.0
16 3.036931994265316 13 43.0
17 3.7420580812581714 10 43.0
18 3.0383818703892396 12 29.0
19 3.975872929299074 6 22.0
20 0.0 20 20.0
1 3.6565015251871316 4 93.0
2 1.750702469766477 12 79.0
3 4.4600889248889555 2 76.0
4 1.0563683429502775 17 73.0
5 0.0 20 61.0
6 1.256921729905465 16 60.0
7 3.980174418364528 3 58.0
8 2.621101997236893 10 55.0
9 5.549648987403441 1 51.0
10 1.3750663985917453 15 51.0
11 2.846268342950265 8 49.0
12 0.7125169283379322 19 49.0
13 0.9244416634648345 18 49.0
14 1.3998849759210144 14 47.0
15 3.100520408478139 6 46.0
16 2.766717870694448 9 43.0
17 3.0028907236348537 7 43.0
18 2.08816132302427 11 29.0
19 3.1945782700946888 5 22.0
20 1.524436651782407 13 20.0
1 4.607269738136906 4 93.0
2 4.742346774560227 3 79.0
3 1.3992653324268827 13 76.0
4 0.3773305694395126 16 73.0
5 0.9268794157122888 15 61.0
6 5.343007758661377 2 60.0
7 1.8326017176124236 12 58.0
8 1.9278430055840698 11 55.0
9 4.39318565529295 5 51.0
10 2.3746690915413318 9 51.0
11 7.489107758661406 1 49.0
12 1.1016088118469645 14 49.0
13 2.3130847372734014 10 49.0
14 0.31882710352863164 17 47.0
15 0.08009632315888249 19 46.0
16 4.097446774560256 6 43.0
17 3.1808457791860234 7 43.0
18 3.0008305042792474 8 29.0
19 0.0 20 22.0
20 0.17298657331178102 18 20.0
1 1.3971000000028209 18 93.0
2 1.2081000000138777 19 79.0
3 10.022100000478083 2 76.0
4 9.65946999992309 5 73.0
5 7.858580000018604 10 61.0
6 6.585300564017663 13 60.0
7 7.606651828889372 11 58.0
8 8.658499999904379 7 55.0
9 8.305080288778916 8 51.0
10 0.0 20 51.0
11 9.713828170409792 4 49.0
12 7.557741251858876 12 49.0
13 4.893999999946795 15 49.0
14 2.8034864786513305 17 47.0
15 10.057320481362328 1 46.0
16 8.065360673865719 9 43.0
17 3.3427935213183506 16 43.0
18 5.541179436198999 14 29.0
19 9.45128028935432 6 22.0
20 9.981654999923673 3 20.0
1 6.4469370326962565 3 93.0
2 1.9983309027352685 13 79.0
3 1.4425929529099852 18 76.0
4 1.8163702981702279 15 73.0
5 2.40947406539188 9 61.0
6 0.6958003228462886 19 60.0
7 3.7961256076495173 6 58.0
8 2.2536991527864156 11 55.0
9 9.9717629673042 1 51.0
10 4.200672599218769 5 51.0
11 2.139429152787734 12 49.0
12 2.5811621961746765 7 49.0
13 1.4625203228460482 17 49.0
14 0.0 20 47.0
15 4.5645264486944885 4 46.0
16 6.797957032696116 2 43.0
17 2.501062967305529 8 43.0
18 1.4931729529100721 16 29.0
19 2.288771492905454 10 22.0
20 1.9211761978206283 14 20.0
1 3.6305771383573897 11 93.0
2 1.0779771383592842 19 79.0
3 4.956595205987295 5 76.0
4 4.155837476985475 7 73.0
5 2.7493667990193105 15 61.0
6 4.291651205154848 6 60.0
7 1.641964394457601 18 58.0
8 7.025857138367373 1 55.0
9 6.69793747704742 2 51.0
10 3.948557138316569 9 51.0
11 3.2559232958402298 12 49.0
12 2.5018754931157794 16 49.0
13 3.1723254990031293 13 49.0
14 3.06036713835929 14 47.0
15 5.619733901497323 3 46.0
16 3.981597138367375 8 43.0
17 0.0 20 43.0
18 5.165001004015579 4 29.0
19 3.668731002491755 10 22.0
20 2.1751571383573896 17 20.0
1 5.631633476062533 7 93.0
2 7.261252172802724 2 79.0
3 9.94815217280272 1 76.0
4 3.958652172805389 16 73.0
5 4.219009406389601 13 61.0
6 4.354790430556627 12 60.0
7 4.8695465215279 10 58.0
8 4.063180721214509 15 55.0
9 3.8079465215558868 17 51.0
10 6.583312172802722 4 51.0
11 4.771675510116542 11 49.0
12 4.110738262993711 14 49.0
13 5.985492642842758 6 49.0
14 3.130282757189449 19 47.0
15 3.6382043471812704 18 46.0
16 6.616352172801644 3 43.0
17 5.189300000027459 8 43.0
18 5.099988262966852 9 29.0
19 6.434084740660944 5 22.0
20 0.0 20 20.0
1 7.388362891034121 5 93.0
2 5.3180447833889115 11 79.0
3 6.838165262305504 7 76.0
4 8.306065262305562 4 73.0
5 3.8006301712210897 17 61.0
6 5.413400000000002 10 60.0
7 10.593165262305567 1 58.0
8 6.949667952301299 6 55.0
9 9.531565262305579 2 51.0
10 4.90774441783382 14 51.0
11 4.563022428289512 15 49.0
12 0.0 20 49.0
13 5.191541479964702 13 49.0
14 2.894411838114687 19 47.0
15 5.5438861426646255 9 46.0
16 3.2889438016566963 18 43.0
17 5.277343310751843 12 43.0
18 6.002298194903855 8 29.0
19 9.100667952301283 3 22.0
20 4.198335661999939 16 20.0
1 4.001158099144062 5 93.0
2 3.3932784783036802 7 79.0
3 2.367581448544722 11 76.0
4 1.6109969617859132 15 73.0
5 0.0 20 61.0
6 4.3947110654243815 3 60.0
7 1.9040165338772455 14 58.0
8 3.0235123185377897 10 55.0
9 6.439788401233399 1 51.0
10 2.157151448492021 13 51.0
11 3.149198857422304 9 49.0
12 1.2419246823254069 17 49.0
13 0.9528153176713361 18 49.0
14 4.535551448544616 2 47.0
15 0.3360677625934918 19 46.0
16 4.268696961710081 4 43.0
17 3.3555699036599185 8 43.0
18 2.3051089913615073 12 29.0
19 3.6092829813678806 6 22.0
20 1.2573089914323452 16 20.0
1 0.3656454877784152 19 93.0
2 2.961310020757103 4 79.0
3 2.194929411089184 11 76.0
4 3.036670183453119 3 73.0
5 0.0 20 61.0
6 2.6116521834531192 7 60.0
7 2.3430051209745697 9 58.0
8 2.211177292489726 10 55.0
9 4.642670492668046 1 51.0
10 2.5621270522465727 8 51.0
11 1.3891454877782614 16 49.0
12 2.812849548846783 6 49.0
13 2.8778411834528765 5 49.0
14 2.1683296653569357 12 47.0
15 1.476763642563947 15 46.0
16 0.8007852463328846 18 43.0
17 1.2658362578703177 17 43.0
18 1.931977292490278 13 29.0
19 3.83609002075698 2 22.0
20 1.7188020382236906 14 20.0
1 4.881369962819431 2 93.0
2 2.0922082053631987 14 79.0
3 5.212685316803487 1 76.0
4 2.8567340582174303 9 73.0
5 2.956024090752515 8 61.0
6 3.092701112746094 5 60.0
7 3.6177432147747868 4 58.0
8 2.6207317753352473 10 55.0
9 2.263038579200489 12 51.0
10 1.782014624855399 17 51.0
11 2.0477622082886646 15 49.0
12 1.2129322082886522 18 49.0
13 4.370896812843833 3 49.0
14 1.8707603457412074 16 47.0
15 3.053490003688778 6 46.0
16 0.12476088951201447 19 43.0
17 2.1787101511616953 13 43.0
18 2.3216920277808946 11 29.0
19 2.996324739392714 7 22.0
20 0.0 20 20.0
1 3.9270543868987398 4 93.0
2 0.0 20 79.0
3 3.7634496924987566 5 76.0
4 1.6956943108923879 13 73.0
5 1.1865634203457116 14 61.0
6 0.9647353582756069 16 60.0
7 4.10172886561905 1 58.0
8 2.132050814584258 12 55.0
9 3.015484124561839 7 51.0
10 2.6115930160730243 8 51.0
11 3.1309181238987183 6 49.0
12 1.111093016073024 15 49.0
13 2.1476105873629088 11 49.0
14 0.20348341381664925 19 47.0
15 2.368063420345713 9 46.0
16 2.2362695589655273 10 43.0
17 4.0114827382472615 2 43.0
18 3.95022280125346 3 29.0
19 0.9117145645594327 17 22.0
20 0.2502875633662356 18 20.0
1 4.706860571481114 9 93.0
2 9.477946285655761 7 79.0
3 4.395289999980515 13 76.0
4 10.298966285728646 4 73.0
5 3.2278900000734856 17 61.0
6 3.967984285597953 15 60.0
7 1.3054900000041778 18 58.0
8 11.176846285728534 2 55.0
9 0.24388999999817784 19 51.0
10 3.9910382863066003 14 51.0
11 0.0 20 49.0
12 3.4335299997143904 16 49.0
13 4.44905314306746 12 49.0
14 11.377566285710762 1 47.0
15 10.105746285711056 5 46.0
16 5.1806874287781675 8 43.0
17 9.805276285937948 6 43.0
18 10.72071628565606 3 29.0
19 4.6196585711580145 10 22.0
20 4.615976285130479 11 20.0
1 5.319416502221617 2 93.0
2 2.3223820548021603 11 79.0
3 3.0114400848805514 8 76.0
4 2.2574224851884854 13 73.0
5 0.8579476145037186 17 61.0
6 5.153477564942296 3 60.0
7 3.6638771100602545 7 58.0
8 0.27507786031635284 18 55.0
9 8.044427554973169 1 51.0
10 2.7010685994643633 9 51.0
11 2.6135612900192253 10 49.0
12 4.591985469978216 4 49.0
13 1.8609551441266188 15 49.0
14 0.06554008488084362 19 47.0
15 1.7548771100601892 16 46.0
16 0.0 20 43.0
17 2.0059051700467143 14 43.0
18 2.266471290019246 12 29.0
19 3.828855469978215 6 22.0
20 3.873865469978192 5 20.0
1 8.79887397433479 5 93.0
2 2.18879999999995 19 79.0
3 9.673603974334696 3 76.0
4 4.13553138139273 15 73.0
5 3.953865718060082 16 61.0
6 6.230936469145147 11 60.0
7 6.621712475939091 10 58.0
8 3.8877000000001956 17 55.0
9 7.034624472541928 9 51.0
10 11.753891474334784 1 51.0
11 0.0 20 49.0
12 10.253391474334773 2 49.0
13 7.338522024910454 7 49.0
14 4.22879399509318 14 47.0
15 7.370247724334797 6 46.0
16 5.599571479524513 12 43.0
17 3.5566259501792477 18 43.0
18 4.557281381392594 13 29.0
19 7.177650054727073 8 22.0
20 9.584215224334796 4 20.0
1 6.424543417992713 6 93.0
2 3.2390049847000886 17 79.0
3 7.299273417992428 4 76.0
4 5.255711354804266 14 73.0
5 2.4160340758873984 19 61.0
6 10.49155566171973 1 60.0
7 8.423863417992663 2 58.0
8 5.546993402692811 13 55.0
9 7.591218614596121 3 51.0
10 6.29416592411255 8 51.0
11 6.300468151774769 7 49.0
12 5.734572227662282 12 49.0
13 4.136200000000021 16 49.0
14 0.0 20 47.0
15 3.1341349847001303 18 46.0
16 6.7755634179926485 5 43.0
17 5.773455661719622 10 43.0
18 4.954110146878804 15 29.0
19 6.236833410342767 9 22.0
20 5.760701679161657 11 20.0
1 6.47498095676978 9 93.0
2 4.066672809789284 18 79.0
3 7.421598663796727 4 76.0
4 5.417544889520146 13 73.0
5 4.432961225732894 16 61.0
6 5.4133999999511975 14 60.0
7 5.642712947146781 12 58.0
8 6.614980637857545 8 55.0
9 5.653753057629889 11 51.0
10 6.401875304524212 10 51.0
11 7.6279530576315855 3 49.0
12 0.0 20 49.0
13 6.678246955795072 7 49.0
14 8.72996939384154 1 47.0
15 8.130553057629792 2 46.0
16 4.33805305762991 17 43.0
17 5.378753057629814 15 43.0
18 7.2521589663617805 5 29.0
19 7.008569393865384 6 22.0
20 2.6585530576293275 19 20.0
1 7.2443735997046765 5 93.0
2 4.82740566937801 15 79.0
3 5.132854967317112 12 76.0
4 4.777822483594201 16 73.0
5 3.9654549673170782 17 61.0
6 6.90902378596967 7 60.0
7 6.816260018327767 8 58.0
8 6.376493170335433 9 55.0
9 8.394875632046237 2 51.0
10 0.0 20 51.0
11 8.063117910661997 3 49.0
12 7.265521902011192 4 49.0
13 8.983513785694603 1 49.0
14 2.324487816023121 18 47.0
15 5.132655087520031 13 46.0
16 6.0899078269647715 10 43.0
17 5.630264433319499 11 43.0
18 4.924416596521482 14 29.0
19 6.939717910661949 6 22.0
20 0.5040072166597538 19 20.0
1 3.653838841883944 6 93.0
2 0.0 20 79.0
3 4.705629212445343 2 76.0
4 4.561790637427219 4 73.0
5 2.0912623015218035 15 61.0
6 3.626865168869869 7 60.0
7 3.0289068967100112 10 58.0
8 2.716605778962426 12 55.0
9 7.465082810641682 1 51.0
10 1.9835855085505985 16 51.0
11 4.583306896709995 3 49.0
12 0.7054991761628195 19 49.0
13 2.544323322677567 14 49.0
14 1.2294291761627785 17 47.0
15 2.78645949873552 11 46.0
16 3.348839330605477 9 43.0
17 2.641695492975988 13 43.0
18 4.090632175217265 5 29.0
19 3.3895764713224765 8 22.0
20 0.9484543758007278 18 20.0
1 4.789800179333636 4 93.0
2 2.3879272632863726 16 79.0
3 4.280824310275716 8 76.0
4 3.19379352458429 14 73.0
5 4.658186534293318 5 61.0
6 3.9296556238832787 9 60.0
7 0.0 20 58.0
8 4.607333788653554 6 55.0
9 7.393691443580039 1 51.0
10 3.254500000049441 13 51.0
11 7.149801443581703 2 49.0
12 1.3223398041820418 17 49.0
13 3.5105398041674865 12 49.0
14 0.017573512671033242 19 47.0
15 3.7414647276888657 10 46.0
16 2.9799468460043657 15 43.0
17 4.2887960359706065 7 43.0
18 3.616036084074949 11 29.0
19 5.848643267151063 3 22.0
20 1.0485068341023043 18 20.0
1 4.525131270566739 13 93.0
2 6.952062317733087 4 79.0
3 6.521111491773227 5 76.0
4 4.7640050789759805 11 73.0
5 2.902413371480735 18 61.0
6 5.7244458058499585 6 60.0
7 4.8669650833636275 10 58.0
8 5.157511491773182 9 55.0
9 13.189239556489891 1 51.0
10 7.051916795247035 3 51.0
11 4.662588508226254 12 49.0
12 3.6519692252284583 16 49.0
13 3.7389740329065697 15 49.0
14 7.06493955648963 2 47.0
15 5.169134475319856 8 46.0
16 3.8321229835465616 14 43.0
17 2.4169059670934256 19 43.0
18 3.0255344753197386 17 29.0
19 5.343539556489891 7 22.0
20 0.0 20 20.0
1 3.515059186920539 4 93.0
2 0.9196044399644949 18 79.0
3 3.1954932591755063 8 76.0
4 1.4076164639346347 16 73.0
5 2.9239839870591418 11 61.0
6 1.696586741017184 15 60.0
7 0.10569325897390103 19 58.0
8 3.043103872055383 10 55.0
9 5.36880375706016 1 51.0
10 3.360193259010112 5 51.0
11 3.702129999955885 3 49.0
12 0.0 20 49.0
13 2.1881999999461232 13 49.0
14 1.9486937013492396 14 47.0
15 1.1554001458630083 17 46.0
16 3.2904336491374515 6 43.0
17 3.7650636490708775 2 43.0
18 3.210793701330845 7 29.0
19 3.13001369781487 9 22.0
20 2.525927499955892 12 20.0
1 3.5102223964120194 4 93.0
2 1.2760048016178365 13 79.0
3 3.374041488051895 5 76.0
4 1.4272172133587016 10 73.0
5 0.552299258989168 17 61.0
6 1.5180385119474153 9 60.0
7 2.93211057567213 6 58.0
8 1.3522192589894495 12 55.0
9 5.126060744026148 1 51.0
10 0.20062049526363745 19 51.0
11 4.075324543809901 3 49.0
12 0.0 20 49.0
13 2.1882000000002213 7 49.0
14 0.3315829761035647 18 47.0
15 1.4038748048846066 11 46.0
16 4.084917213357676 2 43.0
17 1.9456699879380448 8 43.0
18 1.0730192589893937 14 29.0
19 0.6346266962333142 16 22.0
20 0.6796366962340286 15 20.0
1 3.0611576175531408 8 93.0
2 3.1935418311428854 7 79.0
3 3.8665068223401833 4 76.0
4 3.0267682756149936 9 73.0
5 2.685092768507376 12 61.0
6 0.6754228906607112 18 60.0
7 4.649017011073316 2 58.0
8 2.753017476148059 11 55.0
9 7.46684597058709 1 51.0
10 0.13082655389652142 19 51.0
11 3.520917139211503 5 49.0
12 3.410511160436039 6 49.0
13 1.8318169995082236 16 49.0
14 2.3966855310505037 14 47.0
15 2.575044104324034 13 46.0
16 1.6507065359963518 17 43.0
17 2.244900614326779 15 43.0
18 2.8538900328197787 10 29.0
19 3.984070131589486 3 22.0
20 0.0 20 20.0
1 7.8108371429267045 6 93.0
2 7.132391071544948 11 79.0
3 9.451149999819084 4 76.0
4 7.345600000004778 9 73.0
5 6.275399999998706 15 61.0
6 5.952478214230227 18 60.0
7 8.467449107092298 5 58.0
8 11.148274107145312 2 55.0
9 11.277894107145313 1 51.0
10 2.4269000000004883 19 51.0
11 11.034004107131949 3 49.0
12 6.168550000038815 16 49.0
13 0.0 20 49.0
14 6.505250000053666 14 47.0
15 6.001518571431996 17 46.0
16 7.324674107064077 10 43.0
17 7.799304107167479 7 43.0
18 7.767349999984235 8 29.0
19 6.965708928665858 12 22.0
20 6.581708571413026 13 20.0
1 3.210932352403204 3 93.0
2 0.0 20 79.0
3 2.8440496361324685 4 76.0
4 2.406509290044132 10 73.0
5 2.3879000000000086 11 61.0
6 1.81764321912126 14 60.0
7 1.3571256540411838 17 58.0
8 2.4208966341681184 9 55.0
9 5.580657280179855 1 51.0
10 2.541892379545225 7 51.0
11 2.7236088617812335 6 49.0
12 1.9545403833301886 13 49.0
13 1.7471492900441634 15 49.0
14 2.421110139258481 8 47.0
15 0.8106741748139394 19 46.0
16 2.3217041162982683 12 43.0
17 1.184749788590699 18 43.0
18 2.819888444005816 5 29.0
19 4.191456305148996 2 22.0
20 1.636902265949999 16 20.0
1 7.1359792303337315 1 93.0
2 1.6726997404552073 15 79.0
3 6.273045758109927 2 76.0
4 1.7663631679885234 14 73.0
5 0.8893444236726733 17 61.0
6 3.0424247428294167 9 60.0
7 4.440455872096963 4 58.0
8 2.1127136597652876 13 55.0
9 5.13336505394008 3 51.0
10 3.9072577613290425 7 51.0
11 2.922114603372341 10 49.0
12 0.3919744933399576 19 49.0
13 3.6564448006296333 8 49.0
14 0.0 20 47.0
15 2.9221126327937688 11 46.0
16 0.8014999999136267 18 43.0
17 1.5999570311815174 16 43.0
18 4.144174243975786 5 29.0
19 4.129367730640654 6 22.0
20 2.1999731680089716 12 20.0
1 10.82139064850094 8 93.0
2 12.633320843570429 7 79.0
3 9.820490876110833 11 76.0
4 7.835785177057649 16 73.0
5 9.0971408598229 13 61.0
6 3.4226999999908063 19 60.0
7 9.934453529615693 9 58.0
8 13.1062508435677 6 55.0
9 16.112750843571128 3 51.0
10 17.727890843571732 2 51.0
11 13.156690843552116 5 49.0
12 9.291148117833059 12 49.0
13 15.300990843567615 4 49.0
14 5.362100000040523 18 47.0
15 8.172845940954266 15 46.0
16 9.848928941452765 10 43.0
17 19.25219084356762 1 43.0
18 0.0 20 29.0
19 6.001154058867267 17 22.0
20 8.631340827347106 14 20.0
1 7.400499999999933 12 93.0
2 10.007570632910294 7 79.0
3 10.728366582280186 4 76.0
4 2.0569699999999305 19 73.0
5 11.125578734177372 3 61.0
6 6.424170886077407 15 60.0
7 8.664578734174716 8 58.0
8 8.25067873417662 10 55.0
9 12.660000000000007 1 51.0
10 10.359274683545484 6 51.0
11 8.42400000000003 9 49.0
12 11.331218734176359 2 49.0
13 5.631086835442035 16 49.0
14 6.4401458227831085 14 47.0
15 8.158583291138648 11 46.0
16 4.7146700000000274 18 43.0
17 5.189299999999752 17 43.0
18 7.176482784811266 13 29.0
19 10.401678734179225 5 22.0
20 0.0 20 20.0
1 6.348504458710206 3 93.0
2 0.5604474326293678 18 79.0
3 2.841047432576116 13 76.0
4 2.8984944572442854 12 73.0
5 3.9205994631278585 8 61.0
6 1.651973924698555 16 60.0
7 4.3649663970341 5 58.0
8 7.979991132650983 1 55.0
9 3.586774448265305 9 51.0
10 4.081357796280904 7 51.0
11 4.20579946312787 6 49.0
12 7.25734113165677 2 49.0
13 0.07672794562828233 19 49.0
14 0.0 20 47.0
15 4.423141137939597 4 46.0
16 2.005784537897765 15 43.0
17 0.8877774325792864 17 43.0
18 2.0101588675154725 14 29.0
19 3.0841009402900843 11 22.0
20 3.332104458987723 10 20.0
1 13.193518474619548 1 93.0
2 4.49497000521763 14 79.0
3 6.223473966952968 9 76.0
4 4.583612134936285 13 73.0
5 3.8886414923107706 16 61.0
6 6.7675015823191025 5 60.0
7 5.9720199321047165 10 58.0
8 6.3629184746195495 7 55.0
9 10.775247875498977 2 51.0
10 3.662010684285971 18 51.0
11 7.506776983476483 3 49.0
12 3.7261449173824257 17 49.0
13 4.981006864073704 12 49.0
14 3.060768511257704 19 47.0
15 4.063019932104715 15 46.0
16 6.3420117365220525 8 43.0
17 5.189300000000001 11 43.0
18 6.415529383233882 6 29.0
19 6.822339666336662 4 22.0
20 0.0 20 20.0
1 8.726276455314407 3 93.0
2 6.441953263281484 10 79.0
3 8.710782551193304 4 76.0
4 0.0 20 73.0
5 5.018528887588051 16 61.0
6 8.353887270667846 5 60.0
7 9.480210527628914 2 58.0
8 6.311555069576034 12 55.0
9 11.49749186716463 1 51.0
10 1.461399999999995 19 51.0
11 5.684160644637548 14 49.0
12 6.022672555646158 13 49.0
13 6.4426081328352165 9 49.0
14 3.839800000000041 17 47.0
15 5.681789544081987 15 46.0
16 7.158736179383932 7 43.0
17 6.379013812611038 11 43.0
18 6.768078025993416 8 29.0
19 2.118399999999993 18 22.0
20 7.782208132835353 6 20.0
1 2.8902546268297638 5 93.0
2 0.7193414823933935 15 79.0
3 2.988568521172988 4 76.0
4 1.1278430069079044 12 73.0
5 0.03278310422528641 19 61.0
6 1.2346261988609544 11 60.0
7 0.9384287619405074 13 58.0
8 2.7022925579670996 6 55.0
9 5.645542248518483 1 51.0
10 0.25306769101447646 17 51.0
11 2.318126610868486 7 49.0
12 0.1987136834936698 18 49.0
13 3.593252935142512 3 49.0
14 1.391380786341701 10 47.0
15 3.7625429479298553 2 46.0
16 0.7137527102230541 16 43.0
17 1.6179630622452954 9 43.0
18 1.8107081347511003 8 29.0
19 0.8589181674231747 14 22.0
20 0.0 20 20.0
1 4.585827065706083 6 93.0
2 2.685058617304205 15 79.0
3 5.460557065706203 4 76.0
4 1.3621073932596683 17 73.0
5 5.724790168902892 3 61.0
6 3.683222579814701 10 60.0
7 3.314415605610909 14 58.0
8 4.466815605610892 9 55.0
9 5.999278389959582 1 51.0
10 4.586016283789675 5 51.0
11 5.7553883899490526 2 49.0
12 1.3043037441971026 18 49.0
13 3.498380128089818 11 49.0
14 1.9303910423189827 16 47.0
15 4.501401927031694 8 46.0
16 3.436259996498595 13 43.0
17 1.2769291935837694 19 43.0
18 3.489720148354254 12 29.0
19 4.563983705707175 7 22.0
20 0.0 20 20.0
1 5.621337283961149 7 93.0
2 2.2131270197700843 17 79.0
3 6.20024402726023 6 76.0
4 3.755057019769887 14 73.0
5 4.6397255171326846 10 61.0
6 7.2585570197700795 4 60.0
7 8.85137015334924 3 58.0
8 0.9129570197701105 19 55.0
9 8.967314789565803 2 51.0
10 11.70996344492555 1 51.0
11 6.522412100285289 5 49.0
12 4.268830245980453 11 49.0
13 4.1608277876516215 12 49.0
14 1.5903912684514419 18 47.0
15 3.792499999999818 13 46.0
16 0.0 20 43.0
17 2.5404570197686427 16 43.0
18 5.573972819613246 8 29.0
19 4.826778776997576 9 22.0
20 3.119922136602014 15 20.0
1 4.620190768771908 7 93.0
2 2.2525000000002864 18 79.0
3 5.055591806599193 4 76.0
4 4.207247427978896 8 73.0
5 5.673399650831347 1 61.0
6 4.702184085580229 5 60.0
7 4.655880499716614 6 58.0
8 3.8475882327971207 10 55.0
9 3.9170625883737378 9 51.0
10 3.707313877221674 12 51.0
11 3.457121073239034 13 49.0
12 3.013729369592986 15 49.0
13 1.2436856551035302 19 49.0
14 0.0 20 47.0
15 5.468371297693432 2 46.0
16 2.6755227768847494 16 43.0
17 5.367785075274117 3 43.0
18 3.2290336882169326 14 29.0
19 2.615154651025801 17 22.0
20 3.736943558264137 11 20.0
1 3.7057612994512263 5 93.0
2 1.391902442887943 18 79.0
3 5.25793868807591 2 76.0
4 3.790764450430429 4 73.0
5 2.331090149436292 13 61.0
6 4.2691486138140124 3 60.0
7 2.4346098505611886 11 58.0
8 0.8942612994512085 19 55.0
9 5.40616331985489 1 51.0
10 2.3611415659231185 12 51.0
11 3.4738551827868966 7 49.0
12 3.2226444504310714 8 49.0
13 1.861033026771819 14 49.0
14 2.466056801144651 10 47.0
15 1.5043148126524524 17 46.0
16 1.5902457082427437 16 43.0
17 2.521761299451205 9 43.0
18 1.6292923721515673 15 29.0
19 3.505634058929291 6 22.0
20 0.0 20 20.0
1 7.178749720994453 2 93.0
2 2.811130257608781 17 79.0
3 5.357604054958469 7 76.0
4 3.423500605624335 14 73.0
5 3.276362743187688 15 61.0
6 6.000805154402197 4 60.0
7 6.675794085802325 3 58.0
8 4.224214246591409 11 55.0
9 14.205181265405084 1 51.0
10 0.0 20 51.0
11 5.893734212650104 5 49.0
12 3.997085251669296 12 49.0
13 5.376552360677123 6 49.0
14 0.9665813361937197 19 47.0
15 4.400681265405825 10 46.0
16 2.016995920641458 18 43.0
17 4.999816897687512 8 43.0
18 3.648402999047275 13 29.0
19 4.405477504252464 9 22.0
20 2.952602739023782 16 20.0
1 5.430321212121259 8 93.0
2 8.518352424243476 1 79.0
3 7.068052424242422 5 76.0
4 3.1094212121214913 16 73.0
5 6.76034848484854 6 61.0
6 3.517428484848538 14 60.0
7 7.235879393939692 3 58.0
8 7.08455212121191 4 55.0
9 7.478006666667165 2 51.0
10 4.571200000001651 10 51.0
11 0.0 20 49.0
12 5.058174848486463 9 49.0
13 2.2611742424239445 19 49.0
14 6.265852424239256 7 47.0
15 3.1374584848485396 15 46.0
16 2.5040066666667906 18 43.0
17 2.978636666666967 17 43.0
18 4.290233939394102 12 29.0
19 4.544452424243797 11 22.0
20 3.7176484848497218 13 20.0
1 3.062016967479781 5 93.0
2 1.7664813649289988 14 79.0
3 3.9060814703235707 3 76.0
4 1.943801364929484 12 73.0
5 2.2644146845262565 10 61.0
6 2.333822102577879 9 60.0
7 2.8432869674795933 6 58.0
8 2.6335932347264297 7 55.0
9 1.7816869674797813 13 51.0
10 0.16393932748540463 19 51.0
11 4.806808024727999 1 49.0
12 0.8647074349323953 17 49.0
13 0.9811996429828302 16 49.0
14 2.5423393274858994 8 47.0
15 2.2406162811106203 11 46.0
16 1.311270357019084 15 43.0
17 0.0 20 43.0
18 3.1285608192063394 4 29.0
19 4.784593234734032 2 22.0
20 0.29482134432959795 18 20.0
1 3.5335179619604684 3 93.0
2 1.121695182912209 19 79.0
3 2.965764405225273 7 76.0
4 1.9373497754334688 15 73.0
5 1.6073447735240576 18 61.0
6 2.8980984304978903 10 60.0
7 2.182343062613114 13 58.0
8 1.9152084689305373 16 55.0
9 8.44285887470957 1 51.0
10 2.2851607368944724 11 51.0
11 3.736743021064191 2 49.0
12 0.0 20 49.0
13 2.915734304706193 9 49.0
14 2.9403878765464664 8 47.0
15 1.7607586607543793 17 46.0
16 3.4190345158954774 4 43.0
17 3.381030606828912 5 43.0
18 2.08219763030632 14 29.0
19 3.00249454489652 6 22.0
20 2.1882362902111483 12 20.0
1 3.3302099999999992 7 93.0
2 2.0915799831578803 10 79.0
3 4.3721799831579595 3 76.0
4 0.0 20 73.0
5 1.3337546863157672 14 61.0
6 1.3902099999999986 13 60.0
7 3.42014822315788 6 58.0
8 1.7321717768421134 11 55.0
9 3.5486100000000027 5 51.0
10 0.49648000000000025 17 51.0
11 4.688753498947348 2 49.0
12 1.1865656294736768 15 49.0
13 2.8725435242105015 8 49.0
14 0.28881424421051727 19 47.0
15 4.937500088421054 1 46.0
16 0.6224859326315748 16 43.0
17 1.404547014736862 12 43.0
18 2.175815629473683 9 29.0
19 3.810657650526318 4 22.0
20 0.43360999999999783 18 20.0
1 3.175646672166278 14 93.0
2 5.395000309288789 4 79.0
3 3.336907256624445 12 76.0
4 5.572320309288754 3 73.0
5 0.33781608771096616 19 61.0
6 4.082254041693633 9 60.0
7 4.845866878857777 6 58.0
8 3.7597487384930037 11 55.0
9 4.231343912289601 8 51.0
10 4.002163450880513 10 51.0
11 4.696902682589624 7 49.0
12 0.0 20 49.0
13 0.7315256576881715 18 49.0
14 1.3751054753259528 17 47.0
15 5.624290430863633 2 46.0
16 2.712744058754133 15 43.0
17 5.387248738492876 5 43.0
18 2.0189857953417842 16 29.0
19 6.661191880084692 1 22.0
20 3.2964622566225046 13 20.0
1 2.563981261249623 12 93.0
2 2.952696846343005 9 79.0
3 4.4944992917647495 3 76.0
4 0.9895353477526594 16 73.0
5 6.119328168406174 1 61.0
6 1.8755156820684382 15 60.0
7 3.479501600440111 6 58.0
8 2.472335524292668 13 55.0
9 4.244864884428042 4 51.0
10 0.6826440444305302 18 51.0
11 2.9399840571922544 10 49.0
12 2.5720083164589576 11 49.0
13 0.3301753477640319 19 49.0
14 0.0 20 47.0
15 2.1501166511348484 14 46.0
16 0.7156840444311752 17 43.0
17 3.341991600441397 7 43.0
18 5.009096846344898 2 29.0
19 3.8274768463529734 5 22.0
20 3.076628168362492 8 20.0
1 2.5526000053754245 9 93.0
2 0.0 20 79.0
3 3.974529044102722 4 76.0
4 0.046770004511978325 19 73.0
5 2.3879000010417926 11 61.0
6 2.740400001192677 8 60.0
7 2.3338699823819606 12 58.0
8 3.8355123935161846 5 55.0
9 8.839300001227066 1 51.0
10 1.9570650162291856 13 51.0
11 4.500910033195758 3 49.0
12 1.7062119046274558 14 49.0
13 0.7145557478255833 18 49.0
14 1.125370000696818 17 47.0
15 4.711865021488318 2 46.0
16 3.1822118702992936 6 43.0
17 1.368600000290468 15 43.0
18 3.125887125228388 7 29.0
19 2.414219543865046 10 22.0
20 1.2744681579956323 16 20.0
1 3.636394636406652 10 93.0
2 3.996076237226174 6 79.0
3 4.511124636448776 3 76.0
4 4.008226660757411 5 73.0
5 3.4455369246366274 11 61.0
6 3.9794521086779517 7 60.0
7 4.269319718002182 4 58.0
8 0.0 20 55.0
9 6.265154556577146 1 51.0
10 0.5214999999996839 19 51.0
11 6.021264556565935 2 49.0
12 3.404126237257956 12 49.0
13 1.9596450400710974 16 49.0
14 2.7839271910503953 14 47.0
15 0.7632131186131113 18 46.0
16 3.0424750539205583 13 43.0
17 3.7103543820842173 9 43.0
18 3.7957654437325603 8 29.0
19 2.1509999999629397 15 22.0
20 1.5444215809312725 17 20.0
1 4.898453898405844 2 93.0
2 2.051159665409066 13 79.0
3 3.913518609387242 4 76.0
4 2.0783725997077025 12 73.0
5 1.6633927834371895 15 61.0
6 2.153885599707957 11 60.0
7 2.828934730965262 8 58.0
8 3.8982284893495773 5 55.0
9 7.948065432412296 1 51.0
10 2.685372340921506 9 51.0
11 3.783958489349633 7 49.0
12 1.141901222346653 18 49.0
13 3.827779470314882 6 49.0
14 1.5290711994142874 17 47.0
15 2.5858407370832865 10 46.0
16 0.02026601935897876 19 43.0
17 0.0 20 43.0
18 1.540779684187241 16 29.0
19 4.3148723409215 3 22.0
20 1.8973152783016858 14 20.0
1 5.0029772535161765 2 93.0
2 1.9086188475003938 13 79.0
3 4.362954632355438 4 76.0
4 1.64345123785806 14 73.0
5 3.4031530638805374 10 61.0
6 4.806187280260939 3 60.0
7 4.140449323800376 6 58.0
8 5.995503680605594 1 55.0
9 3.7430636282161576 9 51.0
10 4.32626041721089 5 51.0
11 2.8319898000794894 11 49.0
12 1.5427407996816325 15 49.0
13 0.12158365441087815 19 49.0
14 0.0 20 47.0
15 4.107808118403156 7 46.0
16 2.739126436726923 12 43.0
17 0.6504101999204446 18 43.0
18 0.8455722108740731 17 29.0
19 3.8363312378580607 8 22.0
20 1.1448036806053545 16 20.0
1 4.837756421408008 4 93.0
2 1.68550000005172 16 79.0
3 3.9641909473527632 7 76.0
4 2.862569894787183 11 73.0
5 1.4625906288348687 18 61.0
6 2.1769825269359595 12 60.0
7 4.442892211479043 5 58.0
8 3.384399999754966 9 55.0
9 6.657590947539589 2 51.0
10 0.0404090532065271 19 51.0
11 9.805147578943425 1 49.0
12 1.6682306320300488 17 49.0
13 0.0 20 49.0
14 3.9411698944944167 8 47.0
15 2.0297129479265856 13 46.0
16 1.950281894344314 15 43.0
17 6.57044757904936 3 43.0
18 3.105200000075442 10 29.0
19 4.109400000000041 6 22.0
20 1.9955252630468079 14 20.0
1 4.300739094647949 8 93.0
2 2.3621154871419714 15 79.0
3 4.925170795314859 5 76.0
4 0.576051185362366 19 73.0
5 4.512214995647212 7 61.0
6 5.066403258624275 3 60.0
7 4.972839094844922 4 58.0
8 4.061015487078074 9 55.0
9 5.568129094839154 1 51.0
10 2.0057923707123146 16 51.0
11 5.324239094881665 2 49.0
12 1.3697807845401124 17 49.0
13 2.706007814672111 14 49.0
14 3.8567390948382902 10 47.0
15 0.0 20 46.0
16 3.081532370706535 12 43.0
17 4.588748295314859 6 43.0
18 3.0540411767727487 13 29.0
19 3.6352923707045957 11 22.0
20 1.1113480302389647 18 20.0
1 3.5060966361837327 7 93.0
2 0.0 20 79.0
3 2.280600000000007 15 76.0
4 2.298952488224743 14 73.0
5 0.8910605483603091 18 61.0
6 3.618167965602373 6 60.0
7 3.6445452006011134 5 58.0
8 2.5706269481075594 13 55.0
9 7.663966540331813 2 51.0
10 2.6925399955396596 12 51.0
11 4.1099838962151125 3 49.0
12 2.7004299375664207 11 49.0
13 0.014888167618365422 19 49.0
14 3.707778066610385 4 47.0
15 1.7112065831017509 16 46.0
16 2.8824364444798594 10 43.0
17 1.5174325035321101 17 43.0
18 3.120088167618461 8 29.0
19 8.81016654033181 1 22.0
20 2.9998410539143876 9 20.0
1 4.224913838959506 7 93.0
2 0.0 20 79.0
3 4.8375706834708545 4 76.0
4 6.124805374083142 3 73.0
5 1.3157633250259857 16 61.0
6 2.4224336108294415 14 60.0
7 4.553975251394842 6 58.0
8 3.2827054298368163 11 55.0
9 9.176614577784102 1 51.0
10 1.3358765436740985 15 51.0
11 4.5685337395151535 5 49.0
12 3.1115488424078115 13 49.0
13 1.065704603448713 18 49.0
14 3.6748777917371536 9 47.0
15 0.9286925554604513 19 46.0
16 3.661900860248122 10 43.0
17 6.3978138919475995 2 43.0
18 3.1285367591630626 12 29.0
19 3.699187940071904 8 22.0
20 1.2085137585621468 17 20.0
1 5.463477426517317 3 93.0
2 2.2872449767705207 18 79.0
3 4.856116534359755 5 76.0
4 2.4333700156641163 16 73.0
5 2.269620784579906 19 61.0
6 3.611258070229524 12 60.0
7 4.286826249598701 10 58.0
8 4.833107644126439 6 55.0
9 3.516087857176637 13 51.0
10 0.0 20 51.0
11 5.778231107223513 2 49.0
12 4.533157410360493 8 49.0
13 5.381029984324803 4 49.0
14 2.378400000003192 17 47.0
15 2.4408213919795108 15 46.0
16 7.347193697350727 1 43.0
17 2.614252480552704 14 43.0
18 4.4062953039131445 9 29.0
19 4.662287857176779 7 22.0
20 3.959090410439634 11 20.0
1 3.032267003685381 8 93.0
2 1.2436301470628885 16 79.0
3 3.2516811397181105 7 76.0
4 2.9413289093259625 9 73.0
5 2.420315625016822 11 61.0
6 1.0020854779339334 17 60.0
7 5.265664473036796 1 58.0
8 2.1977722548936716 12 55.0
9 4.491500000052276 3 51.0
10 0.903329669125899 19 51.0
11 3.2918038603022106 6 49.0
12 4.8140100245183035 2 49.0
13 1.9722777941093224 14 49.0
14 0.9663078125123146 18 47.0
15 3.65812966912451 4 46.0
16 2.1376807169186924 13 43.0
17 3.6103100245153192 5 43.0
18 0.0 20 29.0
19 2.8378777941286626 10 22.0
20 1.9662686213365836 15 20.0
1 4.159855999949804 9 93.0
2 0.26719595607183644 19 79.0
3 5.034586002135137 2 76.0
4 1.9018459555259886 15 73.0
5 1.840570413162389 16 61.0
6 4.539684043801222 6 60.0
7 4.1889459586583575 8 58.0
8 4.644754049758603 4 55.0
9 7.380379844098954 1 51.0
10 1.567454048883904 17 51.0
11 4.9694000061731405 3 49.0
12 3.090390209490878 12 49.0
13 4.0997921466873315 10 49.0
14 2.3789899331366633 13 47.0
15 3.9194495014007584 11 46.0
16 4.579240000050531 5 43.0
17 1.1470251436530932 18 43.0
18 2.3235959753752313 14 29.0
19 4.48053127809173 7 22.0
20 0.0 20 20.0
1 3.8817718676896553 3 93.0
2 1.3291718676903286 16 79.0
3 2.886494781682361 8 76.0
4 1.2398119935895184 17 73.0
5 0.0 20 61.0
6 1.9929428607272552 13 60.0
7 2.7999343712886997 9 58.0
8 3.465099445753506 5 55.0
9 5.653029930457958 2 51.0
10 9.012029930456341 1 51.0
11 2.8951746129601026 7 49.0
12 0.5090971392743686 19 49.0
13 0.5743443916079847 18 49.0
14 2.318411993590135 10 47.0
15 3.7017338004956524 4 46.0
16 2.2885542785495674 11 43.0
17 1.878040813980585 14 43.0
18 1.5581338004879222 15 29.0
19 3.218446728675394 6 22.0
20 2.2612260604173953 12 20.0
1 2.9666083741722917 5 93.0
2 0.10028700631193188 19 79.0
3 2.571543171366182 7 76.0
4 1.4002446427257769 14 73.0
5 0.9968785978588522 16 61.0
6 1.8260697494320766 13 60.0
7 3.2002452087500317 3 58.0
8 2.6462711655339084 6 55.0
9 3.041175516077889 4 51.0
10 1.9702823951683386 11 51.0
11 3.940316748345082 2 49.0
12 2.0091524269411756 10 49.0
13 1.0206462560235225 15 49.0
14 2.3936582563354247 9 47.0
15 0.29658363832182566 18 46.0
16 2.4912101375848152 8 43.0
17 4.187899464639915 1 43.0
18 0.9674609481151759 17 29.0
19 1.8862462560235307 12 22.0
20 0.0 20 20.0
1 9.907900000000282 1 93.0
2 4.353520000001874 11 79.0
3 7.303299999999523 4 76.0
4 4.839699999997521 9 73.0
5 3.7695000000001513 13 61.0
6 2.2494199999992404 17 60.0
7 1.9249000000000023 18 58.0
8 3.0772999999974036 15 55.0
9 8.536369999999733 3 51.0
10 0.0 20 51.0
11 4.817899999999317 10 49.0
12 3.761569999998506 14 49.0
13 4.180340000000137 12 49.0
14 6.949700000000975 5 47.0
15 4.950999999999264 8 46.0
16 1.44510000000027 19 43.0
17 8.723899999999254 2 43.0
18 2.7981000000000025 16 29.0
19 5.228299999993753 7 22.0
20 5.273310000002144 6 20.0
1 6.9331 3 93.0
2 1.8636779074932868 19 79.0
3 5.830604277306839 6 76.0
4 4.172503109309208 13 73.0
5 3.1023031093092026 18 61.0
6 6.0591119647496186 5 60.0
7 5.754396370316328 7 58.0
8 5.382471996704434 8 55.0
9 8.055277907493307 1 51.0
10 5.306175284102026 9 51.0
11 7.251569870387072 2 49.0
12 3.5758505682040536 15 49.0
13 3.7563140049353216 14 49.0
14 0.0 20 47.0
15 4.676024715897978 11 46.0
16 5.061273375413635 10 43.0
17 3.546085553101534 16 43.0
18 4.447507820190048 12 29.0
19 6.170721549069318 4 22.0
20 3.10734530908773 17 20.0
1 4.825150057742446 6 93.0
2 1.9938663218734922 16 79.0
3 5.257170139148739 3 76.0
4 3.0933072303495748 10 73.0
5 1.3658365636729703 18 61.0
6 4.814776123120473 7 60.0
7 4.37077745322943 8 58.0
8 3.1878012772436986 9 55.0
9 6.814758794159469 1 51.0
10 5.0467401391487225 5 51.0
11 2.1123604434776215 14 49.0
12 5.835270171461042 2 49.0
13 1.5467234605955076 17 49.0
14 0.0 20 47.0
15 3.001070171461045 12 46.0
16 3.042710357518036 11 43.0
17 1.089531785944136 19 43.0
18 2.335705666539698 13 29.0
19 5.095049239919151 4 22.0
20 2.0774587318395996 15 20.0
1 3.0539275513782957 9 93.0
2 0.0 20 79.0
3 4.610275156846013 5 76.0
4 2.3421599884996516 17 73.0
5 2.3717441021327303 16 61.0
6 3.1855279015974443 8 60.0
7 4.405061651502358 6 58.0
8 3.2466751515395336 7 55.0
9 6.19159999954193 4 51.0
10 9.550600000408377 3 51.0
11 14.309600000244401 1 49.0
12 0.5322806506234499 19 49.0
13 1.906998334744705 18 49.0
14 2.3970033402049675 15 47.0
15 2.436096644639937 14 46.0
16 2.7233299500828263 11 43.0
17 11.074900000244776 2 43.0
18 2.679601669174552 12 29.0
19 3.038440825708844 10 22.0
20 2.4912949897701875 13 20.0
1 1.1840000000001019 19 93.0
2 3.1158365999965847 14 79.0
3 6.377431253675896 2 76.0
4 3.4910500663551614 10 73.0
5 3.1407005059847095 12 61.0
6 2.902082156799506 16 60.0
7 4.380488788020479 8 58.0
8 4.219000880762425 9 55.0
9 6.030247998994597 3 51.0
10 8.881206314604638 1 51.0
11 5.048182156799456 5 49.0
12 2.267504259074434 17 49.0
13 1.669674320899467 18 49.0
14 3.027911523547354 15 47.0
15 3.128447741931611 13 46.0
16 4.973874320899563 6 43.0
17 0.0 20 43.0
18 4.632612390778775 7 29.0
19 5.475988621190141 4 22.0
20 3.346020020608359 11 20.0
1 4.48175114214683 12 93.0
2 4.61289490195026 11 79.0
3 4.9302958516969575 8 76.0
4 2.9644334242869546 15 73.0
5 4.364673309942375 13 61.0
6 2.527159328660107 16 60.0
7 5.105413400381803 5 58.0
8 4.990100163875926 7 55.0
9 6.80117660177361 1 51.0
10 0.0 20 51.0
11 5.846062760401165 2 49.0
12 4.668266528952027 10 49.0
13 2.127360258012842 17 49.0
14 3.1569816065434986 14 47.0
15 1.9762183934511484 19 46.0
16 4.78764965752133 9 43.0
17 5.01335752416587 6 43.0
18 5.498972760400107 3 29.0
19 5.414542279735891 4 22.0
20 2.0982439142528384 18 20.0
1 7.734974236404883 5 93.0
2 5.134612914360048 11 79.0
3 5.918943210680572 9 76.0
4 3.973206854444897 17 73.0
5 7.011138870074963 6 61.0
6 8.233518870074885 4 60.0
7 8.516532041680216 3 58.0
8 2.0110871182025747 19 55.0
9 6.124300000000004 8 51.0
10 4.179971654184287 16 51.0
11 10.626638870074867 1 49.0
12 5.454899501790997 10 49.0
13 9.000238870074863 2 49.0
14 0.0 20 47.0
15 4.488729501790997 13 46.0
16 6.339813018560854 7 43.0
17 2.0149000000000035 18 43.0
18 4.394956854444778 14 29.0
19 4.923884767176714 12 22.0
20 4.235812881797369 15 20.0
1 5.285299518801687 2 93.0
2 0.0 20 79.0
3 4.84625893416673 4 76.0
4 1.9854028664394268 13 73.0
5 1.6200272358782486 15 61.0
6 1.1767060453111762 18 60.0
7 1.156971131609315 19 58.0
8 1.6008633685226397 16 55.0
9 8.025283536075207 1 51.0
10 2.0269151126034473 12 51.0
11 3.422525133669472 8 49.0
12 1.3273882639898011 17 49.0
13 2.8368185685093055 10 49.0
14 1.9031716988296372 14 47.0
15 3.2243141608898456 9 46.0
16 2.6273701468910167 11 43.0
17 3.744974205710984 5 43.0
18 3.5337835360752066 6 29.0
19 3.505533443644941 7 22.0
20 5.030083536075204 3 20.0
1 5.146615623082662 2 93.0
2 0.0860526245158546 19 79.0
3 7.102897868809711 1 76.0
4 2.9654397285228358 8 73.0
5 2.3388351545121537 14 61.0
6 2.917997868809718 9 60.0
7 2.5482492224049977 12 58.0
8 2.0476284586684135 16 55.0
9 2.7307655093749728 10 51.0
10 4.632334475464008 3 51.0
11 3.333257101993437 6 49.0
12 3.061167646842802 7 49.0
13 3.520156026626525 5 49.0
14 0.0 20 47.0
15 2.7049178805358216 11 46.0
16 1.3903681142288347 17 43.0
17 2.4031414805689884 13 43.0
18 2.21677498158169 15 29.0
19 4.398397868809697 4 22.0
20 0.458249436909961 18 20.0
1 5.871381575786154 4 93.0
2 0.0 20 79.0
3 3.498200000000012 13 76.0
4 3.7338681198516777 12 73.0
5 3.085399977327734 16 61.0
6 5.537802300196397 7 60.0
7 7.2243500233030185 1 58.0
8 3.1851000000008147 15 55.0
9 6.1915999999690925 2 51.0
10 5.1915482441456655 9 51.0
11 5.96621002272554 3 49.0
12 0.12440230030218391 19 49.0
13 3.4819149108123324 14 49.0
14 3.824216635461269 11 47.0
15 5.7484083058787006 5 46.0
16 5.576050023431046 6 43.0
17 2.548123481128288 18 43.0
18 5.086316636241076 10 29.0
19 5.33609999999503 8 22.0
20 2.854981577478995 17 20.0
1 8.273275997971243 2 93.0
2 1.5841353890418788 16 79.0
3 3.117168917456387 10 76.0
4 1.9863268572354411 13 73.0
5 1.577831951963604 17 61.0
6 3.9154421414052694 7 60.0
7 5.273637046685635 3 58.0
8 2.9714173815971114 11 55.0
9 10.709934614342398 1 51.0
10 2.1218316880926427 12 51.0
11 3.7762268572409052 8 49.0
12 1.861689309876554 14 49.0
13 0.6119244587285899 19 49.0
14 1.6701172293647146 15 47.0
15 1.5497761468214284 18 46.0
16 4.2071932307258475 6 43.0
17 4.681823230716295 5 43.0
18 3.7171244587284797 9 29.0
19 4.7213244587285885 4 22.0
20 0.0 20 20.0
1 3.2460312433195115 16 93.0
2 5.488731316999536 6 79.0
3 6.73436529671123 3 76.0
4 2.1362126091337506 17 73.0
5 3.999348527983386 14 61.0
6 4.491393226441907 10 60.0
7 7.468980936486586 2 58.0
8 5.941745633444176 5 55.0
9 8.579657982419773 1 51.0
10 5.193685168150477 7 51.0
11 6.4520947322341025 4 49.0
12 4.372423109858736 11 49.0
13 4.651780936486657 9 49.0
14 4.32111604515268 12 47.0
15 0.7591312433194757 18 46.0
16 4.793912609133318 8 43.0
17 0.0 20 43.0
18 0.5995045042193934 19 29.0
19 3.2717422693383003 15 22.0
20 4.222294850783553 13 20.0
1 6.532918366761475 5 93.0
2 0.41692378024909704 18 79.0
3 6.548283246307332 3 76.0
4 4.958988395866301 9 73.0
5 3.835738131267885 12 61.0
6 5.616404692743998 7 60.0
7 6.367323120876278 6 58.0
8 4.325318125858399 11 55.0
9 6.60852378024876 2 51.0
10 5.13581836675716 8 51.0
11 7.75412114274555 1 49.0
12 0.0 20 49.0
13 3.7177250989971853 13 49.0
14 0.1661769945905074 19 47.0
15 4.679906606197235 10 46.0
16 1.8337530054086661 15 43.0
17 0.5338407969601651 17 43.0
18 1.0848169011851252 16 29.0
19 6.54102008337782 4 22.0
20 3.199022461502282 14 20.0
1 5.651632865967613 8 93.0
2 3.926310404933866 14 79.0
3 7.177183286173593 1 76.0
4 6.470273282355882 5 73.0
5 3.5735375335408994 16 61.0
6 4.707896218413918 12 60.0
7 5.553099995315137 9 58.0
8 6.3000430779837435 6 55.0
9 4.491500001119786 13 51.0
10 6.96675328158007 2 51.0
11 6.772118891210503 4 49.0
12 2.973032866089854 17 49.0
13 5.894783261354335 7 49.0
14 1.6738104090390378 19 47.0
15 3.8214404057395264 15 46.0
16 4.7399826571664265 10 43.0
17 4.739194596614482 11 43.0
18 0.0 20 29.0
19 6.791899203428823 3 22.0
20 2.2549128651159154 18 20.0
1 8.609937543054052 4 93.0
2 0.0 20 79.0
3 8.093336739380383 5 76.0
4 6.621001182548632 8 73.0
5 6.116595522388016 11 61.0
6 9.047417634902168 3 60.0
7 6.82919412169892 6 58.0
8 6.823126130884013 7 55.0
9 12.24283763490244 1 51.0
10 5.786705878300697 15 51.0
11 1.215505878300875 18 49.0
12 3.960111756601747 16 49.0
13 3.6859000000001907 17 49.0
14 6.085762189054776 12 47.0
15 0.06750587830083177 19 46.0
16 5.819745878300871 14 43.0
17 6.36797956371975 9 43.0
18 5.933045625718068 13 29.0
19 6.318028855721442 10 22.0
20 9.247637634902524 2 20.0
1 5.557621968008178 1 93.0
2 1.7839928221116044 19 79.0
3 4.431020104914743 2 76.0
4 3.135306728666918 11 73.0
5 4.378179895085257 3 61.0
6 0.0 20 60.0
7 2.9568827280459917 14 58.0
8 3.0781728486573647 12 55.0
9 4.260828143234823 4 51.0
10 3.564700423679108 9 51.0
11 3.9025082700381994 6 49.0
12 3.2219212672164583 10 49.0
13 3.873595283638277 7 49.0
14 1.939400000000002 16 47.0
15 2.675075442912847 15 46.0
16 3.0547613498951884 13 43.0
17 4.210622775079727 5 43.0
18 1.8979364243833148 17 29.0
19 3.608521349895188 8 22.0
20 1.789759790170515 18 20.0
1 7.04057636351127 6 93.0
2 6.839972727208816 9 79.0
3 7.37992272720181 4 76.0
4 7.017292727227091 7 73.0
5 3.4892763637249713 17 61.0
6 5.421137273133869 13 60.0
7 6.5797763637250135 10 58.0
8 4.8506999994870466 14 55.0
9 13.031572727191353 1 51.0
10 3.185459999907396 19 51.0
11 7.567237272525958 2 49.0
12 4.361976363571223 16 49.0
13 5.682425454540633 11 49.0
14 5.463676363511341 12 47.0
15 4.670776363018339 15 46.0
16 3.218500000019419 18 43.0
17 7.478576363571314 3 43.0
18 7.220147272676472 5 29.0
19 7.001699999999993 8 22.0
20 0.0 20 20.0
1 7.1636916670238895 1 93.0
2 2.95472651762773 12 79.0
3 4.322583098055839 6 76.0
4 0.0 20 73.0
5 2.4272905593156002 15 61.0
6 4.135155397705423 8 60.0
7 1.386906672227115 17 58.0
8 2.9851797412841825 11 55.0
9 4.783408197149761 5 51.0
10 5.333871367792603 4 51.0
11 6.631325720925787 2 49.0
12 6.385030882535978 3 49.0
13 4.04773986208198 9 49.0
14 0.27080667222714716 19 47.0
15 4.139366044146145 7 46.0
16 2.657700000000037 14 43.0
17 3.949444745041445 10 43.0
18 1.89217348237212 16 29.0
19 2.8142448078417805 13 22.0
20 1.3587858821099967 18 20.0
1 5.714489126462193 3 93.0
2 1.5828619051617925 13 79.0
3 3.2323283348227903 8 76.0
4 1.7601819051606855 12 73.0
5 0.8601037732001384 17 61.0
6 2.2492840458258314 11 60.0
7 2.8969608274702385 10 58.0
8 4.030976366315041 5 55.0
9 7.037476366317064 1 51.0
10 6.15146082746774 2 51.0
11 3.479400650841015 7 49.0
12 3.8164308274697443 6 49.0
13 1.5461184199461504 14 49.0
14 0.0 20 47.0
15 1.477991905156232 15 46.0
16 0.7469802227072369 18 43.0
17 1.2216102227162147 16 43.0
18 2.9444231517998283 9 29.0
19 0.7087283348304445 19 22.0
20 4.307566989636098 4 20.0
1 3.6440119274754785 3 93.0
2 1.5455221461595217 13 79.0
3 3.028946966196342 6 76.0
4 1.9317362894391794 11 73.0
5 1.3416307003095143 14 61.0
6 0.5039328991599696 19 60.0
7 2.068579002094069 10 58.0
8 2.597191104180349 8 55.0
9 5.824555068425452 1 51.0
10 1.1761730338025076 16 51.0
11 0.0 20 49.0
12 2.8661392238936876 7 49.0
13 1.2723762894392268 15 49.0
14 0.9046472582019269 17 47.0
15 1.554365612682376 12 46.0
16 2.419166505299629 9 43.0
17 3.9755526314348195 2 43.0
18 3.6019221461595334 4 29.0
19 3.350425105028343 5 22.0
20 0.8502275662292069 18 20.0
1 6.853632684985373 2 93.0
2 4.372571542404504 9 79.0
3 6.150928857198544 3 76.0
4 2.7708899999997954 15 73.0
5 1.5235205142458468 19 61.0
6 5.659717542744895 4 60.0
7 5.057989999594218 7 58.0
8 2.5864934861272033 17 55.0
9 9.015354571386773 1 51.0
10 0.0 20 51.0
11 5.139020514091317 6 49.0
12 2.3660861712301475 18 49.0
13 2.986803485562733 14 49.0
14 3.1701357711262483 12 47.0
15 2.7547999995943417 16 46.0
16 3.1337845713020807 13 43.0
17 3.608414571697058 10 43.0
18 4.523854571249687 8 29.0
19 5.528054571386811 5 22.0
20 3.334990001370791 11 20.0
1 4.829786031595294 6 93.0
2 1.9500056011577205 14 79.0
3 8.71747570369655 1 76.0
4 0.1318637102525022 19 73.0
5 2.082098982744264 13 61.0
6 4.543058230104446 7 60.0
7 4.170888126278632 8 58.0
8 3.767470652163653 10 55.0
9 6.122373075270662 2 51.0
10 1.7662646405095053 15 51.0
11 0.7838427822392942 18 49.0
12 1.3475730721628416 16 49.0
13 3.8034860315612202 9 49.0
14 1.2104637106797145 17 47.0
15 2.342886030005044 12 46.0
16 5.375193178021669 4 43.0
17 0.0 20 43.0
18 2.472563710576229 11 29.0
19 5.918470652208787 3 22.0
20 5.143086029922777 5 20.0
1 5.234664364540878 9 93.0
2 5.523125401780378 8 79.0
3 4.907047550132646 12 76.0
4 2.417675543495656 17 73.0
5 4.901807901403804 13 61.0
6 4.917505401779785 11 60.0
7 6.427976170663036 3 58.0
8 6.381816117896625 5 55.0
9 11.26261597467304 1 51.0
10 2.8749627257646067 16 51.0
11 7.37962597467283 2 49.0
12 1.374462725766119 19 49.0
13 3.873488085331786 15 49.0
14 0.0 20 47.0
15 6.231625974673118 6 46.0
16 4.5169642559915175 14 43.0
17 5.214106404341045 10 43.0
18 6.102616117896069 7 29.0
19 6.397905401779635 4 22.0
20 2.3551967224489028 18 20.0
1 2.648239489357009 8 93.0
2 1.162669937547965 15 79.0
3 5.283590649105875 2 76.0
4 0.8973728791976487 18 73.0
5 3.472015093368759 4 61.0
6 1.0986906491058765 17 60.0
7 2.081700826995354 12 58.0
8 3.185102017337517 6 55.0
9 8.141586784183461 1 51.0
10 1.1396632627687628 16 51.0
11 3.2131823261046186 5 49.0
12 3.801620471216398 3 49.0
13 2.507304402386755 9 49.0
14 1.429475471619328 14 47.0
15 1.4535860126156797 13 46.0
16 0.4334008269953533 19 43.0
17 2.314946716039816 10 43.0
18 2.1618553113937677 11 29.0
19 2.8720804712163974 7 22.0
20 0.0 20 20.0
1 4.2007677966536665 5 93.0
2 0.5096575827483258 18 79.0
3 3.39363567617935 6 76.0
4 1.0460106685486403 15 73.0
5 0.3944677134689707 19 61.0
6 1.2938201755987837 14 60.0
7 2.9510345365895656 7 58.0
8 1.9957046435716606 11 55.0
9 7.120569313584856 3 51.0
10 10.479569291428906 2 51.0
11 1.3892239765065337 13 49.0
12 0.7177616601186463 16 49.0
13 2.361683693200882 10 49.0
14 0.5779349219750682 17 47.0
15 1.4288658615721668 12 46.0
16 0.0 20 43.0
17 2.703179728854615 8 43.0
18 2.446036708519742 9 29.0
19 6.1901675712340944 4 22.0
20 11.04661932233656 1 20.0
1 4.813281999229707 5 93.0
2 0.0 20 79.0
3 5.317123990134456 3 76.0
4 5.294650473941325 4 73.0
5 3.916543735919726 6 61.0
6 3.3928853737769296 10 60.0
7 3.5944408519554782 9 58.0
8 2.7604572119629216 13 55.0
9 8.129790714512925 1 51.0
10 0.5979937091172438 19 51.0
11 6.066741686706321 2 49.0
12 3.784585179205081 7 49.0
13 3.6859000000000015 8 49.0
14 1.7307118143036007 17 47.0
15 1.4224768187038386 18 46.0
16 2.5885653737769316 16 43.0
17 2.7560089016849836 14 43.0
18 2.5971829989534476 15 29.0
19 2.8624109496213395 12 22.0
20 3.2822183132936824 11 20.0
1 6.548511892404866 2 93.0
2 3.4470315272564256 13 79.0
3 3.9330523476393546 11 76.0
4 3.124188107595126 16 73.0
5 1.501859021953742 19 61.0
6 4.516012929282891 7 60.0
7 5.643113533634916 3 58.0
8 0.0 20 55.0
9 6.884894418489891 1 51.0
10 4.848964272958822 6 51.0
11 4.299132347639364 9 49.0
12 2.615840113317233 18 49.0
13 3.4264592000802128 14 49.0
14 3.911539564259526 12 47.0
15 5.431827934767915 4 46.0
16 3.1458311845869575 15 43.0
17 2.661793541954225 17 43.0
18 4.294111710647059 10 29.0
19 4.934328681040148 5 22.0
20 4.3181732314589025 8 20.0
1 5.392923399686793 6 93.0
2 2.1549624955970375 16 79.0
3 5.924481183075691 4 76.0
4 6.2185319219576645 2 73.0
5 2.6469547647155856 13 61.0
6 4.687436431684734 7 60.0
7 4.515249463672292 9 58.0
8 4.560881183008637 8 55.0
9 8.462852291402248 1 51.0
10 1.8756293397717039 17 51.0
11 6.069649463660775 3 49.0
12 0.4513293397447917 19 49.0
13 2.6395293397768684 14 49.0
14 0.0 20 47.0
15 2.7561364316877657 12 46.0
16 2.2193718393722923 15 43.0
17 5.393372660829287 5 43.0
18 3.8772956146686925 10 29.0
19 3.505129339770475 11 22.0
20 0.7084686796502275 18 20.0
1 4.04003866494434 1 93.0
2 0.34570279925741443 19 79.0
3 3.059544823087907 4 76.0
4 1.2790385403008782 13 73.0
5 0.6422344965696676 17 61.0
6 1.6550648740660572 10 60.0
7 2.394321860167107 7 58.0
8 0.3780802048485834 18 55.0
9 2.438293274667055 6 51.0
10 0.9351757934175633 15 51.0
11 3.838259353638491 2 49.0
12 1.312231391888358 12 49.0
13 1.0544209404416183 14 49.0
14 2.370759342006931 8 47.0
15 1.93125391681781 9 46.0
16 3.2559364633541885 3 43.0
17 0.0 20 43.0
18 1.5172695786128034 11 29.0
19 2.975919166306061 5 22.0
20 0.9025568419818765 16 20.0
1 4.714314537052107 10 93.0
2 3.3310999999837945 15 79.0
3 7.1501924382572835 4 76.0
4 0.0 20 73.0
5 3.3601250308601394 14 61.0
6 6.546418981509749 6 60.0
7 4.4548904629660715 11 58.0
8 5.278716512389787 8 55.0
9 8.679714536956336 1 51.0
10 6.939762438274915 5 51.0
11 8.435824537055893 2 49.0
12 3.7166787345728 13 49.0
13 5.624208117315023 7 49.0
14 1.0786000000044442 19 47.0
15 4.2076165123386495 12 46.0
16 2.8065904629631913 18 43.0
17 2.863117376529268 17 43.0
18 4.853734999991607 9 29.0
19 7.3124245370344685 3 22.0
20 3.126388487661431 16 20.0
1 4.454340213391233 2 93.0
2 0.7429821115128243 13 79.0
3 3.298680281031423 5 76.0
4 0.6452039419922122 15 73.0
5 0.0 20 61.0
6 3.4945034044636727 4 60.0
7 3.8539068089272805 3 58.0
8 0.03583355021339463 19 55.0
9 8.419740213390948 1 51.0
10 0.8665857724758832 12 51.0
11 2.617037566825362 6 49.0
12 0.18194287042278123 17 49.0
13 1.9794775668255116 7 49.0
14 1.5476274285030898 9 47.0
15 1.5632034044636864 8 46.0
16 0.4332530267523069 16 43.0
17 0.17171902871099087 18 43.0
18 0.7150780574220901 14 29.0
19 1.3471970861324964 10 22.0
20 1.1484392885846164 11 20.0
1 14.086490572308472 4 93.0
2 14.155301429247071 3 79.0
3 14.961220572305962 1 76.0
4 8.127635715166054 15 73.0
5 3.989700000223656 18 61.0
6 12.518888572331733 8 60.0
7 10.530875715043313 10 58.0
8 0.47853000106247023 19 55.0
9 13.17986714076298 6 51.0
10 14.743034287438185 2 51.0
11 12.935977144360374 7 49.0
12 9.801232857080993 12 49.0
13 7.468275715154146 16 49.0
14 0.0 20 47.0
15 5.171200003985933 17 46.0
16 11.714568572219026 9 43.0
17 10.393365715580927 11 43.0
18 8.688367144360377 14 29.0
19 13.999288572299115 5 22.0
20 8.807875715198673 13 20.0
1 5.625818908682197 2 93.0
2 4.558342517563705 7 79.0
3 7.448607476536402 1 76.0
4 3.5550889024460046 13 73.0
5 0.0 20 61.0
6 2.9921659639962668 17 60.0
7 4.8347642767411205 5 58.0
8 5.062264074971574 4 55.0
9 3.8593900000000025 11 51.0
10 4.228718908682193 9 51.0
11 3.615500000000008 12 49.0
12 2.3550901077527477 18 49.0
13 3.168485779557152 16 49.0
14 3.4864161326814114 14 47.0
15 5.269292651075013 3 46.0
16 3.38422334390516 15 43.0
17 4.190537312663166 10 43.0
18 4.252354361253886 8 29.0
19 4.720592188871796 6 22.0
20 1.4764408466716685 19 20.0
1 5.4015099999997656 10 93.0
2 1.2397899999993127 18 79.0
3 5.514569999999854 9 76.0
4 6.760090000000664 6 73.0
5 5.689889999996453 7 61.0
6 4.317129999999486 12 60.0
7 9.047189999999254 1 58.0
8 4.150969999999507 13 55.0
9 7.1574699999996305 4 51.0
10 4.11035000000138 14 51.0
11 0.18698999999891708 19 49.0
12 0.0 20 49.0
13 3.3045699999992575 16 49.0
14 7.931089999999683 2 47.0
15 3.937159999999485 15 46.0
16 7.150670000001525 5 43.0
17 1.567119999999727 17 43.0
18 5.565149999998979 8 29.0
19 7.7044299999991495 3 22.0
20 4.517350000000063 11 20.0
1 3.9647788668777286 7 93.0
2 0.0 20 79.0
3 5.458036477375957 3 76.0
4 1.3874247437884366 18 73.0
5 2.6247399091443624 13 61.0
6 3.098916643207451 11 60.0
7 4.002502989966003 6 58.0
8 2.9194551968316205 12 55.0
9 5.55982039366333 2 51.0
10 3.9296282483426266 8 51.0
11 5.410461753943543 4 49.0
12 6.3125862377247 1 49.0
13 3.6858999999996565 10 49.0
14 2.0990065548271546 15 47.0
15 4.868999485482105 5 46.0
16 2.5253931597878836 14 43.0
17 0.9283890736035016 19 43.0
18 1.6279111166957199 17 29.0
19 3.8734070305104646 9 22.0
20 1.889208474244384 16 20.0
1 3.3697769184776383 7 93.0
2 3.1130586172019936 10 79.0
3 6.215540723251866 2 76.0
4 1.5797108238811572 16 73.0
5 4.760726048652852 4 61.0
6 5.589717407589937 3 60.0
7 3.6245440399935114 5 58.0
8 0.0 20 55.0
9 7.335176918477624 1 51.0
10 1.9049586172022335 13 51.0
11 3.5613153978509287 6 49.0
12 1.580161098967885 15 49.0
13 1.6975769184776248 14 49.0
14 0.47095941732901503 19 47.0
15 3.187651328597747 8 46.0
16 3.171155397851041 9 43.0
17 2.4858594173293143 11 43.0
18 0.8611304119409029 18 29.0
19 2.273058764177088 12 22.0
20 1.4306113740536737 17 20.0
