1 7.802198321531715 1 100.0
2 4.324708505062431 7 81.0
3 6.023783346451928 2 77.0
4 4.417276612850268 6 75.0
5 3.5358611099584376 9 70.0
6 4.968008444108628 4 63.0
7 1.958783346451146 14 54.0
8 5.406883346451812 3 49.0
9 2.461675979982844 12 47.0
10 4.458293346451833 5 44.0
11 0.3673037581193239 18 44.0
12 1.3788267516232457 16 44.0
13 0.9300983486141643 17 42.0
14 2.978120541430213 11 41.0
15 0.13987661286113973 19 40.0
16 1.9864378371305946 13 37.0
17 3.679799999999248 8 36.0
18 1.6896748248180935 15 33.0
19 3.0824748248147755 10 33.0
20 0.0 20 31.0
1 7.922179852273432 1 100.0
2 3.8492826970957252 7 81.0
3 7.033341304381819 4 77.0
4 7.089027888118729 3 75.0
5 4.576607213877586 6 70.0
6 7.613347550998233 2 63.0
7 2.749663649844593 14 54.0
8 3.2904459391279364 11 49.0
9 2.8935798522734846 12 47.0
10 0.0 20 44.0
11 2.1841201762724824 17 44.0
12 3.500801878255949 9 44.0
13 3.457716172753098 10 42.0
14 1.1316636498446426 19 41.0
15 2.6117514366838814 15 40.0
16 6.190347550998206 5 37.0
17 2.5659395193672485 16 36.0
18 1.7579687330710843 18 33.0
19 3.505047550998201 8 33.0
20 2.856344955486426 13 31.0
1 6.912688807943464 2 100.0
2 3.4465536660515856 8 81.0
3 7.367053404055136 1 77.0
4 4.4948883435934395 4 75.0
5 4.072630912927558 5 70.0
6 4.027398978157064 6 63.0
7 1.709263106080542 13 54.0
8 0.5505835655554714 17 49.0
9 0.6431096127206919 16 47.0
10 0.0 20 44.0
11 0.4691067143806351 18 44.0
12 2.8009324138103735 9 44.0
13 3.4818862830440014 7 42.0
14 1.3481496127206916 15 41.0
15 1.7018099102305904 14 40.0
16 2.224006714380634 11 37.0
17 4.768497571848272 3 36.0
18 1.7275312772837312 12 33.0
19 2.762384747828098 10 33.0
20 0.07110009372963644 19 31.0
1 10.517117727276869 4 100.0
2 7.272617727276047 8 81.0
3 11.303017727273062 2 77.0
4 11.805497671252077 1 75.0
5 6.627866695562104 9 70.0
6 11.149717727276188 3 63.0
7 7.873123458779159 5 54.0
8 4.487797671243486 18 49.0
9 5.320436615237517 16 47.0
10 0.0 20 44.0
11 5.505612211417269 14 44.0
12 7.340065330858822 7 44.0
13 4.779363384785745 17 42.0
14 5.560812990488573 13 41.0
15 5.350036160682606 15 40.0
16 6.409347139540086 10 37.0
17 7.509323458766281 6 36.0
18 6.088917727276225 11 33.0
19 5.914770820302262 12 33.0
20 4.232817727290558 19 31.0
