1 6.329367638962022 1 100.0
2 0.5656387879176452 18 81.0
3 3.296896002937186 5 77.0
4 5.612620741343485 2 75.0
5 1.9694691169265628 9 70.0
6 4.238939289190415 4 63.0
7 0.17339549957936562 19 54.0
8 0.9732583474535366 16 49.0
9 2.040264569796014 8 47.0
10 2.5799198785501902 7 44.0
11 1.7975384589099355 13 44.0
12 0.0 20 44.0
13 0.584094949498061 17 42.0
14 4.631432559929763 3 41.0
15 1.875734105970187 10 40.0
16 1.1473300152740347 14 37.0
17 3.0141392892024514 6 36.0
18 1.798458862074596 12 33.0
19 1.0401416525488583 15 33.0
20 1.8510814096452177 11 31.0
1 10.040750670238642 1 100.0
2 2.90319877464978 9 81.0
3 4.02848977658746 7 77.0
4 4.222222927163476 6 75.0
5 1.3558223754707692 16 70.0
6 4.7472506702366495 5 63.0
7 1.7226382070007138 14 54.0
8 2.032113803717392 11 49.0
9 7.6211000000005935 2 47.0
10 4.8990999999998746 3 44.0
11 0.0 20 44.0
12 1.769260144762903 12 44.0
13 2.5731702291124963 10 42.0
14 4.747250670239171 4 41.0
15 0.6499156252142839 18 40.0
16 1.7331000000032823 13 37.0
17 1.6527795531735638 15 36.0
18 0.4637456252137673 19 33.0
19 1.3558223754701515 17 33.0
20 3.3472687746500123 8 31.0
1 8.319999998807532 2 100.0
2 3.6744000000164627 13 81.0
3 4.390799999847427 12 77.0
4 5.615600000061658 8 75.0
5 6.251759999822902 6 70.0
6 6.839739999928268 4 63.0
7 6.335960000114292 5 54.0
8 4.583820000523574 10 49.0
9 2.899560000053823 18 47.0
10 7.88295999953586 3 44.0
11 8.599420000114293 1 44.0
12 5.382769999811762 9 44.0
13 0.9786800005815213 19 42.0
14 3.359019999905994 16 41.0
15 2.9199799998527536 17 40.0
16 0.0 20 37.0
17 5.78019000019515 7 36.0
18 4.48413000046344 11 33.0
19 3.3640500000474827 15 33.0
20 3.488170000587539 14 31.0
1 6.790700000000029 4 100.0
2 7.370850778657424 2 81.0
3 6.5696816457680125 5 77.0
4 6.3824429059237096 6 75.0
5 8.065780774440077 1 70.0
6 5.027771947289441 10 63.0
7 4.341099999999801 13 54.0
8 4.730974707189038 12 49.0
9 0.0 20 47.0
10 6.849546497375608 3 44.0
11 3.674399999999988 17 44.0
12 4.812381672199207 11 44.0
13 5.419356419626915 9 42.0
14 3.8083606259449265 15 41.0
15 5.49600749943996 8 40.0
16 4.30104093136988 14 37.0
17 3.8078142845536744 16 36.0
18 3.420192994751218 18 33.0
19 1.3515068719090704 19 33.0
20 5.506208723879776 7 31.0
