1 3.0767303999999998 1 93.0
2 1.6127364500000003 4 80.0
3 2.0235632000000003 2 78.0
4 1.5380777500000002 5 77.0
5 1.8080116500000005 3 58.0
6 1.3939196500000002 7 55.0
7 0.7964285500000001 12 55.0
8 0.22026475000000034 17 54.0
9 1.1473820000000001 10 52.0
10 1.424757 6 51.0
11 0.6481741500000004 13 48.0
12 1.3272341000000003 8 47.0
13 0.26179910000000006 16 45.0
14 0.09950585000000012 18 41.0
15 1.2178015000000002 9 38.0
16 1.0107175000000002 11 38.0
17 0.0 20 38.0
18 0.26249100000000014 15 37.0
19 0.04466815000000024 19 33.0
20 0.55772725 14 26.0
1 3.0767303999999998 1 93.0
2 1.6127364500000003 4 80.0
3 2.0235632000000003 2 78.0
4 1.5380777500000002 5 77.0
5 1.8080116500000005 3 58.0
6 1.3939196500000002 7 55.0
7 0.7964285500000001 12 55.0
8 0.22026475000000034 17 54.0
9 1.1473820000000001 10 52.0
10 1.424757 6 51.0
11 0.6481741500000004 13 48.0
12 1.3272341000000003 8 47.0
13 0.26179910000000006 16 45.0
14 0.09950585000000012 18 41.0
15 1.2178015000000002 9 38.0
16 1.0107175000000002 11 38.0
17 0.0 20 38.0
18 0.26249100000000014 15 37.0
19 0.04466815000000024 19 33.0
20 0.55772725 14 26.0
1 3.0767303999999998 1 93.0
2 1.6127364500000003 4 80.0
3 2.0235632000000003 2 78.0
4 1.5380777500000002 5 77.0
5 1.8080116500000005 3 58.0
6 1.3939196500000002 7 55.0
7 0.7964285500000001 12 55.0
8 0.22026475000000034 17 54.0
9 1.1473820000000001 10 52.0
10 1.424757 6 51.0
11 0.6481741500000004 13 48.0
12 1.3272341000000003 8 47.0
13 0.26179910000000006 16 45.0
14 0.09950585000000012 18 41.0
15 1.2178015000000002 9 38.0
16 1.0107175000000002 11 38.0
17 0.0 20 38.0
18 0.26249100000000014 15 37.0
19 0.04466815000000024 19 33.0
20 0.55772725 14 26.0
1 3.0767303999999998 1 93.0
2 1.6127364500000003 4 80.0
3 2.0235632000000003 2 78.0
4 1.5380777500000002 5 77.0
5 1.8080116500000005 3 58.0
6 1.3939196500000002 7 55.0
7 0.7964285500000001 12 55.0
8 0.22026475000000034 17 54.0
9 1.1473820000000001 10 52.0
10 1.424757 6 51.0
11 0.6481741500000004 13 48.0
12 1.3272341000000003 8 47.0
13 0.26179910000000006 16 45.0
14 0.09950585000000012 18 41.0
15 1.2178015000000002 9 38.0
16 1.0107175000000002 11 38.0
17 0.0 20 38.0
18 0.26249100000000014 15 37.0
19 0.04466815000000024 19 33.0
20 0.55772725 14 26.0
