1 4.462481565830626 1 93.0
2 1.1683079375921313 16 80.0
3 3.5152910504236328 5 78.0
4 3.2175781116151194 6 77.0
5 0.0 20 58.0
6 0.5707545695943013 19 55.0
7 4.273231180000278 3 55.0
8 4.382377049560376 2 54.0
9 0.9574473049160379 18 52.0
10 1.9230872819039266 12 51.0
11 3.1066697592625383 8 48.0
12 1.6665051745583015 14 47.0
13 3.109399451590898 7 45.0
14 2.723007739225491 11 41.0
15 3.7394242386269485 4 38.0
16 2.837028351253938 9 38.0
17 0.9644614825934859 17 38.0
18 2.778060616609689 10 37.0
19 1.5529045695448915 15 33.0
20 1.8664485522176917 13 26.0
1 2.8988439172127554 9 93.0
2 1.5960004441953586 15 80.0
3 3.1312711178828945 7 78.0
4 3.5675933483382054 3 77.0
5 0.7714217276541526 19 58.0
6 2.0806239172127228 14 55.0
7 3.0253472235523624 8 55.0
8 4.006770692530077 1 54.0
9 2.2866889052207195 13 52.0
10 2.4083545195836424 12 51.0
11 3.5115891314325305 4 48.0
12 2.7157860827872895 11 47.0
13 4.001793933960941 2 45.0
14 1.4157317946432946 16 41.0
15 2.783117375329187 10 38.0
16 3.442729726549858 5 38.0
17 1.0325490541893665 17 38.0
18 0.0 20 37.0
19 3.1954560827873153 6 33.0
20 0.9231677161821157 18 26.0
1 4.467924011076912 7 93.0
2 1.285062724369331 19 80.0
3 4.910324011134224 4 78.0
4 3.746182582483557 9 77.0
5 5.327500619259991 3 58.0
6 3.0254209176467795 12 55.0
7 5.677520619259963 2 55.0
8 6.166324011144211 1 54.0
9 0.0 20 52.0
10 2.634048121511781 13 51.0
11 4.6447692382016905 5 48.0
12 2.0336706522593673 17 47.0
13 1.3614720663382456 18 45.0
14 2.059675917646789 16 41.0
15 2.2614699452342606 15 38.0
16 3.237767824072358 11 38.0
17 2.5227998437157737 14 38.0
18 3.5293321758487832 10 37.0
19 4.190251011899038 8 33.0
20 4.510296683900288 6 26.0
1 3.9859474408769486 2 93.0
2 2.143019188857891 11 80.0
3 3.7894874408904995 3 78.0
4 5.513298579446081 1 77.0
5 1.2641986206414142 13 58.0
6 2.9706620342286487 7 55.0
7 0.5823525922971395 17 55.0
8 2.68496578972705 8 54.0
9 1.0956589047708762 14 52.0
10 0.0 20 51.0
11 3.701858945958779 5 48.0
12 1.8428286206565219 12 47.0
13 2.2481128475029983 10 45.0
14 1.0599657897289099 15 41.0
15 3.760838254185919 4 38.0
16 3.1224589871675863 6 38.0
17 0.03654259229520784 19 38.0
18 2.5087604077148358 9 37.0
19 0.8552274408794249 16 33.0
20 0.173487440876418 18 26.0
