1 5.010939999999999 8 93.0
2 8.129382328653053 2 80.0
3 5.425292328520179 4 78.0
4 1.7098343833823124 19 77.0
5 9.085992328661192 1 58.0
6 5.032302466103226 6 55.0
7 7.6644923286595565 3 55.0
8 3.1346121916641243 13 54.0
9 1.8055456158871968 18 52.0
10 3.447145616406774 12 51.0
11 2.24781205472322 17 48.0
12 3.854131917484854 11 47.0
13 0.0 20 45.0
14 2.951877191665906 14 41.0
15 4.7179831506377825 9 38.0
16 5.210239999945795 5 38.0
17 2.927412191716435 15 38.0
18 2.855602465567367 16 37.0
19 5.029682328690115 7 33.0
20 4.490012191675055 10 26.0
1 5.75397261600609 3 93.0
2 5.46987193552018 4 80.0
3 2.9778542293035732 12 78.0
4 5.135854229843172 6 77.0
5 4.261975035479718 8 58.0
6 3.2361904300835636 11 55.0
7 4.15802463258401 9 55.0
8 3.3364665232679513 10 54.0
9 0.0 20 52.0
10 1.6415999999261248 17 51.0
11 8.17573043009623 1 48.0
12 5.4223304300964115 5 47.0
13 2.5627304301006593 13 45.0
14 1.8288012547041184 16 41.0
15 7.932780430097099 2 38.0
16 1.9951330467214357 15 38.0
17 2.5410204301609984 14 38.0
18 1.5380646325840122 18 37.0
19 1.2611726165547132 19 33.0
20 4.6918665232901535 7 26.0
1 9.138099992880715 1 93.0
2 4.031626363542257 12 80.0
3 5.60699040976062 5 78.0
4 7.840699151088913 2 77.0
5 5.252967823297874 6 58.0
6 4.591879712228279 9 55.0
7 6.455492473887979 3 55.0
8 6.453748657385679 4 54.0
9 1.9451539244328084 18 52.0
10 4.421705445616874 11 51.0
11 3.899144103467169 13 48.0
12 4.8192306540519505 8 47.0
13 2.2793921060782765 17 45.0
14 1.6804906316183814 19 41.0
15 4.542761346502988 10 38.0
16 5.005669328222774 7 38.0
17 3.292540976589308 15 38.0
18 0.0 20 37.0
19 2.982335898247249 16 33.0
20 3.580490007369373 14 26.0
1 6.247213494049557 1 93.0
2 3.027036867768927 7 80.0
3 3.7436771278826533 5 78.0
4 4.477835234250775 3 77.0
5 4.26610319051826 4 58.0
6 2.2912073099659245 11 55.0
7 1.4095747490946517 14 55.0
8 3.350454665983651 6 54.0
9 1.216789907025489 17 52.0
10 1.6468031905182192 13 51.0
11 0.0 20 48.0
12 2.4313370810741533 10 47.0
13 1.3401396365895113 16 45.0
14 1.3812145132665157 15 41.0
15 4.968641713758379 2 38.0
16 2.6142796145735905 9 38.0
17 1.9659631905184702 12 38.0
18 0.19365483220432633 19 37.0
19 0.2935000000017203 18 33.0
20 2.969712239220618 8 26.0
