1 6.667499253499029 3 93.0
2 7.227017890444872 1 80.0
3 4.742379099130125 12 78.0
4 4.417834002135298 15 77.0
5 5.715191075128813 7 58.0
6 5.886203824821568 6 55.0
7 3.945599999999981 18 55.0
8 4.490599253499057 14 54.0
9 4.73932127388983 13 52.0
10 4.883434246217845 10 51.0
11 5.237392808477038 8 48.0
12 4.1592061745092535 16 47.0
13 3.743043157537074 19 45.0
14 4.025136315074116 17 41.0
15 6.047506409852317 5 38.0
16 5.086551578444453 9 38.0
17 4.875152543993835 11 38.0
18 6.361248316649386 4 37.0
19 0.0 20 33.0
20 6.733857250352271 2 26.0
1 5.806197089795917 3 93.0
2 8.815897878826526 1 80.0
3 4.451616198384348 8 78.0
4 3.206714878231296 13 77.0
5 2.1787215044217687 16 58.0
6 2.0445367927721154 18 55.0
7 6.07592704591835 2 55.0
8 5.564397878826538 5 54.0
9 5.304465623129249 6 52.0
10 3.7910636173469374 10 51.0
11 3.1637170605442213 14 48.0
12 2.087757792772095 17 47.0
13 3.252774198384349 12 45.0
14 3.986742973214281 9 41.0
15 4.631807075170066 7 38.0
16 2.8550297564625717 15 38.0
17 1.6295274234693955 19 38.0
18 0.0 20 37.0
19 3.3419161983843972 11 33.0
20 5.798764156462589 4 26.0
1 4.685554052756652 7 93.0
2 3.7693939648949604 10 80.0
3 0.5876140526789628 19 78.0
4 3.76815405236274 11 77.0
5 1.3388940526536568 15 58.0
6 7.074064859728232 3 55.0
7 0.0 20 55.0
8 0.6763500002625786 18 54.0
9 5.044524052653666 6 52.0
10 5.996060807100647 5 51.0
11 0.9197594561562368 17 48.0
12 6.667089912329893 4 47.0
13 4.643960807050402 8 45.0
14 3.1719581055691615 12 41.0
15 3.896160806909426 9 38.0
16 7.700624052678972 2 38.0
17 2.1011540527566472 13 38.0
18 1.6443581052544967 14 37.0
19 1.0276419824603646 16 33.0
20 8.947560807062812 1 26.0
1 2.5479534825863603 6 93.0
2 3.0293146517426446 5 80.0
3 1.8872094278594984 7 78.0
4 1.4629208706460555 12 77.0
5 1.7212369900492415 10 58.0
6 1.4096369900492558 13 55.0
7 6.755911169153941 2 55.0
8 1.5846791293503752 11 54.0
9 0.18042201492465315 18 52.0
10 1.7584917412935415 9 51.0
11 4.136112910446846 4 48.0
12 0.7138369900495452 15 47.0
13 0.09601465174047963 19 45.0
14 1.2587001243791511 14 41.0
15 7.717779129353115 1 38.0
16 0.32903699004918363 17 38.0
17 0.0 20 38.0
18 0.4059668407949828 16 37.0
19 1.80654455223782 8 33.0
20 4.811809427860304 3 26.0
