1 5.5890689999999985 1 93.0
2 3.137158999999999 5 80.0
3 2.9873528499999993 6 78.0
4 3.162831499999999 4 77.0
5 2.6116128499999993 7 58.0
6 2.0782341499999997 10 55.0
7 2.549105499999999 8 55.0
8 3.506008499999999 3 54.0
9 0.0 20 52.0
10 1.2041564999999996 16 51.0
11 2.3718454999999996 9 48.0
12 1.9707924999999995 13 47.0
13 0.9812598500000003 18 45.0
14 1.0404689999999996 17 41.0
15 3.573130499999999 2 38.0
16 2.0037851499999997 11 38.0
17 1.9738994999999997 12 38.0
18 1.3007899999999997 15 37.0
19 0.47048049999999986 19 33.0
20 1.4957976499999996 14 26.0
1 5.5890689999999985 1 93.0
2 3.137158999999999 5 80.0
3 2.9873528499999993 6 78.0
4 3.162831499999999 4 77.0
5 2.6116128499999993 7 58.0
6 2.0782341499999997 10 55.0
7 2.549105499999999 8 55.0
8 3.506008499999999 3 54.0
9 0.0 20 52.0
10 1.2041564999999996 16 51.0
11 2.3718454999999996 9 48.0
12 1.9707924999999995 13 47.0
13 0.9812598500000003 18 45.0
14 1.0404689999999996 17 41.0
15 3.573130499999999 2 38.0
16 2.0037851499999997 11 38.0
17 1.9738994999999997 12 38.0
18 1.3007899999999997 15 37.0
19 0.47048049999999986 19 33.0
20 1.4957976499999996 14 26.0
1 5.5890689999999985 1 93.0
2 3.137158999999999 5 80.0
3 2.9873528499999993 6 78.0
4 3.162831499999999 4 77.0
5 2.6116128499999993 7 58.0
6 2.0782341499999997 10 55.0
7 2.549105499999999 8 55.0
8 3.506008499999999 3 54.0
9 0.0 20 52.0
10 1.2041564999999996 16 51.0
11 2.3718454999999996 9 48.0
12 1.9707924999999995 13 47.0
13 0.9812598500000003 18 45.0
14 1.0404689999999996 17 41.0
15 3.573130499999999 2 38.0
16 2.0037851499999997 11 38.0
17 1.9738994999999997 12 38.0
18 1.3007899999999997 15 37.0
19 0.47048049999999986 19 33.0
20 1.4957976499999996 14 26.0
1 5.5890689999999985 1 93.0
2 3.137158999999999 5 80.0
3 2.9873528499999993 6 78.0
4 3.162831499999999 4 77.0
5 2.6116128499999993 7 58.0
6 2.0782341499999997 10 55.0
7 2.549105499999999 8 55.0
8 3.506008499999999 3 54.0
9 0.0 20 52.0
10 1.2041564999999996 16 51.0
11 2.3718454999999996 9 48.0
12 1.9707924999999995 13 47.0
13 0.9812598500000003 18 45.0
14 1.0404689999999996 17 41.0
15 3.573130499999999 2 38.0
16 2.0037851499999997 11 38.0
17 1.9738994999999997 12 38.0
18 1.3007899999999997 15 37.0
19 0.47048049999999986 19 33.0
20 1.4957976499999996 14 26.0
