1 2.4843905 2 93.0
2 1.8386114999999996 4 80.0
3 0.37987349999999964 19 78.0
4 2.4333329999999997 3 77.0
5 1.7788164999999996 7 58.0
6 1.7820309999999995 6 55.0
7 0.8000259999999999 16 55.0
8 0.8014514999999995 15 54.0
9 1.0015770999999996 14 52.0
10 2.5391819999999994 1 51.0
11 1.2357184999999995 12 48.0
12 0.39168049999999965 18 47.0
13 0.0 20 45.0
14 1.5334084999999997 9 41.0
15 1.6405899999999995 8 38.0
16 1.3371749999999998 10 38.0
17 1.7923809999999998 5 38.0
18 0.6048979999999998 17 37.0
19 1.2365238999999997 11 33.0
20 1.1463019999999995 13 26.0
1 2.4843905 2 93.0
2 1.8386114999999996 4 80.0
3 0.37987349999999964 19 78.0
4 2.4333329999999997 3 77.0
5 1.7788164999999996 7 58.0
6 1.7820309999999995 6 55.0
7 0.8000259999999999 16 55.0
8 0.8014514999999995 15 54.0
9 1.0015770999999996 14 52.0
10 2.5391819999999994 1 51.0
11 1.2357184999999995 12 48.0
12 0.39168049999999965 18 47.0
13 0.0 20 45.0
14 1.5334084999999997 9 41.0
15 1.6405899999999995 8 38.0
16 1.3371749999999998 10 38.0
17 1.7923809999999998 5 38.0
18 0.6048979999999998 17 37.0
19 1.2365238999999997 11 33.0
20 1.1463019999999995 13 26.0
1 2.4843905 2 93.0
2 1.8386114999999996 4 80.0
3 0.37987349999999964 19 78.0
4 2.4333329999999997 3 77.0
5 1.7788164999999996 7 58.0
6 1.7820309999999995 6 55.0
7 0.8000259999999999 16 55.0
8 0.8014514999999995 15 54.0
9 1.0015770999999996 14 52.0
10 2.5391819999999994 1 51.0
11 1.2357184999999995 12 48.0
12 0.39168049999999965 18 47.0
13 0.0 20 45.0
14 1.5334084999999997 9 41.0
15 1.6405899999999995 8 38.0
16 1.3371749999999998 10 38.0
17 1.7923809999999998 5 38.0
18 0.6048979999999998 17 37.0
19 1.2365238999999997 11 33.0
20 1.1463019999999995 13 26.0
1 2.4843905 2 93.0
2 1.8386114999999996 4 80.0
3 0.37987349999999964 19 78.0
4 2.4333329999999997 3 77.0
5 1.7788164999999996 7 58.0
6 1.7820309999999995 6 55.0
7 0.8000259999999999 16 55.0
8 0.8014514999999995 15 54.0
9 1.0015770999999996 14 52.0
10 2.5391819999999994 1 51.0
11 1.2357184999999995 12 48.0
12 0.39168049999999965 18 47.0
13 0.0 20 45.0
14 1.5334084999999997 9 41.0
15 1.6405899999999995 8 38.0
16 1.3371749999999998 10 38.0
17 1.7923809999999998 5 38.0
18 0.6048979999999998 17 37.0
19 1.2365238999999997 11 33.0
20 1.1463019999999995 13 26.0
