1 5.951541 1 93.0
2 2.8219794 7 80.0
3 3.594664 3 78.0
4 4.16714 2 77.0
5 2.528621 8 58.0
6 2.364074 9 55.0
7 3.20698227 6 55.0
8 3.231719 5 54.0
9 0.53923308 19 52.0
10 1.899442 12 51.0
11 1.7196316 13 48.0
12 2.276934325 10 47.0
13 0.0 20 45.0
14 0.8791352500000003 17 41.0
15 3.311763 4 38.0
16 2.215105 11 38.0
17 1.2797814 14 38.0
18 1.0274875 16 37.0
19 0.5721441750000007 18 33.0
20 1.0527119999999999 15 26.0
1 5.951541 1 93.0
2 2.8219794 7 80.0
3 3.594664 3 78.0
4 4.16714 2 77.0
5 2.528621 8 58.0
6 2.364074 9 55.0
7 3.20698227 6 55.0
8 3.231719 5 54.0
9 0.53923308 19 52.0
10 1.899442 12 51.0
11 1.7196316 13 48.0
12 2.276934325 10 47.0
13 0.0 20 45.0
14 0.8791352500000003 17 41.0
15 3.311763 4 38.0
16 2.215105 11 38.0
17 1.2797814 14 38.0
18 1.0274875 16 37.0
19 0.5721441750000007 18 33.0
20 1.0527119999999999 15 26.0
1 5.951541 1 93.0
2 2.8219794 7 80.0
3 3.594664 3 78.0
4 4.16714 2 77.0
5 2.528621 8 58.0
6 2.364074 9 55.0
7 3.20698227 6 55.0
8 3.231719 5 54.0
9 0.53923308 19 52.0
10 1.899442 12 51.0
11 1.7196316 13 48.0
12 2.276934325 10 47.0
13 0.0 20 45.0
14 0.8791352500000003 17 41.0
15 3.311763 4 38.0
16 2.215105 11 38.0
17 1.2797814 14 38.0
18 1.0274875 16 37.0
19 0.5721441750000007 18 33.0
20 1.0527119999999999 15 26.0
1 5.951541 1 93.0
2 2.8219794 7 80.0
3 3.594664 3 78.0
4 4.16714 2 77.0
5 2.528621 8 58.0
6 2.364074 9 55.0
7 3.20698227 6 55.0
8 3.231719 5 54.0
9 0.53923308 19 52.0
10 1.899442 12 51.0
11 1.7196316 13 48.0
12 2.276934325 10 47.0
13 0.0 20 45.0
14 0.8791352500000003 17 41.0
15 3.311763 4 38.0
16 2.215105 11 38.0
17 1.2797814 14 38.0
18 1.0274875 16 37.0
19 0.5721441750000007 18 33.0
20 1.0527119999999999 15 26.0
