1 6.52819548575583 3 93.0
2 6.399390058234108 4 80.0
3 4.347229151838819 14 78.0
4 8.227132799349517 1 77.0
5 6.3810713344150365 5 58.0
6 5.682593285667695 9 55.0
7 4.772716446886769 11 55.0
8 4.466354641070975 12 54.0
9 5.734332799347256 7 52.0
10 4.388636330400798 13 51.0
11 3.2451387199796073 18 48.0
12 6.688838719982238 2 47.0
13 2.064251334372627 19 45.0
14 3.3007164468130283 17 41.0
15 5.940572799359856 6 38.0
16 4.781576112025945 10 38.0
17 4.059863669540049 16 38.0
18 0.0 20 37.0
19 4.161268890627862 15 33.0
20 5.728151334363336 8 26.0
1 6.782678962728577 3 93.0
2 3.9549482333849344 14 80.0
3 3.1151894813606202 15 78.0
4 8.773091280391004 2 77.0
5 6.156070486221534 5 58.0
6 10.61415341977456 1 55.0
7 4.858162285244654 9 55.0
8 5.188200000001715 7 54.0
9 0.0 20 52.0
10 4.96366379255049 8 51.0
11 2.2529851215556693 18 48.0
12 6.269391280395689 4 47.0
13 2.750358606159266 16 45.0
14 4.592377385739419 10 41.0
15 5.591253419776679 6 38.0
16 4.178097385738268 12 38.0
17 4.256791280389591 11 38.0
18 2.609800000002233 17 37.0
19 1.0646000000091274 19 33.0
20 4.155106385743237 13 26.0
1 11.01258580360519 1 93.0
2 9.508866523498979 3 80.0
3 4.604400000003714 15 78.0
4 4.386940000015915 17 77.0
5 8.849778713820633 5 58.0
6 7.937984473850945 7 55.0
7 7.394264916840973 9 55.0
8 4.504779999924934 16 54.0
9 9.599285803425392 2 52.0
10 8.993505803463975 4 51.0
11 4.779260775765637 14 48.0
12 7.7739460250840065 8 47.0
13 3.665875526412269 18 45.0
14 0.41428000001910625 19 41.0
15 7.963125360150556 6 38.0
16 0.0 20 38.0
17 5.893684473559196 13 38.0
18 6.441409903717644 12 37.0
19 7.111981274515417 11 33.0
20 7.3297755263655775 10 26.0
1 2.97123037359676 7 93.0
2 3.6722489279588393 5 80.0
3 2.9414094438555494 8 78.0
4 1.0130987036715526 18 77.0
5 1.4424904110958698 16 58.0
6 4.937210311969693 3 55.0
7 2.0127442991099276 10 55.0
8 3.7501717641332135 4 54.0
9 1.5579303735967558 12 52.0
10 6.134423094619452 1 51.0
11 1.5104577275723767 14 48.0
12 5.378573094619529 2 47.0
13 0.0 20 45.0
14 0.8846410825139617 19 41.0
15 3.017396324829666 6 38.0
16 2.434893162414476 9 38.0
17 1.895780389294357 11 38.0
18 1.3460230946199159 17 37.0
19 1.5235906039942912 13 33.0
20 1.4955533277655777 15 26.0
