1 4.922350983355477 2 84.0
2 2.264537486672688 9 63.0
3 3.6234757638436585 5 55.0
4 5.2485480727412295 1 54.0
5 3.143376829623925 6 54.0
6 4.610345294107059 3 53.0
7 0.0 18 51.0
8 0.975910000000042 14 49.0
9 3.0002209187458933 7 47.0
10 1.9830644242337758 10 43.0
11 0.711199528048372 15 42.0
12 1.098913337628209 13 41.0
13 1.4159530846239798 12 39.0
14 0.27592000000004147 17 36.0
15 0.42825733984336756 16 36.0
16 1.8315286025151536 11 33.0
17 3.6798029996910624 4 31.0
18 2.5282709187459083 8 22.0
1 6.037830215123424 2 84.0
2 2.4425800809921054 12 63.0
3 3.5110008287214365 5 55.0
4 6.27468629770785 1 54.0
5 4.581688415966942 3 54.0
6 3.396858256415636 6 53.0
7 0.0 18 51.0
8 1.999802037106239 13 49.0
9 2.6144768661414077 10 47.0
10 1.7910742040559615 14 43.0
11 2.5653598661414097 11 42.0
12 3.5187058173904537 4 41.0
13 0.8245371323986657 17 39.0
14 1.0923269504075512 16 36.0
15 3.2122814500624837 7 36.0
16 2.671999666962817 9 33.0
17 2.72790420405596 8 31.0
18 1.108700333037182 15 22.0
1 5.063374225072859 1 84.0
2 2.4268756051688665 7 63.0
3 4.263214083615473 4 55.0
4 4.874193658912091 2 54.0
5 2.588426103985932 6 54.0
6 4.293226608828554 3 53.0
7 0.5317668075506323 17 51.0
8 2.92087671725273 5 49.0
9 0.9914047531698345 15 47.0
10 0.5477261517370808 16 43.0
11 2.2752166618154064 9 42.0
12 2.3585500687841794 8 41.0
13 1.5041719972040184 13 39.0
14 1.0382765002233778 14 36.0
15 0.0 18 36.0
16 1.97096166875954 11 33.0
17 1.7521063700710635 12 31.0
18 2.2564893128811025 10 22.0
1 6.805063970539616 1 84.0
2 2.936829664466727 11 63.0
3 3.7773584799230275 6 55.0
4 6.2287240213579675 2 54.0
5 3.315062938492249 9 54.0
6 4.5763639705151995 3 53.0
7 4.382605104224158 4 51.0
8 2.9621928469801984 10 49.0
9 3.6167306710697393 7 47.0
10 1.5183768429130249 15 43.0
11 2.563824733094203 13 42.0
12 3.978800671078917 5 41.0
13 0.3869360294990747 17 39.0
14 2.4348728469790615 14 36.0
15 3.5040151042274923 8 36.0
16 0.0 18 33.0
17 2.5682749110324785 12 31.0
18 0.6952895373671399 16 22.0
