1 3.0725805555555556 1 84.0
2 0.6487044444444443 14 63.0
3 1.927723888888889 5 55.0
4 1.9424111111111113 4 54.0
5 2.2329350000000003 3 54.0
6 2.4389199999999995 2 53.0
7 0.055734999999999646 17 51.0
8 1.0493888888888887 9 49.0
9 0.6625483333333334 13 47.0
10 0.335156111111111 16 43.0
11 1.49692 7 42.0
12 1.3590372222222222 8 41.0
13 0.9795116666666667 10 39.0
14 0.8424866666666666 12 36.0
15 1.6690566666666666 6 36.0
16 0.0 18 33.0
17 0.9068538888888888 11 31.0
18 0.3711705555555552 15 22.0
1 3.0725805555555556 1 84.0
2 0.6487044444444443 14 63.0
3 1.927723888888889 5 55.0
4 1.9424111111111113 4 54.0
5 2.2329350000000003 3 54.0
6 2.4389199999999995 2 53.0
7 0.055734999999999646 17 51.0
8 1.0493888888888887 9 49.0
9 0.6625483333333334 13 47.0
10 0.335156111111111 16 43.0
11 1.49692 7 42.0
12 1.3590372222222222 8 41.0
13 0.9795116666666667 10 39.0
14 0.8424866666666666 12 36.0
15 1.6690566666666666 6 36.0
16 0.0 18 33.0
17 0.9068538888888888 11 31.0
18 0.3711705555555552 15 22.0
1 3.0725805555555556 1 84.0
2 0.6487044444444443 14 63.0
3 1.927723888888889 5 55.0
4 1.9424111111111113 4 54.0
5 2.2329350000000003 3 54.0
6 2.4389199999999995 2 53.0
7 0.055734999999999646 17 51.0
8 1.0493888888888887 9 49.0
9 0.6625483333333334 13 47.0
10 0.335156111111111 16 43.0
11 1.49692 7 42.0
12 1.3590372222222222 8 41.0
13 0.9795116666666667 10 39.0
14 0.8424866666666666 12 36.0
15 1.6690566666666666 6 36.0
16 0.0 18 33.0
17 0.9068538888888888 11 31.0
18 0.3711705555555552 15 22.0
1 3.0725805555555556 1 84.0
2 0.6487044444444443 14 63.0
3 1.927723888888889 5 55.0
4 1.9424111111111113 4 54.0
5 2.2329350000000003 3 54.0
6 2.4389199999999995 2 53.0
7 0.055734999999999646 17 51.0
8 1.0493888888888887 9 49.0
9 0.6625483333333334 13 47.0
10 0.335156111111111 16 43.0
11 1.49692 7 42.0
12 1.3590372222222222 8 41.0
13 0.9795116666666667 10 39.0
14 0.8424866666666666 12 36.0
15 1.6690566666666666 6 36.0
16 0.0 18 33.0
17 0.9068538888888888 11 31.0
18 0.3711705555555552 15 22.0
