1 6.478587913423041 1 84.0
2 0.5204516862071071 16 63.0
3 3.447327050797372 8 55.0
4 4.332659945907919 4 54.0
5 4.002974968448224 6 54.0
6 5.520780211605194 3 53.0
7 1.6087509395887556 14 51.0
8 5.668382954015691 2 49.0
9 4.087450939590998 5 47.0
10 0.9062077409155949 15 43.0
11 2.245329972953896 13 42.0
12 2.9917509395989965 10 41.0
13 3.2019409395904463 9 39.0
14 0.0 18 36.0
15 0.35183337242827406 17 36.0
16 2.284127568390081 12 33.0
17 3.4965819513086682 7 31.0
18 2.5435509395904465 11 22.0
1 7.296901250004679 2 84.0
2 0.7167767763234538 16 63.0
3 3.9977000000056804 6 55.0
4 7.371340986842201 1 54.0
5 5.710160000000064 5 54.0
6 6.714269407900165 3 53.0
7 3.126415723686029 9 51.0
8 5.830300000005442 4 49.0
9 3.5938767763198602 7 47.0
10 2.879320855269392 11 43.0
11 0.0 18 42.0
12 3.172330000004435 8 41.0
13 0.3614115131590272 17 39.0
14 1.7079758552693924 14 36.0
15 2.116926250017472 12 36.0
16 1.7529087500017926 13 33.0
17 3.0400230921090334 10 31.0
18 1.2825937500071882 15 22.0
1 9.211884970853347 1 84.0
2 3.646492400142861 10 63.0
3 5.65259247580075 4 55.0
4 2.1844478500511464 17 54.0
5 6.800907970606371 3 54.0
6 7.669196114787637 2 53.0
7 2.792544254074352 14 51.0
8 3.4550311790778623 11 49.0
9 0.0 18 47.0
10 2.8452079706064897 13 43.0
11 4.263674387549398 6 42.0
12 2.2172999999999483 16 41.0
13 2.6218477294958493 15 39.0
14 3.847203094406979 8 36.0
15 3.6585034684192803 9 36.0
16 4.564088685498084 5 33.0
17 2.995307850051133 12 31.0
18 4.157807058540307 7 22.0
1 4.112308004536324 4 84.0
2 1.47757691610442 15 63.0
3 3.4995769160999113 8 55.0
4 6.047468458050665 2 54.0
5 3.42368507936475 9 54.0
6 1.1506850793660086 17 53.0
7 1.648353333334036 13 51.0
8 1.8687374603173994 12 49.0
9 5.068888458050573 3 47.0
10 1.4919333333344245 14 43.0
11 3.8770151247175884 6 42.0
12 7.286188458050663 1 41.0
13 2.1394783219964526 11 39.0
14 1.435776553288508 16 36.0
15 0.0 18 36.0
16 3.6102769160999117 7 33.0
17 2.860415124716261 10 31.0
18 3.8777617913839473 5 22.0
