1 7.427347544169026 1 84.0
2 0.0 18 63.0
3 3.989991285414898 6 55.0
4 6.171582172554876 2 54.0
5 5.335953693408577 3 54.0
6 4.761048756027102 4 53.0
7 2.3740726403042203 11 51.0
8 2.53741700619772 8 49.0
9 4.170700000004183 5 47.0
10 3.0423694147752696 7 43.0
11 2.444425205315352 9 42.0
12 1.9913026584698663 14 41.0
13 2.3933928242402533 10 39.0
14 1.0925472904951146 16 36.0
15 2.2292219225079046 12 36.0
16 2.0378663195445528 13 33.0
17 0.17397510130411176 17 31.0
18 1.6023672251689547 15 22.0
1 5.529669413236935 1 84.0
2 0.9428920207159068 15 63.0
3 2.861085283562576 4 55.0
4 2.367986971738859 7 54.0
5 3.83833093543232 2 54.0
6 3.21510358981714 3 53.0
7 1.5646694132369339 11 51.0
8 2.554695035834162 6 49.0
9 2.0595526666431554 9 47.0
10 0.0 18 43.0
11 1.2922924576277044 12 42.0
12 2.804888669626693 5 41.0
13 2.069817124034671 8 39.0
14 1.152016864129502 13 36.0
15 0.15995889450067136 17 36.0
16 1.099733028261141 14 33.0
17 0.48898866962669296 16 31.0
18 2.0069428476336535 10 22.0
1 9.85339805623008 1 84.0
2 2.957855810403484 16 63.0
3 5.660309369248537 7 55.0
4 6.972700000000099 3 54.0
5 6.006410921228502 5 54.0
6 8.527515121654318 2 53.0
7 5.064589846350885 9 51.0
8 4.02987274262459 11 49.0
9 5.973007560827143 6 47.0
10 2.1544130214414183 17 43.0
11 5.2719825498793025 8 42.0
12 3.4301862921973614 14 41.0
13 3.675198056230065 12 39.0
14 0.0 18 36.0
15 4.127599999999999 10 36.0
16 3.6734536414514922 13 33.0
17 6.414300243466766 4 31.0
18 3.0031180301418994 15 22.0
1 5.019180845810698 1 84.0
2 0.06959235027321808 17 63.0
3 2.2776134361650318 7 55.0
4 4.94228241718964 2 54.0
5 4.004288995095522 4 54.0
6 4.313710624731579 3 53.0
7 0.8813678211656837 14 51.0
8 1.7794791045106537 11 49.0
9 2.730761028353818 5 47.0
10 0.24919308752610414 15 43.0
11 2.1015340758148557 8 42.0
12 2.0326841624622833 9 41.0
13 1.407709039245359 13 39.0
14 0.0 18 36.0
15 0.17837261487167555 16 36.0
16 2.6980678211656843 6 33.0
17 1.8682216348213534 10 31.0
18 1.4556748598503872 12 22.0
