1 2.6108899999875432 15 95.0
2 10.938259865459543 1 91.0
3 5.782959865403103 6 77.0
4 4.321399999915245 8 72.0
5 6.124999109683979 5 72.0
6 6.277883209096011 4 64.0
7 6.610221739116984 2 60.0
8 5.578299554875552 7 57.0
9 6.357106159415051 3 54.0
10 2.6385099999886616 14 54.0
11 4.303381159404071 9 43.0
12 3.060569999982087 11 41.0
13 1.1022405797136385 18 40.0
14 2.9056000000038695 12 40.0
15 2.604101107651088 16 39.0
16 2.882080859211333 13 39.0
17 3.6058804865185135 10 38.0
18 0.9197832090971003 19 35.0
19 1.1849217287608012 17 25.0
20 0.0 20 21.0
1 1.571616064663628 11 95.0
2 7.391726081536988 1 91.0
3 3.877799645454855 3 77.0
4 4.8786411897412405 2 72.0
5 3.7782646247656664 4 72.0
6 3.267493124704522 6 64.0
7 2.869878103958247 7 60.0
8 2.614159981931614 8 57.0
9 3.4609197295761818 5 54.0
10 1.1944999999935626 12 54.0
11 0.784765594872245 15 43.0
12 1.0888854652767743 14 41.0
13 1.1574355948722443 13 40.0
14 1.6915096875167221 10 40.0
15 2.109649855754122 9 39.0
16 0.7646646247696804 16 39.0
17 0.45087859914708317 18 38.0
18 0.27382608153459875 19 35.0
19 0.0 20 25.0
20 0.4772116119569083 17 21.0
1 5.6266999999997145 5 95.0
2 7.419097884209682 3 91.0
3 4.418035768420717 7 77.0
4 7.576254550876733 2 72.0
5 2.813302115789286 18 72.0
6 7.638136826316242 1 64.0
7 6.693587884210045 4 60.0
8 4.1391768263165165 8 57.0
9 5.363121826316021 6 54.0
10 3.8181218263154735 10 54.0
11 3.5043042315781956 14 43.0
12 4.093421217543275 9 41.0
13 3.1111768263153743 16 40.0
14 2.7691357684213758 19 40.0
15 3.372687884211631 15 39.0
16 3.717121826315473 12 39.0
17 3.6974975947370403 13 38.0
18 3.0626557684185136 17 35.0
19 3.7629212175436932 11 25.0
20 0.0 20 21.0
1 7.08859999999978 4 95.0
2 11.125694275754103 2 91.0
3 11.281741121167236 1 77.0
4 3.853249262729995 16 72.0
5 7.093832979603789 3 72.0
6 6.767560881106631 6 64.0
7 6.118221848059426 9 60.0
8 6.574749262730165 8 57.0
9 6.714159408257885 7 54.0
10 4.360271594340045 15 54.0
11 5.19015740429209 10 43.0
12 4.609601387006637 14 41.0
13 5.069863541894255 11 40.0
14 4.943596458106594 12 40.0
15 6.850394275753035 5 39.0
16 4.790018426115813 13 39.0
17 2.4952803976307236 19 38.0
18 0.0 20 35.0
19 3.420862882280017 18 25.0
20 3.5719628150105844 17 21.0
