1 1.6556902999999998 11 95.0
2 4.671727299999999 1 91.0
3 2.8180702999999996 3 77.0
4 2.1327563999999994 8 72.0
5 2.2669986499999997 6 72.0
6 2.5447123499999993 4 64.0
7 3.4376507499999995 2 60.0
8 2.1933907999999995 7 57.0
9 2.0641764949999994 9 54.0
10 1.4281590999999996 13 54.0
11 1.5347462549999997 12 43.0
12 2.2954902999999995 5 41.0
13 1.8071491999999996 10 40.0
14 0.9054242999999998 15 40.0
15 0.8699908000000001 17 39.0
16 0.12424229999999992 19 39.0
17 0.8769962999999996 16 38.0
18 0.7295847999999998 18 35.0
19 0.0 20 25.0
20 0.9228692999999997 14 21.0
1 1.6556902999999998 11 95.0
2 4.671727299999999 1 91.0
3 2.8180702999999996 3 77.0
4 2.1327563999999994 8 72.0
5 2.2669986499999997 6 72.0
6 2.5447123499999993 4 64.0
7 3.4376507499999995 2 60.0
8 2.1933907999999995 7 57.0
9 2.0641764949999994 9 54.0
10 1.4281590999999996 13 54.0
11 1.5347462549999997 12 43.0
12 2.2954902999999995 5 41.0
13 1.8071491999999996 10 40.0
14 0.9054242999999998 15 40.0
15 0.8699908000000001 17 39.0
16 0.12424229999999992 19 39.0
17 0.8769962999999996 16 38.0
18 0.7295847999999998 18 35.0
19 0.0 20 25.0
20 0.9228692999999997 14 21.0
1 1.6556902999999998 11 95.0
2 4.671727299999999 1 91.0
3 2.8180702999999996 3 77.0
4 2.1327563999999994 8 72.0
5 2.2669986499999997 6 72.0
6 2.5447123499999993 4 64.0
7 3.4376507499999995 2 60.0
8 2.1933907999999995 7 57.0
9 2.0641764949999994 9 54.0
10 1.4281590999999996 13 54.0
11 1.5347462549999997 12 43.0
12 2.2954902999999995 5 41.0
13 1.8071491999999996 10 40.0
14 0.9054242999999998 15 40.0
15 0.8699908000000001 17 39.0
16 0.12424229999999992 19 39.0
17 0.8769962999999996 16 38.0
18 0.7295847999999998 18 35.0
19 0.0 20 25.0
20 0.9228692999999997 14 21.0
1 1.6556902999999998 11 95.0
2 4.671727299999999 1 91.0
3 2.8180702999999996 3 77.0
4 2.1327563999999994 8 72.0
5 2.2669986499999997 6 72.0
6 2.5447123499999993 4 64.0
7 3.4376507499999995 2 60.0
8 2.1933907999999995 7 57.0
9 2.0641764949999994 9 54.0
10 1.4281590999999996 13 54.0
11 1.5347462549999997 12 43.0
12 2.2954902999999995 5 41.0
13 1.8071491999999996 10 40.0
14 0.9054242999999998 15 40.0
15 0.8699908000000001 17 39.0
16 0.12424229999999992 19 39.0
17 0.8769962999999996 16 38.0
18 0.7295847999999998 18 35.0
19 0.0 20 25.0
20 0.9228692999999997 14 21.0
