1 2.501893902275665 10 95.0
2 5.338069998363605 2 91.0
3 4.404141841616578 4 77.0
4 6.485932415332016 1 72.0
5 3.517919695378403 5 72.0
6 1.2777750450636298 17 64.0
7 1.2394210071126117 18 60.0
8 1.9284481449126232 13 57.0
9 3.052741841616574 7 54.0
10 1.4611296485676286 16 54.0
11 2.7576688379110883 9 43.0
12 1.5818274272455408 15 41.0
13 2.977463496763564 8 40.0
14 5.011056055355208 3 40.0
15 3.4924493490242607 6 39.0
16 1.8429388238827324 14 39.0
17 0.6734135488631217 19 38.0
18 2.282169483178086 12 35.0
19 2.311616807858049 11 25.0
20 0.0 20 21.0
1 3.5471761080149498 6 95.0
2 7.798899529212369 1 91.0
3 4.310089512009064 3 77.0
4 4.1641441187580135 4 72.0
5 5.346128828637498 2 72.0
6 1.0855549599783745 18 64.0
7 1.2677667913086819 15 60.0
8 1.8310671921643906 12 57.0
9 3.344523667383515 8 54.0
10 1.2486252731754262 16 54.0
11 3.3660829933689955 7 43.0
12 1.518150895882746 14 41.0
13 3.815158128062629 5 40.0
14 1.59249551080925 13 40.0
15 0.0 20 39.0
16 1.9390569446258712 11 39.0
17 1.9478995292123682 10 38.0
18 1.242450447980058 17 35.0
19 2.1741556365450028 9 25.0
20 0.30282365254927823 19 21.0
1 1.474388227581271 15 95.0
2 3.0129131802813887 6 91.0
3 3.7754883793802154 2 77.0
4 4.686454019918453 1 72.0
5 1.4775625491224922 14 72.0
6 1.875598363249914 10 64.0
7 2.523845237422873 7 60.0
8 3.0240436056794 5 57.0
9 2.464644105075072 8 54.0
10 3.0698767739284087 4 54.0
11 1.6137404156934574 12 43.0
12 0.6415983724650496 18 41.0
13 0.73591952483203 17 40.0
14 1.8773903534266123 9 40.0
15 0.0 20 39.0
16 1.6583844748094299 11 39.0
17 1.613289068628975 13 38.0
18 3.0926910782297465 3 35.0
19 1.3717952753974303 16 25.0
20 0.22284645752000531 19 21.0
1 5.9802624395218285 4 95.0
2 6.585150952500291 2 91.0
3 6.396390417665003 3 77.0
4 4.444729882669918 9 72.0
5 3.2014879637411453 14 72.0
6 4.153066307365141 10 64.0
7 3.703262974109526 12 60.0
8 6.649166307797147 1 57.0
9 4.749135479697991 7 54.0
10 4.619695289592745 8 54.0
11 4.917684666603917 6 43.0
12 2.495990417426259 16 41.0
13 5.050018183135121 5 40.0
14 4.1064798828602695 11 40.0
15 2.370839450288191 17 39.0
16 3.2624952894108916 13 39.0
17 0.0 20 38.0
18 2.101861084227876 18 35.0
19 3.175541077273752 15 25.0
20 1.0718298839221445 19 21.0
