1 5.877474607619437 7 93.0
2 3.4333915908749226 15 79.0
3 7.319766320591796 3 76.0
4 4.678532729787997 12 73.0
5 5.4911118656102245 8 61.0
6 7.15482632063954 4 60.0
7 5.348591590885409 9 58.0
8 1.96478201529969 19 55.0
9 8.202128931252133 1 51.0
10 2.434600000010268 18 51.0
11 7.147912310931261 5 49.0
12 0.0 20 49.0
13 5.163883106929499 10 49.0
14 4.189235126579819 14 47.0
15 2.721621606211492 17 46.0
16 5.984228931466661 6 43.0
17 5.095088134324904 11 43.0
18 4.475411801503294 13 29.0
19 7.5791537187887394 2 22.0
20 2.9797142827866594 16 20.0
1 3.7899904715300337 9 93.0
2 5.311601513293139 2 79.0
3 2.258725250751237 12 76.0
4 2.430584344285132 11 73.0
5 4.206659790725635 8 61.0
6 4.529839498430075 5 60.0
7 2.893477483521754 10 58.0
8 0.29807814492110385 19 55.0
9 4.788684723078743 4 51.0
10 4.498403559790943 6 51.0
11 4.932932011801671 3 49.0
12 1.6899289748403714 16 49.0
13 2.2385679882320177 13 49.0
14 0.3808810842603667 18 47.0
15 0.0 20 46.0
16 4.400639713809286 7 43.0
17 1.7453015132822611 15 43.0
18 2.0085439775320815 14 29.0
19 5.602459790695899 1 22.0
20 1.4148640235528904 17 20.0
1 6.598730154066606 3 93.0
2 3.2954544540962307 14 79.0
3 5.824819439834702 5 76.0
4 2.777175885636443 17 73.0
5 4.058619439862853 12 61.0
6 6.7066612867378925 2 60.0
7 5.683107147002442 6 58.0
8 4.222174286753695 11 55.0
9 5.858520218105489 4 51.0
10 4.843726174937496 8 51.0
11 4.420720915447552 10 49.0
12 3.148233289060924 15 49.0
13 4.687045545980104 9 49.0
14 2.5095604622517236 18 47.0
15 1.7390172209390107 19 46.0
16 5.5124599663893115 7 43.0
17 0.0 20 43.0
18 6.7429742867561195 1 29.0
19 3.7054301540836483 13 22.0
20 2.800395255006866 16 20.0
1 9.083214334949252 2 93.0
2 5.528400000001579 14 79.0
3 8.045544219978133 6 76.0
4 5.111592889980065 16 73.0
5 7.306989334942172 9 61.0
6 11.351500000001565 1 60.0
7 6.336580700334642 12 58.0
8 0.0 20 55.0
9 8.939844007737753 3 51.0
10 4.574200000013484 18 51.0
11 7.805480700358951 7 49.0
12 5.81153433490164 13 49.0
13 7.577013873173728 8 49.0
14 4.680334449504898 17 47.0
15 3.361979046664057 19 46.0
16 8.705874161429524 4 43.0
17 6.772552889980064 10 43.0
18 8.567834334894568 5 29.0
19 6.7721000000018154 11 22.0
20 5.281484334942169 15 20.0
