1 3.318990227127308 11 93.0
2 2.546301583356329 17 79.0
3 4.608771085899766 1 76.0
4 3.846068630485348 8 73.0
5 3.673580227127307 9 61.0
6 4.363753751798184 4 60.0
7 3.9391179923570587 7 58.0
8 4.259844705194263 5 55.0
9 4.5761904653727274 2 51.0
10 3.0938654398243735 13 51.0
11 2.9376712032207677 15 49.0
12 3.1659999999999995 12 49.0
13 2.5685107328989343 16 49.0
14 2.995662613948805 14 47.0
15 3.4340775035963675 10 46.0
16 1.5955809307454527 19 43.0
17 4.237514752198513 6 43.0
18 4.396098741510046 3 29.0
19 0.0 20 22.0
20 2.449629163456548 18 20.0
1 5.6370136809020694 6 93.0
2 3.07208860664323 18 79.0
3 6.826034279903865 4 76.0
4 4.663200000000136 10 73.0
5 5.901454279903854 5 61.0
6 3.7806378357061856 14 60.0
7 7.601724961483927 2 58.0
8 4.6375039804030616 12 55.0
9 6.957424961483928 3 51.0
10 4.22587430332159 13 51.0
11 5.024166657422671 8 49.0
12 1.6190999999999658 19 49.0
13 3.5429011172733427 16 49.0
14 5.338324961484023 7 47.0
15 0.0 20 46.0
16 3.605224961483559 15 43.0
17 10.500434279903862 1 43.0
18 4.787904579404664 9 29.0
19 4.651519458310231 11 22.0
20 3.109677175079118 17 20.0
1 4.914495483105274 5 93.0
2 5.2571616165028585 4 79.0
3 5.378119303155314 3 76.0
4 2.4351831232037995 14 73.0
5 4.2833168767994145 9 61.0
6 1.833716876821221 17 60.0
7 5.884099629016817 2 58.0
8 2.3161325024074975 15 55.0
9 6.109583123204299 1 51.0
10 4.434655576207834 8 51.0
11 4.264999628995529 10 49.0
12 0.0 20 49.0
13 0.21973234532881714 19 49.0
14 3.7059215699531123 12 47.0
15 4.146995532856098 11 46.0
16 1.9890476568123228 16 43.0
17 4.642775576214326 7 43.0
18 1.4394168767994198 18 29.0
19 3.244365532852817 13 22.0
20 4.862861616506325 6 20.0
1 4.1280661956497635 6 93.0
2 1.9144661956476077 15 79.0
3 4.537568260905254 4 76.0
4 0.0 20 73.0
5 3.5668736955858233 9 61.0
6 3.09503206521812 11 60.0
7 5.752732065213957 2 58.0
8 2.0198736956613006 14 55.0
9 4.364682173899541 5 51.0
10 4.872366195653524 3 51.0
11 6.296856086952211 1 49.0
12 2.4560736956613005 12 49.0
13 3.8556661956273954 8 49.0
14 0.7286018478413427 18 47.0
15 3.138610978263905 10 46.0
16 3.9266641304362198 7 43.0
17 0.5083299999828559 19 43.0
18 1.9060560869619516 16 29.0
19 2.3087661956497634 13 22.0
20 1.520166195654877 17 20.0
