1 7.857399999982059 4
2 8.084170000000627 2
3 7.8971999999960065 3
4 7.126036666672873 5
5 4.184303333305877 12
6 5.9705000000237405 6
7 9.58369999999098 1
8 4.918069999879129 10
9 0.0 20
10 2.9483700000245037 14
11 5.9486700000247605 7
12 4.886499999990974 11
13 1.539070000069453 17
14 5.143900000002019 8
15 2.1854999999882505 15
16 5.0794366666392055 9
17 0.05864299999645706 19
18 0.067370000024499 18
19 1.999403333339536 16
20 3.921169999991643 13
1 5.184476079807789 1
2 4.836194238089956 2
3 3.0157436281261845 5
4 2.9066347188278288 6
5 2.1529992313325645 10
6 2.2700220641765547 9
7 0.8978127866524312 12
8 3.210527007931895 4
9 0.338471156008481 14
10 0.30410634197229713 15
11 0.0 20
12 2.659930693675504 7
13 0.13360352581490154 18
14 0.14414967907997744 17
15 4.35773416857935 3
16 0.00879278231800229 19
17 1.5748520641765555 11
18 0.5603113428456765 13
19 0.2122053993178079 16
20 2.302892465882731 8
1 9.022804113658614 3
2 9.249574113658511 2
3 13.905674113658527 1
4 8.02638953769827 5
5 6.15941313191209 7
6 5.843940726360046 9
7 4.152110845855932 13
8 8.336292594659923 4
9 2.570883399350779 17
10 5.021617339061708 11
11 2.3441391541440364 19
12 5.818881515949489 10
13 0.0 20
14 4.299582696375182 12
15 6.315032492944839 6
16 6.05977989998658 8
17 3.7329041136585177 15
18 3.293761736334907 16
19 2.5357038654105066 18
20 3.810241905309835 14
1 4.339099999993883 7
2 3.6595928578839536 9
3 2.7334771421430943 16
4 6.8447289196971575 2
5 4.4756167909940965 5
6 3.450084284291476 11
7 3.5288331330575406 10
8 6.066412478834554 3
9 1.9365949557851796 18
10 3.208749684523464 12
11 1.8903740649678282 19
12 4.176982252191027 8
13 4.4639468888695575 6
14 2.072492796069491 17
15 9.476255585945163 1
16 0.0 20
17 2.773294064970003 15
18 5.331482252230682 4
19 2.8075468889081954 14
20 3.0439053338801507 13
1 8.19185256410376 1
2 1.5893029059836596 14
3 2.4598985470100105 10
4 6.166651709402677 3
5 2.9743827350429934 8
6 0.0 20
7 3.613200000002993 6
8 5.027773247864211 4
9 0.6503300769237339 18
10 0.9116177777785626 15
11 2.203966666667106 11
12 4.784923247861378 5
13 2.7299499999995294 9
14 1.6504166666674436 13
15 6.254383333333998 2
16 3.13872717948885 7
17 0.7089730769227565 17
18 2.0071258119654516 12
19 0.8992224786326115 16
20 0.14207675213595738 19
1 7.574149298343421 1
2 3.5206685116805665 4
3 3.3436192587505387 7
4 5.183025076378204 2
5 3.4159385543611367 6
6 2.201762847254052 13
7 3.2381468195778953 8
8 4.942157725016777 3
9 0.0 20
10 3.210418511680538 9
11 1.6985792540088684 17
12 2.5500958802942546 10
13 1.8367670171210295 15
14 1.388747279594884 18
15 3.4486185116807326 5
16 2.3345677708813106 11
17 0.7826179236275164 19
18 2.254313474966276 12
19 1.7483612284230097 16
20 1.8943960467464556 14
1 5.531029557030568 2
2 4.468568018580266 4
3 3.626348234912462 5
4 4.817795806590517 3
5 2.3170118141133327 10
6 2.255057103748109 12
7 3.5915450946990184 6
8 2.285029557030674 11
9 0.0 20
10 2.09084871556587 13
11 0.26533095952310637 19
12 1.4947089976178343 15
13 0.5140811468974609 18
14 1.9742219983301634 14
15 5.748461300913439 1
16 2.702536531879905 8
17 2.433032481329206 9
18 1.219747394961939 16
19 1.0529430014510526 17
20 3.2457869804868498 7
1 4.803696714078159 1
2 2.672734499440416 6
3 1.0625081390355766 13
4 2.5996911816926267 8
5 3.629344499440796 2
6 3.0749858992818457 4
7 0.5406751584999714 15
8 2.457947579250614 9
9 0.44706807691079287 17
10 2.6668267459788653 7
11 2.1818290920422645 10
12 2.7135022848053065 5
13 0.0 20
14 1.8228743029349364 12
15 0.440730528891631 18
16 3.0836412390545425 3
17 0.0765081987786993 19
18 1.9452659018387077 11
19 0.7036213079581806 14
20 0.46434449944073997 16
1 6.479429999998143 1
2 4.966656282050055 7
3 5.385187600732303 5
4 5.487215815016974 4
5 0.0 20
6 2.6891476007324946 14
7 5.747303315018163 2
8 0.5988299999998898 18
9 3.420220934065829 9
10 5.005996868132115 6
11 2.614890815016973 15
12 0.35598000000003216 19
13 2.015687600733097 16
14 2.9071283150233898 11
15 5.593787454212709 3
16 2.791503315019159 13
17 3.094533663002312 10
18 4.804554267399162 8
19 2.8454316849823504 12
20 1.9542300000004622 17
1 5.542073445794659 4
2 2.5975515856915448 14
3 7.330077744046362 1
4 4.1710684604112975 9
5 3.259700538263238 11
6 4.315945156390352 6
7 7.229387744046361 2
8 4.272822088462972 7
9 0.0 20
10 4.200641849616238 8
11 2.4348721489195437 16
12 2.5596201295341503 15
13 0.29692110899856106 19
14 2.7215797280531344 12
15 1.3614336526549464 18
16 3.8263779115370293 10
17 4.574339796831298 5
18 2.663671568686876 13
19 2.1883225991105144 17
20 6.267939796831298 3
1 7.9843636783465675 5
2 4.995806646122949 12
3 9.544928100423654 1
4 3.7708610090024894 15
5 6.898828100421126 6
6 3.330436321633243 18
7 5.477328100432979 9
8 8.392983391752505 3
9 3.6571394268121287 16
10 5.440500648986473 10
11 2.7886510089690217 19
12 8.06280519184444 4
13 5.056574999999994 11
14 4.117127356705688 13
15 9.236205191850043 2
16 6.87873423967598 7
17 3.7890026433478554 14
18 0.0 20
19 3.4001749999798085 17
20 6.423542283281937 8
1 12.697151431689047 1
2 9.147080669285364 4
3 3.78241999999999 18
4 5.940420000000035 13
5 10.51855673432258 2
6 6.788446957660834 11
7 9.511922799360923 3
8 7.568014604249739 7
9 4.234106521169508 16
10 6.820774959260749 9
11 6.4748073301315765 12
12 5.704446957660374 14
13 7.4340234788302615 8
14 5.433823478830081 15
15 8.300741802706444 6
16 6.81520354139311 10
17 8.695220669285684 5
18 4.131280064018554 17
19 0.0 20
20 3.284100000000216 19
1 11.723390297384281 1
2 6.0522000000004255 14
3 9.434389312366896 4
4 9.284652695068058 5
5 6.992716848758547 11
6 7.956649951508515 9
7 8.141178263960663 7
8 10.016990351584273 3
9 4.492901323283691 17
10 6.899352695063745 13
11 5.871004423670664 15
12 7.400291282385365 10
13 4.128591282395439 18
14 2.921999999999925 19
15 8.573691282397698 6
16 5.464265479511539 16
17 10.550230751664365 2
18 8.049471151743246 8
19 6.922540119272683 12
20 0.0 20
1 8.502632285725458 1
2 4.668482857136831 11
3 3.1431033333344263 16
4 6.986320285713405 4
5 3.9452828571460556 13
6 5.910027142854301 6
7 7.570128285713405 2
8 5.24067142856245 9
9 3.1604728571344136 15
10 1.0157000000016927 19
11 5.613000000005224 7
12 4.1677557142974 12
13 0.0 20
14 2.4068566666678826 17
15 5.345972857178799 8
16 5.977128571429764 5
17 5.2148571428591755 10
18 7.542956285725457 3
19 1.614496666667693 18
20 3.7333442856795056 14
1 5.43984223213069 4
2 5.664977405609175 3
3 10.321077403706695 1
4 7.105452252294905 2
5 3.3150531585963785 8
6 4.47204668734155 5
7 1.8935531593130335 17
8 4.332423702156424 7
9 2.123546696616728 16
10 4.401814465216409 6
11 2.615042232170186 12
12 2.231423098978005 15
13 0.7248345035384323 18
14 2.3864731014794947 14
15 0.6870466966284146 19
16 3.097569998216632 10
17 2.4033345027606803 13
18 2.8531618174522273 11
19 0.0 20
20 3.2841000004876526 9
1 8.419695162436547 1
2 1.8658024273620741 16
3 3.94155577426113 6
4 7.060509695897009 2
5 3.855710905945622 7
6 4.66681090596649 4
7 2.2196872838985175 11
8 6.007298470459075 3
9 1.2004881880605265 19
10 1.805399094027006 17
11 2.5363957606951057 9
12 1.9420839722621692 15
13 1.9918190949322785 13
14 0.0 20
15 2.2934457606955174 10
16 4.1932272450280035 5
17 1.5003024291698266 18
18 1.9484272839215167 14
19 2.2099423586460176 12
20 3.1939024291720433 8
1 6.488385989405619 2
2 2.5250378209731763 10
3 3.851713884958344 4
4 4.542653470102377 3
5 2.77792095079897 9
6 2.8902245041601073 7
7 2.938797804094097 6
8 3.44359340204688 5
9 0.541724504159907 18
10 1.3699453587717476 14
11 2.868394504159906 8
12 2.464049623391316 11
13 0.3925548747233152 19
14 1.2055623655952137 15
15 7.241253470102354 1
16 2.4431880079609862 12
17 1.153371723229788 16
18 0.9301548747231461 17
19 0.0 20
20 2.1972458428203696 13
1 7.618079323767754 1
2 6.007776505597359 3
3 5.708836421287929 4
4 7.04046464787659 2
5 4.133518871821918 6
6 3.6618985662110437 8
7 3.115164931915813 11
8 2.773193836167047 13
9 0.924354315964969 17
10 4.2023696076302315 5
11 3.3624370560043793 10
12 2.8094215915282916 12
13 1.2845452612857287 16
14 2.481432484546028 14
15 3.9828215915258793 7
16 2.1480506163274824 15
17 3.4924806626411318 9
18 0.8489200000003252 18
19 0.0 20
20 0.7466243159652315 19
1 5.689169071171704 6
2 6.59949999999885 3
3 4.0378535156171 10
4 8.04074018874194 1
5 4.0046853581109 11
6 7.182177420233163 2
7 1.9576990571304522 17
8 6.118860928832489 5
9 3.219875358104894 12
10 1.7548781563852351 18
11 2.1844646806536887 16
12 5.2878290430723816 7
13 0.0 20
14 2.6840657973819217 14
15 6.3673657973837745 4
16 4.195664680652944 9
17 3.175815696836654 13
18 1.7384288748410914 19
19 2.4779646806538453 15
20 4.804077420235942 8
1 9.235684769765935 1
2 3.777412518476101 11
3 5.605082161243416 4
4 6.822337061873064 2
5 4.453909703820864 7
6 3.5577481477818815 13
7 4.961955494576847 5
8 4.8636795527213 6
9 2.4718279516567985 16
10 3.7472753331287287 12
11 4.386730341769768 8
12 3.8095067930963475 10
13 0.0 20
14 2.0025554945768285 17
15 5.8767592731436995 3
16 4.3081128749121556 9
17 3.4463188279101757 14
18 0.8565125184756228 19
19 1.7037844884829019 18
20 2.5201720483440884 15
1 6.066996783631193 1
2 2.8837809675457513 7
3 3.766542541389688 2
4 3.7102751106190124 4
5 1.8180081217986923 10
6 1.0283047333211512 14
7 3.526206388442511 5
8 2.3482047333211504 8
9 0.8989382046924552 15
10 1.2085616707384554 12
11 2.22333820469248 9
12 3.1977893987423363 6
13 0.0 20
14 1.153504802405656 13
15 3.752631913221241 3
16 0.38964254138975396 18
17 1.6119362560949222 11
18 0.6759032163688161 16
19 0.5087240846580554 17
20 0.3159189277974348 19
1 3.8253866220720134 6
2 2.245413937675255 12
3 4.356954543251797 2
4 4.226076449221061 3
5 3.3488784184771583 7
6 2.828005969338896 10
7 3.1100199797988908 8
8 3.9280004202183623 5
9 0.8270293678639862 17
10 1.9583004202183718 13
11 1.943685240463609 14
12 2.674523438019275 11
13 1.4573008404367924 16
14 0.35358257081384936 18
15 2.877429240463609 9
16 1.9159818441811072 15
17 7.3870264029415935 1
18 4.1458264029415774 4
19 0.0 20
20 0.11032726152565608 19
1 10.153426135317076 1
2 4.710764903423868 12
3 6.832777716451428 5
4 6.879940386299224 4
5 6.229481800674424 8
6 6.742621309938052 6
7 4.807981800673501 11
8 6.907426135317245 3
9 4.394121309938345 13
10 3.986446309938283 16
11 3.815526039865131 18
12 6.664576135316463 7
13 4.08113135598019 15
14 5.044737376193144 10
15 8.627134366086176 2
16 6.219854536215316 9
17 4.3335352492982055 14
18 2.4571350965751932 19
19 3.823074363278644 17
20 0.0 20
1 5.70681866215389 1
2 4.085304341082872 8
3 3.6510035561044423 13
4 4.437233900461296 5
5 1.3434598748939943 19
6 3.7243353686590503 11
7 3.622748469487717 14
8 4.237372201989188 7
9 3.2126472930691676 17
10 3.318193970620515 16
11 3.7852609912665454 9
12 4.634145044585684 4
13 0.0 20
14 3.512056185894706 15
15 5.221029669871689 2
16 4.253939621718631 6
17 2.8429043455586047 18
18 5.184139618957861 3
19 3.7681340900621656 10
20 3.719760658076646 12
1 6.990109996519653 8
2 5.068889996285372 11
3 9.72498999727167 3
4 10.037694997026957 2
5 3.514889997217213 15
6 7.624007497017795 7
7 6.089879996997674 10
8 4.850699996327342 13
9 11.92260249703076 1
10 7.740399997037837 6
11 1.5380799972889303 19
12 8.60808999701411 4
13 8.26680249702737 5
14 6.97168999701242 9
15 4.8978999960451866 12
16 3.345509997217216 16
17 2.42099999600727 17
18 0.0 20
19 1.8309999971762037 18
20 4.1145999972274705 14
1 7.300248557622468 1
2 4.921816201981171 7
3 5.746082076588523 5
4 6.08650480792527 3
5 4.062887401546165 12
6 3.669616201981003 14
7 4.5228695192075925 10
8 6.085675745348685 4
9 0.0 20
10 4.115975745349187 11
11 4.789871682773518 9
12 4.79373682652859 8
13 2.706675745349189 16
14 1.7070952403962316 19
15 6.886605601594088 2
16 2.5450048079245047 18
17 3.284007976564382 15
18 3.9436047596037476 13
19 2.5957185515826016 17
20 5.247762076588652 6
1 6.416422791633845 2
2 4.717448302163513 4
3 6.722454295129618 1
4 5.9069033623142815 3
5 3.0233696821975036 11
6 3.314095662375565 8
7 3.41614948097693 6
8 3.553248302153337 5
9 0.4740369221761367 18
10 1.7512716544475784 15
11 2.4127997823924288 14
12 3.2496208369694806 9
13 3.3529542951212745 7
14 1.3527542951761222 17
15 3.055983253319137 10
16 1.478683253293712 16
17 2.6830757184222853 12
18 0.08066980249670186 19
19 2.4774656295469524 13
20 0.0 20
1 5.886919969717892 1
2 1.7739781064955018 14
3 3.161623795644031 6
4 4.328180327302615 4
5 1.2572393402321478 15
6 2.3712202646180307 10
7 4.8787094002674385 2
8 3.691120273162907 5
9 0.0 20
10 1.8157273679058483 13
11 2.316261155088458 11
12 2.5032407893726503 8
13 0.137025712701889 18
14 2.2328728242651374 12
15 4.583670007313568 3
16 2.770818132255607 7
17 0.5940253914244185 17
18 2.4957526064616187 9
19 0.08653197972464488 19
20 0.7414849141799973 16
1 9.739137574987744 2
2 6.537090016587144 5
3 5.72623154347976 8
4 8.066700941282143 4
5 4.631925387979646 10
6 4.3921299502720075 12
7 8.951010834584377 3
8 1.6589099834172574 18
9 5.2077949824448035 9
10 4.536467659842954 11
11 5.889481612250883 7
12 3.4469199668315134 14
13 1.7667523898820776 17
14 6.206100000000002 6
15 10.001810834594234 1
16 4.163080445762217 13
17 1.4517099834190081 19
18 2.7207561141635055 16
19 0.0 20
20 3.2840999999972866 15
1 4.901979220439829 3
2 1.5690181635097675 10
3 4.109001993265054 4
4 6.26700199324538 1
5 2.1864200720908977 6
6 0.9368915066336385 15
7 2.976476296802235 5
8 1.8376566702020531 8
9 1.0585151635097572 14
10 1.5586224504364803 11
11 2.039772450433948 7
12 1.274415772566925 12
13 0.015983914320671255 19
14 0.0 20
15 1.7968224504334305 9
16 0.35455019488307915 18
17 1.1171581636527637 13
18 5.173772450433862 2
19 0.4091792203677642 17
20 0.5410801949248993 16
1 6.13699840956007 3
2 6.59949999999996 2
3 4.187022232412231 4
4 8.013299999999976 1
5 4.063009603779555 6
6 2.0706904620255306 10
7 4.107175475226264 5
8 2.329074586707949 9
9 0.40329115312843156 18
10 2.0266125353342184 11
11 1.0210413466729622 17
12 0.036028133833554854 19
13 0.0 20
14 1.4476479620255314 14
15 3.354956267667105 7
16 1.3720460552643756 15
17 2.403339577378099 8
18 1.6277437323327593 13
19 1.6322911531284507 12
20 1.3361999999999532 16
1 6.6941111438149274 1
2 2.4545138066519616 14
3 4.150315001753963 4
4 6.227449003103228 2
5 2.281573359607433 16
6 3.9606450017509056 5
7 2.634261203620315 12
8 4.930055357176656 3
9 2.86152825198947 11
10 3.7612830044561663 7
11 2.492599405553884 13
12 2.3294662601395784 15
13 0.0 20
14 1.0796887318797062 19
15 3.5955683698896994 8
16 3.062627709897533 10
17 1.2922066889307793 18
18 1.3518277725145535 17
19 3.9226166268701936 6
20 3.167896626870195 9
1 7.43894350000001 4
2 6.167475416336936 5
3 5.374462929051491 7
4 8.681683214522916 2
5 7.98002365262443 3
6 5.1847929290750905 10
7 5.273772929056605 9
8 8.717208239972512 1
9 1.6672616656419113 18
10 5.624127332669444 6
11 2.9916616656280652 17
12 0.0 20
13 3.32890823997251 13
14 4.352870125227144 11
15 5.289115091290862 8
16 3.099843499999076 16
17 3.160210108250556 15
18 3.8665082399290918 12
19 0.002273499999067674 19
20 3.2863735000033714 14
1 11.714540000027089 1
2 2.0587050000326674 18
3 8.09124000003607 5
4 9.954140000070701 3
5 5.1755250001586415 11
6 10.67317500003467 2
7 2.67627500005569 16
8 8.468540000039214 4
9 4.673839999916143 13
10 6.942140000069182 8
11 7.131125000002528 7
12 4.331919333366959 14
13 1.301165000071463 19
14 0.0 20
15 6.888175000045929 9
16 5.031055000001199 12
17 7.2613000000298875 6
18 2.1218900000226064 17
19 3.3133550000510876 15
20 5.576617166700291 10
1 6.279698324622735 2
2 0.0 20
3 6.762914934673093 1
4 5.098399947738661 4
5 3.2777649608038963 11
6 4.088864960804254 7
7 6.276283141710159 3
8 1.0267616100502375 19
9 1.9121950391936493 17
10 4.558504960802752 6
11 2.057361610049921 15
12 2.3984999999996246 14
13 3.3934149346743365 9
14 2.7155533246246044 13
15 4.897783141708562 5
16 3.320483141708028 10
17 1.8404433246227392 18
18 3.5530000000011572 8
19 1.9766890904523333 16
20 2.734819895476508 12
1 3.79889571029647 1
2 1.044665698860237 11
3 1.7150452194476165 8
4 2.6088957162435493 4
5 1.5375449109638537 9
6 0.6990316132883245 15
7 2.8294335268111226 3
8 2.2549121661955374 5
9 0.3497503049116084 17
10 0.335804469602359 18
11 0.0 20
12 0.8143240372428103 13
13 0.9917628604171174 12
14 2.066012592611644 6
15 3.1179723434188205 2
16 0.7700240527553759 14
17 1.883566710136788 7
18 0.39304521944752113 16
19 0.18292717514208823 19
20 1.4261548864492142 10
1 9.08049685844113 1
2 3.1233341160872485 13
3 6.136148134226755 3
4 5.596036263033241 4
5 4.291496858441065 9
6 2.638832895112965 15
7 4.715077251567206 6
8 4.652840312297095 7
9 0.0 20
10 2.304537815416925 16
11 4.319862442922403 8
12 5.067077959825259 5
13 2.255705790225979 17
14 3.1026043545521715 14
15 6.440338507730598 2
16 3.3716277902590726 11
17 3.143238507730622 12
18 2.1021712252353835 18
19 0.27572928947015596 19
20 3.382162496333945 10
1 5.90087552635425 2
2 3.908425613711284 7
3 4.422253098563397 3
4 7.306795504514993 1
5 3.1864755944793455 11
6 1.928378225475961 14
7 4.1413482284006715 4
8 4.137316775948339 5
9 1.399795504514996 17
10 2.5133877195366465 12
11 1.2534165039480483 18
12 3.2709890425303563 9
13 0.0 20
14 1.6935625102576612 16
15 3.6480816570080115 8
16 4.095502411166598 6
17 1.8644582124764153 15
18 3.1898635181664257 10
19 2.4305539377695107 13
20 1.1306555481935037 19
1 6.146049875324978 5
2 5.684587966996427 6
3 3.0017000337310957 16
4 4.726823228253101 8
5 6.327187576482373 3
6 3.438072764397526 11
7 8.901887576257689 1
8 3.3790000406587097 13
9 4.586687951423407 9
10 2.656296760691006 17
11 6.148715560463982 4
12 3.2980467795645994 15
13 0.0 20
14 3.3732996941435416 14
15 6.44148106954329 2
16 4.902700039490497 7
17 0.8561498630001365 19
18 2.3637810780295334 18
19 3.4377875707259333 12
20 3.521906756640838 10
1 7.804803829081349 1
2 3.470054473181165 10
3 5.5399233075391985 3
4 7.697923279703733 2
5 3.7265807092602308 9
6 4.460604420153497 7
7 3.1980643837302685 11
8 4.978489509570848 5
9 0.730515782290551 18
10 2.2570489890248817 13
11 5.327379506062163 4
12 1.9963263816676953 14
13 0.0 20
14 1.4568192106862352 17
15 4.729628311651096 6
16 3.1244149539850747 12
17 3.757497263936782 8
18 1.602567041605738 16
19 0.6069227205224941 19
20 1.9177943473366517 15
1 11.547920928985313 1
2 6.730793169869019 12
3 10.275839534553702 3
4 8.960281391039926 5
5 7.62973954379777 9
6 3.943600000066757 18
7 10.258917803485355 4
8 7.173291579649479 10
9 8.327936581472903 6
10 8.005960464678099 7
11 7.645053620892454 8
12 2.859600000078113 19
13 0.0 20
14 6.312561078686758 13
15 10.582783714899858 2
16 4.902700000447896 17
17 6.278933169385046 14
18 5.832899998123023 15
19 4.937630000078909 16
20 6.965782626453543 11
1 7.315706860978451 1
2 3.025945932657354 7
3 3.341965312639543 6
4 4.207830739759423 4
5 3.358501091182655 5
6 0.1298785441910031 19
7 2.9347798861567895 8
8 5.106000809372687 3
9 0.5206649745199416 17
10 0.864235746416216 15
11 1.1332046344328712 14
12 5.424445932657356 2
13 0.0 20
14 0.36024294864142625 18
15 2.5985185458486892 9
16 2.151683463928089 10
17 0.6407653126395352 16
18 1.2915947577669258 12
19 2.067748545848689 11
20 1.153321385402543 13
1 6.319692725210148 1
2 4.592544559224488 6
3 3.8971158908952286 9
4 5.517048790214464 2
5 2.93208437871491 12
6 2.8605398866084726 14
7 4.727312002892743 4
8 4.66847186534073 5
9 1.7782415252876542 17
10 2.778865749502201 15
11 3.917095082234974 8
12 4.469048790214465 7
13 0.0 20
14 2.1191275180134275 16
15 4.752530277861476 3
16 3.2037182333360277 10
17 2.990389683472095 11
18 1.671304613461348 18
19 1.5651568359923933 19
20 2.873926859259802 13
1 6.675880268785075 4
2 5.88497908332761 6
3 3.613440647871162 11
4 7.020345976810454 2
5 5.323153481593495 7
6 2.6953459768143455 13
7 5.1199963333178315 8
8 6.830737249988813 3
9 4.463335778592185 9
10 2.777260537573266 12
11 7.861337249988538 1
12 2.1028245989563628 14
13 0.0 20
14 2.040258166658348 15
15 5.985220623865336 5
16 0.5908409492344826 19
17 1.3284726114092908 17
18 3.831243487599829 10
19 1.4368634906011417 16
20 0.7773709492335965 18
1 9.328950148696194 1
2 3.1130699714921306 17
3 5.393196549462792 8
4 6.209635651659951 4
5 4.3924265494629795 12
6 5.203526549462755 9
7 5.6699861392585085 5
8 6.9190316155831955 2
9 3.664363522047644 16
10 5.6264868295656285 6
11 4.987300094494574 11
12 5.5115699714939685 7
13 3.8493896768936664 14
14 3.795630163290908 15
15 6.7207861392613015 3
16 5.16880162642407 10
17 3.8911892561066534 13
18 2.626186829582729 18
19 0.0 20
20 1.781073450531117 19
1 5.938277390780501 3
2 3.3883688640724756 9
3 3.400663697398223 8
4 4.2118342875630175 5
5 1.8443861653799916 13
6 0.02182999999988633 18
7 3.6350300000004876 7
8 8.742223844660622 1
9 0.006778061493160514 19
10 6.7725238446606415 2
11 0.0 20
12 4.3447238446605185 4
13 1.0002244370565125 14
14 1.8871997110535768 11
15 3.648855917488368 6
16 1.8475188511311302 12
17 2.0914603616850496 10
18 0.6537849268151299 16
19 0.3698267841045748 17
20 0.8296776893211424 15
1 4.839985000000148 5
2 4.86196744865536 4
3 6.679599548899871 1
4 3.2272325000004907 12
5 5.385227771394376 3
6 2.378100000000143 15
7 2.2269850000000018 16
8 4.328108979217745 7
9 3.760809407090442 11
10 1.0194675000001117 18
11 3.7783070574572952 10
12 4.151087937653313 8
13 0.0037675000001935466 19
14 2.6745742555010903 14
15 5.925832499999009 2
16 4.085914316626356 9
17 4.456574922982851 6
18 1.8945999743279913 17
19 2.8888109009780623 13
20 0.0 20
1 8.292797415450368 1
2 4.3874906609548905 6
3 4.231568361993195 8
4 4.840692492837902 4
5 4.510090658522672 5
6 3.2753126979047877 10
7 5.690689730599297 2
8 5.262191571270829 3
9 1.2402357067486207 17
10 2.8258294900267655 11
11 1.138889730599295 18
12 1.674204763650028 15
13 0.0 20
14 1.4530246975485632 16
15 4.263197888843395 7
16 3.680472619487218 9
17 2.101160874566953 12
18 0.329658752296929 19
19 1.7934580412373609 14
20 1.903830898404255 13
1 7.771814324346724 6
2 6.857756757176768 7
3 11.513856756682378 3
4 13.671856756794138 1
5 12.092456756770046 2
6 5.302934324320189 9
7 7.881971621647697 5
8 4.850700000091203 13
9 3.288524324469996 18
10 5.718158107951136 8
11 4.947014324310197 12
12 8.066299999874502 4
13 4.661143243361275 15
14 4.515590540442849 16
15 4.077700000019966 17
16 4.788298378419903 14
17 5.287900000031338 10
18 0.0 20
19 2.417871621587294 19
20 4.974828378256886 11
1 10.089160883838636 2
2 7.258165000000183 7
3 8.731155126262523 3
4 8.32876088383832 4
5 11.733965479797963 1
6 2.3780999999998698 18
7 5.991300000000282 14
8 6.145606287878154 12
9 3.2947585606060703 17
10 6.237724671717016 11
11 5.688379267677248 15
12 6.686515479797842 10
13 4.524470075757627 16
14 6.841565479798017 9
15 7.884013712121023 5
16 7.096986136363657 8
17 1.6829300000000016 19
18 7.7206309848483246 6
19 6.049205479797961 13
20 0.0 20
1 13.251956809947918 1
2 7.417154578384245 3
3 5.558615667211475 7
4 5.227691488957361 8
5 4.530739955429254 11
6 4.444758458935572 12
7 4.7031568099185534 10
8 6.471607724917903 5
9 1.8521723588787626 17
10 7.006617294407507 4
11 0.0 20
12 9.151756809953078 2
13 0.9179418623801276 19
14 2.269623609856446 14
15 5.151313898249359 9
16 6.132657110607105 6
17 2.24515860946943 15
18 3.9060300102033962 13
19 1.9317386095279567 16
20 1.1171699896452223 18
1 7.314144335498163 1
2 1.9159385494002632 13
3 3.853892330267916 5
4 1.6341086019850033 15
5 2.5159284575228797 10
6 4.061160002474486 4
7 4.401278658182235 2
8 3.486481902886056 8
9 0.8180385399854595 17
10 2.2350052421163484 11
11 0.0 20
12 2.729217469530914 9
13 0.2684138800720888 19
14 0.47353278397055654 18
15 4.334221961379395 3
16 3.670378674849736 6
17 1.6616242207178389 14
18 1.464334226858591 16
19 3.4887170074056737 7
20 1.934896206530487 12
1 3.3133920798449514 5
2 0.571042918071228 17
3 4.112264406700106 3
4 6.89429773993063 1
5 2.895600617740888 7
6 2.8753570817914853 8
7 3.7348803647611257 4
8 4.238203394632883 2
9 0.0 20
10 1.8185527372292307 12
11 1.7375780450959337 13
12 0.4448420798449937 18
13 0.721842563485777 15
14 0.5998920798565364 16
15 3.0680231893547 6
16 1.9908743476796278 11
17 2.4003425635034645 9
18 2.1662310732639645 10
19 0.006200617745733883 19
20 1.636108225957676 14
1 6.632614248490011 1
2 1.8302675551418948 13
3 3.8048083346076553 5
4 4.899235225431946 2
5 2.7868775551419 10
6 1.6852041678057295 15
7 3.93905975510346 4
8 3.440147764933771 6
9 1.532506345399647 17
10 3.2027159503537717 7
11 1.5805274837849788 16
12 2.83942433012214 9
13 0.9710198848518021 18
14 2.1791144966760867 12
15 4.579008148517186 3
16 3.1176618576440416 8
17 0.0 20
18 2.6830825505333564 11
19 0.37394071548742946 19
20 1.6936000000002804 14
1 5.117212965842404 3
2 2.928629197395202 8
3 5.36479191906624 2
4 3.139304054657677 7
5 2.5023529624032674 9
6 1.7430692591623504 15
7 4.700035365553105 4
8 3.21245826202545 6
9 0.5363562121748373 18
10 2.310414749125595 12
11 2.1639163358332834 13
12 2.3648324541465953 11
13 0.17327721959688924 19
14 1.1970691833837654 17
15 3.271706441249819 5
16 2.4786333107914276 10
17 2.015678430775978 14
18 5.4161244112279565 1
19 0.0 20
20 1.3624244418902038 16
1 4.781311082812675 7
2 4.367216237858339 10
3 4.863279512882306 5
4 5.473374490321606 3
5 3.531993846422008 11
6 4.43416029784739 9
7 3.116498460268868 12
8 5.529961725238494 2
9 2.567586629484309 15
10 2.821038292055883 14
11 2.9068022546681185 13
12 4.644914985053488 8
13 0.8639806197838475 19
14 2.067811082812706 17
15 4.796261224774764 6
16 5.115071172511548 4
17 1.4121674925268075 18
18 6.2689106629142035 1
19 0.0 20
20 2.215210662916199 16
1 8.26218818709211 1
2 6.144394869025865 6
3 5.059642106276988 12
4 6.879143027978071 3
5 5.306986968985229 11
6 4.893469973744598 13
7 6.748000000010549 4
8 6.0694059227796835 7
9 4.456120468351422 15
10 4.521485750867774 14
11 3.567828075699129 18
12 6.354592531604833 5
13 5.864750000000007 8
14 2.6603100909903947 19
15 5.5764128346546995 10
16 4.446264024724803 16
17 5.692534869030336 9
18 7.800406499980238 2
19 3.6776003050686743 17
20 0.0 20
1 7.644599276366943 1
2 3.0178338541252314 8
3 4.1934713503406496 3
4 4.307886901689109 2
5 2.6756 11
6 1.6288517860991147 15
7 3.582248608558221 6
8 2.948751786099113 9
9 1.9307427091396825 13
10 3.3510848550212318 7
11 2.243331961264249 12
12 4.00234551368105 5
13 1.1024646900976138 19
14 1.4847399684379061 16
15 4.033700000000005 4
16 2.828712439234896 10
17 1.8832921793115434 14
18 1.3108594166891177 17
19 0.0 20
20 1.1335206681997294 18
1 6.088101718521641 1
2 2.8390320388009496 13
3 3.0161889806620312 11
4 5.37504203885718 5
5 3.7956420387888667 8
6 2.9989985340160294 12
7 3.799604862823485 7
8 5.438338534062148 4
9 1.3420017182914092 19
10 3.468638534005859 9
11 0.0 20
12 5.839990834629802 2
13 4.247926436719951 6
14 3.2484188910599094 10
15 5.475005349532158 3
16 1.4279710193827908 18
17 2.776863148087017 14
18 2.4140944902720007 15
19 2.0309421650490407 17
20 2.2035344902722014 16
1 9.24153778923485 1
2 5.888094798880966 5
3 5.429295494305618 6
4 7.771835817454098 2
5 4.055840712245314 10
6 3.7959301139105417 11
7 7.133770012624632 3
8 5.978393253389161 4
9 2.589454945544949 18
10 4.795031423461504 9
11 3.1439246282688895 15
12 3.782668150592603 12
13 1.6787747335154442 19
14 3.4787939861432298 13
15 5.425423253389124 7
16 5.11253823966613 8
17 2.597678356185879 17
18 3.162859287754812 14
19 2.686433986142644 16
20 0.0 20
1 8.039436667448733 1
2 5.940610000080999 7
3 2.129183334055157 13
4 7.19730000099541 2
5 3.250436668007141 10
6 2.8723000008435196 11
7 6.7256266671066935 3
8 6.068610001436692 4
9 4.632512000831235 9
10 5.965606667640079 5
11 5.956912001107396 6
12 1.012283334259552 18
13 2.3285733339392474 12
14 1.6426000005856505 16
15 5.325900002263288 8
16 1.9496933342047993 15
17 2.028800000474229 14
18 0.6956000008839713 19
19 0.0 20
20 1.6308633347578767 17
1 7.708854599998558 6
2 8.530969599772147 2
3 6.719464599912315 9
4 6.729654599998921 8
5 6.367064599880119 11
6 8.977902933330224 1
7 2.9557999999989573 18
8 6.46945460003196 10
9 2.9627545999934757 17
10 8.185159599780148 4
11 7.782666266663553 5
12 5.192909599977379 15
13 7.169459600046972 7
14 4.995354600000832 16
15 6.366309600013096 12
16 0.0 20
17 8.291714600123028 3
18 5.39746460040209 14
19 2.3326095999968866 19
20 5.416769600068202 13
1 5.728500381493662 1
2 1.1642000000000001 15
3 3.830056234791997 2
4 2.9725184678461236 3
5 1.7508630073032392 10
6 2.5270957566450933 5
7 1.767942703357567 9
8 0.0 20
9 1.0394062572405771 18
10 0.9580343010556308 19
11 1.5100447208540893 12
12 2.823450486832669 4
13 2.247289738731024 6
14 1.942724223613655 8
15 2.0099379849859997 7
16 1.0847621461172057 17
17 1.6345323591250795 11
18 1.4466931848654296 13
19 1.1786945057467466 14
20 1.1494402710720966 16
1 8.202645750750765 1
2 1.5245984984985042 17
3 4.755291501501503 6
4 5.233768903903884 4
5 3.6894742042042146 8
6 2.176700000000008 13
7 1.206714249249258 18
8 4.887517072072072 5
9 2.904664204204197 9
10 2.848468903903918 10
11 1.5409004984985055 16
12 4.31117933933934 7
13 0.6954116816817044 19
14 5.48914575075076 3
15 6.2407469969970215 2
16 2.756642987988006 11
17 2.008192747747751 15
18 0.0 20
19 2.687116726726753 12
20 2.031611681681682 14
1 7.466767914149097 1
2 2.848553506024564 11
3 3.582760735561843 7
4 4.510102865102468 5
5 4.848062060069962 4
6 3.0527633764613333 9
7 6.428860105011781 3
8 7.115710665105489 2
9 0.0 20
10 2.3896203722368248 12
11 2.942360176705895 10
12 1.8489632187324752 15
13 0.06829242058263629 19
14 0.2411794642784888 17
15 4.206453702073565 6
16 3.48942558188707 8
17 2.032266486716142 14
18 2.265010665105485 13
19 1.6731446558614222 16
20 0.19065222418036631 18
1 6.461908588099888 1
2 2.761799147515171 12
3 5.8106893851138075 4
4 5.812922012050159 3
5 2.7945248844422244 11
6 1.9061149574633756 16
7 5.85467884043025 2
8 5.516414884442226 5
9 2.0097148844425274 15
10 5.019597959592881 6
11 1.884284957465416 17
12 2.974874884441435 10
13 0.1859417362712219 19
14 3.466539822652214 9
15 1.6413349574633764 18
16 4.135024485084198 7
17 2.0683578844422237 14
18 4.030468728379879 8
19 2.321644205376187 13
20 0.0 20
1 9.301152907188206 1
2 1.1833000000007703 15
3 4.153390438242542 3
4 5.935321016573729 2
5 0.8702100000009325 18
6 2.9227343267626797 9
7 3.040998573795177 8
8 0.9725999999999992 17
9 0.0853999999964894 19
10 3.5500210165739197 6
11 1.4220904382414188 14
12 4.138498068737948 4
13 1.8248765497172585 12
14 1.0540927213891031 16
15 2.2709000000009336 10
16 3.2364868689812023 7
17 1.6109759923250888 13
18 2.2540670076794065 11
19 3.9883151641657966 5
20 0.0 20
1 6.315619528114668 2
2 1.8467560015942182 15
3 3.547996060857607 7
4 4.782083605444271 4
5 2.4396656907132774 13
6 3.177078829806408 10
7 4.918724067673845 3
8 3.4551018533118962 9
9 0.6605814252104305 19
10 1.5109539274530552 17
11 2.9506140846797266 11
12 2.749280471885461 12
13 0.0 20
14 2.2655319498600486 14
15 4.647117359463843 5
16 3.535091110336497 8
17 1.5939580314691153 16
18 7.775321110336517 1
19 1.1622386903427588 18
20 3.721621110336522 6
1 2.8316408713187085 10
2 2.7367904457011365 11
3 0.49832003648415446 18
4 5.317565725605693 2
5 2.913129689998738 9
6 1.4162146759979126 16
7 3.965638807435842 7
8 5.007762066199547 3
9 0.5551395255474829 17
10 2.344946242725939 14
11 4.485276374608732 5
12 4.76491201192416 4
13 2.629891313115407 12
14 0.11814087707607523 19
15 6.220633134385592 1
16 3.1521130404496245 8
17 4.3674442249421945 6
18 2.196090321043873 15
19 2.4170162913086415 13
20 0.0 20
1 6.5237107860314545 3
2 3.9365239659697906 7
3 7.330603021120189 1
4 5.35032396596817 4
5 3.1246688183748 12
6 1.386495404101537 15
7 3.8842217208254084 8
8 4.285317230538559 6
9 3.7601992431747857 9
10 2.603852527844685 13
11 1.5565299853955281 14
12 3.159107442959071 11
13 0.7979973542005419 19
14 0.0 20
15 4.660086864232672 5
16 3.2601049100839994 10
17 1.177737645796272 17
18 6.702201132146475 2
19 1.307897111236546 16
20 0.9790898022005128 18
1 5.27128484529913 1
2 3.256500690841543 6
3 1.5492242898440924 14
4 3.9129769570498603 3
5 0.3156654210486758 18
6 4.236061980613401 2
7 2.576750370558678 9
8 2.7479648527695795 8
9 0.0 20
10 2.5570843336023974 10
11 2.869290671126157 7
12 0.6716454280976378 16
13 0.5208666076533415 17
14 1.4483726719430439 15
15 3.630667483862929 5
16 3.850374620822561 4
17 2.344386529965828 11
18 2.3278219305414676 12
19 0.3010881856470664 19
20 1.5895020039976653 13
1 7.464426890985675 1
2 4.289791167016643 11
3 4.969353936725998 9
4 5.781178443978073 4
5 3.9630595748217923 13
6 5.449677469948897 6
7 5.370412518923294 7
8 6.588183840353716 2
9 3.1918911670177614 18
10 4.805548054972478 10
11 5.827542174406675 3
12 3.3235088329836713 16
13 0.0 20
14 4.036852180467918 12
15 5.321159574821617 8
16 5.458395212916697 5
17 3.208553889522259 17
18 3.4183181796385975 15
19 3.6214874729797137 14
20 2.010891115545694 19
1 6.542426292073415 1
2 3.5901672335648174 4
3 1.3745435714977303 11
4 5.103606006840578 2
5 2.6778655510867955 6
6 1.1848735714976628 15
7 2.640919999230715 7
8 3.5912889995208257 3
9 0.32244677170863034 19
10 1.9590715925095377 10
11 2.5867589303808556 8
12 0.5920221392381775 18
13 1.0735858551977955 16
14 1.2343487026283149 13
15 3.1426691581326978 5
16 1.321284213044166 12
17 2.1121427167039384 9
18 1.047979426567605 17
19 1.2057417137465634 14
20 0.0 20
1 8.645781660325612 1
2 3.216643422462698 16
3 5.08696717559339 9
4 4.939625893173074 11
5 4.996780546250772 10
6 7.726664380122621 2
7 6.032781660358161 3
8 4.633985893011063 12
9 1.8338969235095468 18
10 5.622248214020343 6
11 5.377546143645019 7
12 5.899989921439363 4
13 3.86436344704434 14
14 2.5495741070314066 17
15 5.860448213944931 5
16 1.3981258930110627 19
17 5.301637427692138 8
18 3.7649671755904675 15
19 4.482580172462699 13
20 0.0 20
1 9.028716634554756 2
2 5.752900490532575 6
3 10.409000490477494 1
4 8.146025506955034 3
5 4.239716634608577 14
6 4.313969951870617 13
7 7.4281079986773335 4
8 4.800716862273216 10
9 3.3853466103759144 15
10 5.417303285173483 8
11 5.261708184816904 9
12 5.4377243266969115 7
13 0.30608336546279347 19
14 0.7671932931847478 18
15 5.935236618506817 5
16 4.515841911538854 11
17 2.977525506899606 16
18 2.1372699518297247 17
19 0.0 20
20 4.434600468610695 12
1 3.2555317514687427 3
2 2.8489712865199146 5
3 2.772061115453172 6
4 4.48989654823008 1
5 2.9426237324501985 4
6 1.3686317514687452 14
7 1.9359282162127995 10
8 2.6838282485312654 8
9 0.6498702396794194 19
10 2.311596024809786 9
11 1.3919445921293843 13
12 2.75559227960602 7
13 0.0 20
14 1.6179975599931113 11
15 3.523784221882588 2
16 1.3365652479094035 15
17 1.046946152032136 17
18 1.4238579678637553 12
19 0.8259072865424626 18
20 1.0982188318416104 16
1 7.270619374782649 1
2 5.153568845197659 3
3 3.581855843796091 6
4 5.429732117612034 2
5 3.412734454970024 8
6 2.4742744769072464 11
7 4.005369359792192 5
8 3.562017070441909 7
9 0.5107196725480101 19
10 1.3066794668950332 18
11 2.8373027829170665 10
12 1.9276151539817818 15
13 0.0 20
14 2.4599230145201925 12
15 4.2809660979908974 4
16 1.6385860882074927 17
17 1.7952412183560862 16
18 2.846695889396596 9
19 1.997775882181108 14
20 2.0205320990087405 13
1 9.671902525520625 1
2 2.5088536731448006 11
3 2.9522049249261624 10
4 3.487888773483948 6
5 3.161439999534306 7
6 4.024288748951673 4
7 2.010313782955153 13
8 6.024709685766918 2
9 1.2948049168394107 18
10 2.0916524338302365 12
11 0.0 20
12 3.861671187930708 5
13 1.182820130158565 19
14 1.914807333460952 14
15 4.571342512920224 3
16 3.10211357804507 9
17 3.10267624979133 8
18 1.8475887646451816 15
19 1.6099120646577 16
20 1.3661774719997448 17
1 9.080960919501404 1
2 4.91288040917209 4
3 5.252356571260838 3
4 3.921674055661261 6
5 3.2112350473109577 11
6 4.3387065712753365 5
7 6.899876443540956 2
8 3.6160340557033765 8
9 0.0 20
10 2.551390409172101 14
11 2.494918455937582 15
12 1.1173924443515788 19
13 3.439138619024928 10
14 1.7826804091744335 17
15 3.474807119552837 9
16 2.863234873952864 13
17 3.643536571204956 7
18 1.962728494217638 16
19 1.119665944384686 18
20 3.1612797921504066 12
1 8.476881100683876 1
2 3.2658834493080375 11
3 5.813054015052884 6
4 6.325641298937741 3
5 3.1138913300563025 12
6 2.763326525795806 15
7 6.362773474205998 2
8 4.814904015057481 8
9 3.8827081863082054 10
10 5.602753474201416 7
11 1.501704015057538 19
12 2.9047040150572316 14
13 5.9727923865681225 4
14 3.05975401505855 13
15 5.840953474202365 5
16 2.5147249844389816 16
17 4.093278271932723 9
18 2.283260180187737 17
19 1.7952040150574673 18
20 0.0 20
1 5.49445273597164 2
2 1.9618762325488983 16
3 2.725298008441924 10
4 5.822151350029552 1
5 2.9031893175772425 8
6 2.53562800844192 12
7 2.2285811861893507 14
8 3.7371232590497625 6
9 0.8131201363488527 18
10 3.110987699621681 7
11 4.346264522305894 5
12 2.315622257627831 13
13 0.0 20
14 2.893967167720149 9
15 4.797824004978629 3
16 4.453528957838379 4
17 2.6958345089145146 11
18 1.3201814222303523 17
19 2.101607167720139 15
20 0.2584054719432749 19
1 10.346984553530657 1
2 5.734661564619763 9
3 6.599108602088954 4
4 10.186658303843735 2
5 4.547260804289966 12
6 5.861658303844026 6
7 5.7916863900153075 7
8 7.181558303843735 3
9 4.35888696712471 14
10 5.157169107046981 10
11 3.6377506909272084 18
12 4.515999999999998 13
13 1.6563999999991323 19
14 4.568858705453417 11
15 6.1015000000038775 5
16 3.806354641464285 16
17 4.020494774789096 15
18 3.6849583038423845 17
19 0.0 20
20 5.7546081909272075 8
1 6.931807316166292 1
2 5.175237486417492 4
3 4.4886502359299625 8
4 6.514535185336871 2
5 1.97466528652288 16
6 4.098417535775365 11
7 4.387960235929939 9
8 4.11120313273896 10
9 2.648091681331964 15
10 4.716522511091904 6
11 4.861222538601437 5
12 3.0075373278486826 12
13 0.5608516705050453 19
14 4.672634969614832 7
15 2.918901911810835 13
16 5.7843780421743585 3
17 1.7263593808550295 17
18 0.0 20
19 1.4072380000255515 18
20 2.7579408147118762 14
1 9.138099999979456 2
2 4.701617857134578 10
3 1.321999999994813 19
4 5.562597142853011 9
5 5.658227857158243 6
6 4.397727142862361 11
7 11.082563571419625 1
8 5.717627142805544 5
9 1.877968571422516 17
10 3.7479271428623604 14
11 6.5307635714472685 4
12 3.67886285713893 15
13 2.126709285708271 16
14 5.5888657142857845 8
15 7.05931857141716 3
16 5.634734285716489 7
17 3.8052092857184254 13
18 0.0 20
19 3.917034285708672 12
20 1.831131428565954 18
1 6.699474468284575 2
2 4.732416938051433 7
3 5.79070754585518 3
4 7.948707545821128 1
5 5.559150445265644 6
6 0.33879462732400123 19
7 3.9519946273012345 10
8 5.661540445266586 4
9 2.323174833705189 18
10 3.5634924541862953 11
11 2.43048920313494 16
12 3.0040083357323537 13
13 2.4604984346325667 15
14 2.48250245590526 14
15 4.033699999991572 9
16 5.564226938041579 5
17 3.5139717278577116 12
18 2.360850394949479 17
19 0.0 20
20 4.316452778568419 8
1 6.775983207954981 2
2 5.535620325032608 4
3 3.754101178617898 9
4 6.94942032507179 1
5 4.042088202868042 7
6 4.1246204124876025 6
7 0.8832500000136827 19
8 2.4237156135181026 18
9 2.5779843942298206 15
10 4.39185235960237 5
11 3.260362947867711 11
12 2.461613123142379 17
13 0.0 20
14 3.623142359617886 10
15 5.802698490630226 3
16 3.8794244516417726 8
17 2.5869296016553434 14
18 2.6147203250378235 13
19 2.5174828173726684 16
20 2.7370363831220836 12
1 7.401300489368776 1
2 1.9343027162772637 14
3 4.726093549913181 3
4 6.122961759586456 2
5 3.2045218086467737 11
6 2.5907536275694394 13
7 3.2840116745990513 10
8 3.541141365333183 7
9 0.8364027162765155 17
10 0.7687100000002292 18
11 1.4529628891861375 16
12 3.755375778371886 6
13 1.4914052826426027 15
14 0.0 20
15 4.659423349197601 4
16 3.5035365643484084 8
17 2.71978224129737 12
18 4.433736564348136 5
19 3.3374761863438187 9
20 0.3490972624616795 19
1 9.484801999999986 1
2 1.09789999999989 18
3 5.311263250000289 6
4 8.393131375000086 2
5 2.054509999999999 13
6 4.0681313749996555 9
7 6.871802000000092 3
8 6.238801999999826 4
9 0.0 20
10 1.9419020000000478 14
11 1.1142020000000725 17
12 4.697586374999794 7
13 2.3412095000002147 11
14 1.1731919999999572 16
15 6.236070749999952 5
16 2.1108313749999774 12
17 4.194901999999976 8
18 3.04103137499993 10
19 1.4077019999998055 15
20 0.12380199999994357 19
1 6.945779998236327 1
2 5.5347799986400315 3
3 1.1578799998521443 16
4 2.6543800006091445 9
5 5.973299999999989 2
6 2.2635500000058246 12
7 4.5517999997843575 5
8 3.6997800003204873 7
9 2.598309998640036 10
10 3.79178000121762 6
11 0.0 20
12 0.7024799998276525 18
13 0.1528149999817523 19
14 1.855780000002014 14
15 4.691479997392421 4
16 2.234049998640036 13
17 1.8313149999857117 15
18 0.7914799997933493 17
19 3.2575799997919597 8
20 2.4205800069542365 11
1 5.471353614823282 1
2 2.680743685500772 6
3 3.684637519508532 3
4 2.611454709992726 7
5 2.918225874502458 5
6 3.2663351123604976 4
7 3.829283250678274 2
8 2.3371275235573306 11
9 0.5537824818637178 18
10 2.2658973341101314 12
11 1.1793381370879956 15
12 2.215060301716846 13
13 0.0 20
14 0.927770124148042 16
15 2.54867726516412 8
16 2.4254196959248127 9
17 1.5876987650208145 14
18 2.409656127762143 10
19 0.6712312668548233 17
20 0.3760524825820242 19
1 6.242915718232579 5
2 5.028367686628035 8
3 9.684467686628025 1
4 5.228618316113051 7
5 5.397631954762399 6
6 2.9228973011384247 14
7 7.562000753075292 2
8 6.535324295907193 3
9 2.967549853559312 13
10 3.636054405574828 10
11 3.5983467035281813 11
12 4.895889503949967 9
13 0.0 20
14 3.0480501586742763 12
15 6.354207488526521 4
16 2.9178878690696157 15
17 1.6408842817674252 17
18 1.3127711032878429 18
19 0.09803555299518774 19
20 1.914167686627993 16
1 6.460697782218723 1
2 1.981344501148892 12
3 4.413888224299267 2
4 0.731031496419206 18
5 2.316837298417543 9
6 2.633698909408497 8
7 3.3519059395951762 5
8 2.7670652994299028 7
9 1.2802256303091912 16
10 1.7915153944227273 13
11 0.54461539431616 19
12 2.188785500584225 10
13 0.8714514964238964 17
14 3.7471977822081675 4
15 2.779551810318772 6
16 2.0908794919811173 11
17 1.5920662649426434 15
18 1.7688224245249973 14
19 0.0 20
20 4.122465299453931 3
1 11.323199999385132 2
2 5.966559999355647 12
3 13.149339999980219 1
4 9.562800000187767 6
5 6.534200002419776 11
6 7.741300000233477 8
7 6.584130000099638 10
8 10.415300000307749 3
9 3.655799999933683 18
10 9.888940000001995 5
11 5.612999999980631 13
12 6.890179999533419 9
13 0.0 20
14 7.917599999992534 7
15 4.445099999980629 17
16 4.634400000233475 16
17 10.20809999990595 4
18 5.56459999863151 14
19 3.2558299995737148 19
20 4.995599999935349 15
1 5.931649639686194 1
2 3.910677947338617 5
3 0.8660189250640447 14
4 3.290864458923604 8
5 2.3903710632002735 10
6 3.902873725294061 6
7 3.2099683937277783 9
8 3.8277599966266753 7
9 0.0 20
10 0.06751937965218469 19
11 4.000863722369006 4
12 4.063269504256904 3
13 1.1074710606293992 13
14 0.25056839364776806 18
15 5.172391717637032 2
16 0.7264793796533597 15
17 0.4461778537305925 17
18 2.128990365579531 11
19 0.47040892499695897 16
20 1.52477372547858 12
1 7.201492551927988 1
2 2.4322499999898888 14
3 4.103445341239999 7
4 4.424194658756725 6
5 3.3888600000026363 8
6 2.7026730860481525 12
7 5.773273531159706 3
8 6.769493531156576 2
9 0.9983102077231831 18
10 2.6170393175050477 13
11 3.2361168546147687 10
12 0.0 20
13 2.029213086054318 15
14 1.3501453412474023 17
15 3.275968249244876 9
16 4.745577774468951 5
17 1.402245341268389 16
18 5.502013531147771 4
19 3.027877774482958 11
20 0.2238599999990729 19
1 4.859102032765487 2
2 3.751955653861348 6
3 3.1258998750931775 9
4 4.374998352723142 4
5 3.0555384016886995 10
6 2.5485947237296576 12
7 4.45283062760449 3
8 3.603035195967001 7
9 1.468499875093177 17
10 1.6839519931745368 15
11 3.296438929180792 8
12 7.5259431407329185 1
13 0.0 20
14 2.1456020327654866 13
15 3.767342801868013 5
16 2.8604057128078284 11
17 1.342279415133482 18
18 1.4845204100235496 16
19 2.017957202047328 14
20 1.2176693269470678 19
1 11.222932173031687 1
2 5.334538991890218 8
3 4.2367063089394215 12
4 7.765300707275205 3
5 6.4339321730312795 5
6 6.585138991892212 4
7 4.478710939832763 9
8 3.8994781203332627 14
9 4.236638991892892 13
10 5.464079550885093 7
11 2.676631476423814 16
12 4.245421684445727 11
13 1.3426615756348848 19
14 2.19793449754587 18
15 6.142584795179478 6
16 3.6990314764251 15
17 2.5968007072757935 17
18 7.872238991892212 2
19 0.0 20
20 4.269489060166112 10
1 5.7143876022361555 1
2 3.6131629087934236 7
3 3.0336070845290806 11
4 4.654335586680659 2
5 3.04050466002354 10
6 3.8274876022366833 5
7 3.299092915474434 8
8 3.9005391912259633 3
9 1.0813189518126936 15
10 1.9308391912269178 12
11 3.8056576022365842 6
12 1.0685914000328234 16
13 3.855300699398634 4
14 1.855100699400665 13
15 3.196182566699489 9
16 0.0 20
17 0.39566280670770837 18
18 1.0648902309036135 17
19 0.11667373336657816 19
20 1.8500190715203306 14
1 4.525200000000019 11
2 4.751969999999901 9
3 4.585305867887991 10
4 6.140854138394557 2
5 5.227168053084973 8
6 3.499770000000636 15
7 5.4653825140685015 6
8 5.53536968904041 5
9 3.251007914623901 16
10 5.383763910926559 7
11 5.790489781781479 4
12 1.7897765996166104 18
13 3.9655126334027497 13
14 1.318833199233496 19
15 6.002189021022255 3
16 6.445275188450495 1
17 3.9471751884505073 14
18 4.237596849341992 12
19 2.2776168557177208 17
20 0.0 20
1 7.747061222898308 1
2 3.2161425271322712 10
3 4.675282501143073 5
4 6.300128802784108 2
5 3.865935222796283 7
6 4.778819177230885 4
7 5.7460033418941405 3
8 0.7114239900074946 17
9 1.695790298617278 14
10 2.144086841690714 12
11 4.515482345131261 6
12 3.7626738703540554 8
13 0.2328393025895763 19
14 1.0795250036585864 16
15 3.4654676433398337 9
16 2.8183540382703693 11
17 0.24431084080509802 18
18 1.170990670247489 15
19 0.0 20
20 2.066823990007497 13
