1 2.9493133399773366 8
2 2.4736646898541816 10
3 0.8758106023857961 19
4 3.746355281755858 3
5 2.6120288801384635 9
6 2.9511198156042786 7
7 1.414078493226194 16
8 2.1222624488324193 11
9 1.009819823882278 18
10 3.4919941199697795 4
11 2.0255970549642286 13
12 2.0346187527930613 12
13 0.0 20
14 1.457668238452874 15
15 3.8800294215725417 2
16 4.621090617180062 1
17 2.9826769187853968 6
18 1.1421413518426726 17
19 1.7207401885838278 14
20 2.9935663891596014 5
1 7.981141764707156 1
2 5.097370882353055 6
3 0.0 20
4 7.027708125000007 4
5 7.6589817647047935 2
6 1.303703602940646 14
7 2.2135999999924767 13
8 3.0032145588196344 12
9 0.08325812500001328 19
10 3.986145073527284 7
11 0.635843088234822 16
12 7.658981764704066 3
13 0.6358430882339277 17
14 1.2148708823513883 15
15 6.756341764704199 5
16 0.6358430882310815 18
17 3.108286544119535 11
18 3.9701126470517223 8
19 3.42847088235179 10
20 3.614542573536318 9
1 1.8115424837304106 6
2 1.5005494247584117 9
3 1.3960835986853886 10
4 1.602675773391816 8
5 2.0315552519855915 4
6 2.877185252644693 1
7 0.24365770939540266 19
8 0.26668512452530924 18
9 0.9021794838662569 14
10 2.3222620448317564 3
11 1.1289252519852717 11
12 0.8887157599006803 15
13 0.7357401455481153 17
14 0.804389249994614 16
15 1.115575375937652 12
16 1.872620765184412 5
17 2.8635592614591143 2
18 0.9067417780123914 13
19 1.725999658890174 7
20 0.0 20
1 2.48134017576728 6
2 2.8964642527423763 5
3 0.826600362650785 16
4 4.396167941287703 1
5 2.8985203608224963 4
6 2.439561471969607 7
7 0.3033236112992912 17
8 1.4809221408717486 13
9 1.8104215311040193 11
10 3.577683677033564 2
11 1.1703401755832497 15
12 0.03299685485987003 19
13 0.0 20
14 3.297760767576684 3
15 2.149647658583148 8
16 1.91642307272476 10
17 1.3466012584633495 14
18 0.17514866209836288 18
19 1.7624394645458363 12
20 1.9713074249748588 9
1 6.785376488110816 3
2 0.0 20
3 5.285182729903813 9
4 5.607342729905634 7
5 5.555869416334567 8
6 7.497169416331728 1
7 4.380869416332252 13
8 2.9382349276598463 18
9 3.446564927658817 16
10 4.775169416332159 11
11 2.9579000000056888 17
12 5.69999024631169 6
13 2.548276488108248 19
14 5.080884834500681 10
15 6.323802729895162 5
16 4.28273234243067 14
17 4.7223666666711415 12
18 4.200660701533684 15
19 6.498785660245849 4
20 7.212832342439625 2
1 3.7705817840483635 5
2 5.263591253934985 1
3 0.42588434764531824 19
4 1.857954722271319 15
5 3.743837400276493 6
6 4.4772264172842515 3
7 1.8741828156328952 14
8 0.8262630317535398 18
9 3.3495374002764917 8
10 4.750114729282792 2
11 1.4720310612739047 17
12 2.6380204275348764 13
13 0.0 20
14 2.763463493680321 11
15 3.3383461574951214 9
16 2.6444200954113724 12
17 4.151155674673177 4
18 3.368219759388918 7
19 3.0143367654288267 10
20 1.8147926931367544 16
1 6.429192749107754 2
2 7.493500473237535 1
3 0.0 20
4 5.3584946957986395 4
5 4.049751971239267 9
6 5.763089378767044 3
7 4.79911495345502 6
8 3.979592749107874 10
9 3.0665787575327283 14
10 5.044257686902373 5
11 2.4738317777843637 15
12 4.287597584518157 7
13 2.4334733335192618 16
14 3.6110004732367504 11
15 4.071572057411914 8
16 1.9413000000007625 18
17 3.5604000000006195 12
18 3.226215116049346 13
19 1.7695788434525097 19
20 2.3925908024175033 17
1 5.113439981007355 1
2 4.093586444879168 4
3 3.6847720080008863 5
4 4.7321845019728705 2
5 3.1205656210633554 11
6 4.102792667851926 3
7 2.1866564540546136 18
8 2.958124208626311 12
9 2.4198250604805263 17
10 3.2382000119099965 10
11 2.453723646531052 16
12 3.5446969348536106 7
13 2.7013557882493306 14
14 3.684644536267305 6
15 0.0 20
16 3.439472438446657 9
17 2.790884510425373 13
18 1.5621201350177634 19
19 3.522085472654067 8
20 2.635389763667357 15
1 2.6694909625580188 17
2 5.275453903741282 5
3 1.3922819251177843 19
4 4.259441871647586 10
5 4.822014866316852 7
6 5.048734385012577 6
7 3.752821283416292 14
8 4.227440320850194 11
9 4.182147112293415 12
10 6.500253903736011 1
11 4.445133529426234 8
12 0.0 20
13 3.7135906417125546 15
14 6.441040320842999 2
15 5.370680213893406 4
16 3.352199999956582 16
17 4.2885909625735925 9
18 2.5991343850215927 18
19 6.273534385021593 3
20 4.182147112292886 13
1 2.88363551983997 4
2 4.614290612154996 1
3 0.4556115655722195 18
4 2.7870256359059 6
5 2.050662670534154 8
6 2.8388601364650787 5
7 0.4312061218982868 19
8 0.9577630645086154 17
9 0.0 20
10 3.8230057793144 2
11 2.352926585315448 7
12 1.6956057793143986 10
13 1.0196307311510246 15
14 0.9842494639693883 16
15 3.3685205688509328 3
16 1.163570178025953 13
17 1.1012254476561263 14
18 1.5522916413445742 12
19 1.7987733191994246 9
20 1.6221460529467224 11
1 3.504294163539456 13
2 4.05351475103955 10
3 2.3047600447900325 18
4 6.66004525244845 2
5 3.909342315576063 11
6 3.426702529819004 14
7 3.690464163557906 12
8 5.4014354188724845 4
9 5.11146827263996 5
10 4.343769999999999 9
11 4.532635968478836 7
12 0.0 20
13 3.160664372128152 16
14 5.822896218089104 3
15 6.729977144050938 1
16 3.3575356278714255 15
17 5.00164834795344 6
18 1.2252394572882097 19
19 4.48636474044355 8
20 2.777545252450538 17
1 2.3067553954350988 9
2 0.528312159854543 17
3 0.8256957312858209 15
4 5.72489573128317 1
5 2.008194774734974 10
6 3.0788007484755644 6
7 3.5875419302906435 3
8 3.3607638052906417 5
9 0.0 20
10 4.208620055290959 2
11 3.024398180289431 7
12 0.2936382992746851 18
13 0.03124923862907658 19
14 1.0999844230608256 13
15 0.8495249935527815 14
16 2.766995731282617 8
17 3.3620449263431897 4
18 1.3340957312833148 12
19 1.5148856802909665 11
20 0.696487840145265 16
1 6.6271973755655935 1
2 5.912536742080244 4
3 3.3165499999999986 12
4 5.221373167420534 6
5 3.574475248867515 11
6 4.585337330318239 7
7 3.9646548416279956 9
8 2.7219999999957833 15
9 1.6891626696823303 17
10 6.523236153845762 2
11 5.316197375564834 5
12 0.5945999999999994 18
13 2.7859591855192667 14
14 3.816562669682656 10
15 0.5166373303156933 19
16 4.138762669683937 8
17 0.0 20
18 3.282207013574193 13
19 6.305037375564833 3
20 2.3488355656097397 16
1 6.349312268036087 3
2 6.666776082453842 2
3 4.154899999989006 10
4 1.591299999998356 18
5 3.8327299999999997 14
6 3.9871776288703304 11
7 5.5406107216509835 6
8 3.8997122680642793 13
9 2.930100000004325 15
10 5.744713195874381 5
11 4.243710721639864 8
12 3.9566754639168304 12
13 0.09409999999987706 19
14 2.2600791752570237 17
15 7.36496350515779 1
16 0.0 20
17 6.029137731961173 4
18 4.1805509278409065 9
19 4.473679175258979 7
20 2.930099999997758 16
1 4.578946334107396 1
2 1.942830926776848 12
3 2.332604545896227 9
4 2.756265085064685 8
5 2.3153596517124106 10
6 2.1290952892446304 11
7 3.1784739172575085 4
8 3.9691239421263704 2
9 0.7180309267768479 19
10 3.3109192315768676 3
11 1.6543069574758933 14
12 0.0 20
13 1.1316984678475257 18
14 3.165290680846859 6
15 3.172689812536542 5
16 3.0303130007740635 7
17 1.2471239421263718 15
18 1.2237796674407293 17
19 1.838755938264286 13
20 1.2248000000000006 16
1 6.217509695829373 11
2 8.72204228284722 3
3 7.513101533396224 7
4 6.723081981812486 9
5 8.52696557855128 5
6 7.344511235497118 8
7 0.0 20
8 4.568404330511241 17
9 4.045872013170239 18
10 9.946842282847285 1
11 4.577806814048474 16
12 3.3521999999999204 19
13 5.095518124803927 13
14 6.3993913389774795 10
15 9.837791338977711 2
16 4.912145838820937 15
17 8.197853032298488 6
18 5.082370978362827 14
19 8.612991338977785 4
20 5.4881956694889285 12
1 2.297967264550579 9
2 1.0000708410497798 15
3 0.8354596436272226 17
4 2.8223301934250684 6
5 3.615042618183529 1
6 0.4447460261573548 18
7 2.3507919287216357 8
8 1.8014758570219096 11
9 0.8400274316605831 16
10 2.898582618183532 5
11 1.3898470209520077 12
12 0.41481436069223254 19
13 0.0 20
14 2.215493524354139 10
15 3.538790193424992 2
16 3.271887002160034 4
17 2.6364353115714017 7
18 1.0725628820651334 14
19 1.321396293403144 13
20 3.402030592189398 3
1 4.854510394883125 7
2 7.165842041156834 1
3 0.0 20
4 4.61020209677411 9
5 3.1490138542823747 14
6 5.102386145717288 6
7 5.50660368743046 4
8 4.648446457174545 8
9 2.9579000000000413 15
10 3.536704543937603 12
11 0.1139999999999195 19
12 3.1696508731924338 13
13 4.182699999999918 10
14 5.2402748331479145 5
15 3.8824999999999235 11
16 0.7673094382647228 18
17 7.125703687430409 2
18 1.2656533203559066 17
19 6.1310635205783175 3
20 2.3347099165739014 16
1 6.072399772142019 9
2 7.029124333715998 5
3 5.7209471668666465 13
4 8.529021639364444 1
5 6.115915537170318 8
6 5.829774705695287 10
7 2.713474705684792 18
8 4.061627448607504 16
9 2.657700000006574 19
10 6.907218588263892 6
11 7.9167733508932265 2
12 0.0 20
13 3.8824999999702303 17
14 5.812198251080379 11
15 5.727509073596365 12
16 5.640798566578239 14
17 7.467981996101685 3
18 4.611540998057761 15
19 7.304221639362314 4
20 6.32907419494642 7
1 7.77904136575467 2
2 6.61008828201992 3
3 1.6321164813468703 17
4 4.661151597207311 9
5 3.477915231512307 11
6 5.4435413661524485 4
7 1.0310337786419272 19
8 3.444088281760967 12
9 3.0592890975695184 14
10 10.22864136566804 1
11 2.030599609888331 16
12 2.7765530548786055 15
13 0.0 20
14 3.1388109376958413 13
15 5.377611597113139 5
16 4.140377734430067 10
17 4.819744531111149 7
18 1.1180554688520656 18
19 4.861848793021419 6
20 4.739938793012127 8
1 3.9006999029594978 2
2 0.6374060317490042 16
3 1.6263060317753768 15
4 1.7318171516513432 14
5 3.3594060317429273 5
6 2.614724708995954 8
7 2.194937645452059 10
8 1.8024057406995788 13
9 3.0706171518451693 6
10 3.844755070500754 3
11 2.5896999030066037 9
12 2.9800273985640007 7
13 3.730715070556389 4
14 0.0 20
15 2.1274000000150317 12
16 0.6374060317479113 17
17 2.1738623544960562 11
18 0.16512470900215348 18
19 6.146027398595335 1
20 0.15132748679109742 19
1 3.8209459824275736 5
2 5.426067045258355 2
3 3.303943994354287 8
4 3.168596408190811 9
5 4.173261228076482 4
6 0.0 20
7 2.2309995487276626 17
8 2.3697966387324545 15
9 3.028189502420011 10
10 6.270545982430621 1
11 2.6576999999953235 13
12 1.6769292245768366 19
13 1.785876500430691 18
14 3.5422640720666543 7
15 3.558568816833859 6
16 5.253459363494156 3
17 2.318662816379624 16
18 2.662057590085356 12
19 2.6217064055933768 14
20 2.938909595030666 11
1 8.06164999987472 1
2 7.205724999913777 3
3 7.1386899999124385 4
4 6.836849999911192 5
5 3.352199999978157 14
6 2.257515908992124 17
7 0.0 20
8 4.615099999904686 10
9 5.4345250000025205 8
10 7.855149999869853 2
11 3.5839195453635013 13
12 3.352199999530885 15
13 3.2491749999081403 16
14 4.714767727178324 9
15 2.1273999999781594 18
16 6.348199999905374 6
17 1.6190999998872262 19
18 6.054975000004139 7
19 3.8170604544549387 11
20 3.695150454449882 12
1 6.503982619066376 8
2 7.359650224074553 5
3 0.0 20
4 5.97414857142873 11
5 5.5300709524074225 15
6 7.20625904755085 6
7 5.747232577029568 14
8 5.379606190460017 16
9 5.264959047705696 17
10 7.011423753515546 7
11 5.826014929983684 12
12 8.229541400565825 2
13 6.334344929983686 9
14 7.707248571430644 4
15 3.8825000000129832 19
16 5.8260149299116835 13
17 5.17236051818833 18
18 9.147910518188331 1
19 6.095782619066374 10
20 7.737461988821572 3
1 5.783752998376923 4
2 4.306018658979884 11
3 2.5398496913079724 18
4 3.4348019292212655 15
5 5.705000532513029 5
6 2.9581188005064023 17
7 3.443800839067066 14
8 3.0516145767450906 16
9 6.575483227734386 2
10 6.6680585973964135 1
11 4.015271928510424 12
12 5.461592999728227 6
13 0.0 20
14 2.291889748779287 19
15 4.842383227764898 7
16 4.546954144157735 9
17 4.580904539478197 8
18 6.113420912616602 3
19 3.6175832275593924 13
20 4.390800000428161 10
1 3.78466613722384 3
2 1.7790501616133558 15
3 1.4041876744385715 17
4 2.4904761815853935 9
5 4.165248762613819 1
6 3.064122259061267 6
7 0.7268767863950047 19
8 2.377384603449317 10
9 2.189481335507529 11
10 3.00385015660311 7
11 2.6514745731006384 8
12 2.0090942470132576 13
13 1.788241511321172 14
14 3.800331722169185 2
15 3.7250247648612165 4
16 0.7488631716188767 18
17 3.431321364417008 5
18 0.0 20
19 2.0180973555633797 12
20 1.6078915433726328 16
1 1.366800437149162 15
2 1.3727736575388203 14
3 1.0200919480079031 17
4 5.597648605099081 2
5 3.165845558065099 5
6 4.050399901531126 4
7 1.5529704371491577 13
8 2.5386898241975944 8
9 5.623606025542806 1
10 2.5440298184809205 7
11 2.779706025542805 6
12 0.21014689335632042 19
13 0.6326797468640626 18
14 2.0800684588486673 11
15 1.7465385015347825 12
16 1.173310570555413 16
17 4.28079378671265 3
18 0.0 20
19 2.398110570555412 9
20 2.2975520285846116 10
1 5.017790181369218 1
2 2.22836600777162 6
3 1.2685157411657266 11
4 2.9872483086326165 2
5 2.0990398971903312 7
6 0.03785120152470167 19
7 0.6500700730240878 18
8 0.8535652433425008 16
9 1.5988496800897656 9
10 2.81286447785915 3
11 0.8184200428735032 17
12 2.228366007771621 5
13 0.0 20
14 1.2061130874572885 12
15 2.704949911565249 4
16 0.9453072407823712 15
17 1.2045496800897655 13
18 1.2752679565547949 10
19 2.0374089978088388 8
20 1.1490124061836358 14
1 3.251378009487629 3
2 1.9965857582972668 11
3 0.0 20
4 2.2820406084554117 10
5 2.3845129069248934 9
6 3.349433357533961 2
7 1.0805571131829366 14
8 1.5202188608191742 12
9 2.387859023440667 8
10 3.0095614997702844 4
11 1.1216584160965895 13
12 0.8633723908689666 16
13 0.6673597781765179 17
14 2.5202148627691745 7
15 2.705382782258698 6
16 0.8832918385407125 15
17 2.9739734073964432 5
18 0.12085125923905671 19
19 3.9315129069248935 1
20 0.2568330610041165 18
1 3.0746898876461994 8
2 4.577223820235603 2
3 2.5589213483270568 12
4 3.621338089894784 5
5 1.5789250561813728 14
6 3.133079775284672 7
7 1.4112238202140588 15
8 6.487252584271426 1
9 1.2649449438286176 17
10 3.27538134829065 6
11 4.201808089891573 3
12 0.0 20
13 2.2417238202305363 13
14 1.3927550562128206 16
15 0.45713483146818 19
16 2.61283640451212 11
17 3.7652525843018587 4
18 0.5992525842714231 18
19 2.7525298876472943 9
20 2.6306198876470366 10
1 3.1231021620042028 6
2 1.663806625253884 13
3 1.366674129993032 16
4 2.825130292331871 7
5 1.3715188306475614 15
6 0.8842912959717097 18
7 3.17644894949124 5
8 0.7997139755877478 19
9 4.287248949493229 1
10 2.620429933483204 8
11 1.7467257369881608 12
12 1.9164067607059276 11
13 2.5063899334856803 9
14 1.9164067607097366 10
15 3.3939091205144165 3
16 3.892908949493229 2
17 3.2541758312358047 4
18 0.9274777956825051 17
19 1.469788714989845 14
20 0.0 20
1 7.409513333333065 1
2 5.431666011831307 11
3 6.506883333334315 5
4 6.895646666666666 4
5 7.365572682451585 2
6 2.5048466666666753 17
7 5.954059254437443 8
8 7.061620532535873 3
9 5.191027976329545 12
10 6.348359254440515 6
11 1.7883866666666712 18
12 4.934220532545787 13
13 0.0 20
14 5.99855333332863 7
15 2.657699999999989 16
16 1.7883866666666401 19
17 5.912920852069341 9
18 3.6807133333333804 14
19 5.711429341232387 10
20 3.5270133333334073 15
1 3.915920445926266 8
2 1.0402280404933228 17
3 2.0093742222025375 15
4 2.2012380070527344 13
5 3.0644508916486908 10
6 7.15043755268832 1
7 2.161820891648661 14
8 4.31428390252011 5
9 4.7267545333461385 4
10 6.345854533306071 2
11 5.8918742221153 3
12 4.2184545333541665 7
13 0.0 20
14 2.8782808913136124 12
15 2.993654533125482 11
16 4.290554533315728 6
17 1.5922839025340325 16
18 3.4194302524242395 9
19 0.5197715476498095 18
20 0.0028766022036719185 19
1 0.3221599999999971 18
2 0.0 20
3 0.3684882995789738 17
4 4.166548090796635 8
5 3.4500880907806715 13
6 3.8466409973868743 9
7 3.5620698641280324 12
8 4.221984830163774 7
9 5.577249728230451 4
10 7.0161889809608 2
11 3.8335634534349436 10
12 6.403322316828053e-12 19
13 3.110304898102318 15
14 5.603494544093484 3
15 3.768117011182217 11
16 4.278529864125218 6
17 3.0649595880431963 16
18 5.170706217198219 5
19 3.1659999999772004 14
20 7.50110489809499 1
1 3.14176768152373 8
2 3.6740027830074435 4
3 2.671492898096083 10
4 3.6611790814051433 5
5 3.435643304038834 6
6 1.5078192069472947 18
7 2.1665807930525194 13
8 1.8535245699917815 15
9 1.7829205586941685 16
10 4.409337062145081 2
11 2.724721910438679 9
12 3.4356433040384085 7
13 2.163979081396353 14
14 3.91032055869486 3
15 2.210843304038487 12
16 1.7198790813966072 17
17 7.063179081397967 1
18 0.0 20
19 1.2558087340450543 19
20 2.3413046976367475 11
1 2.0756356476261817 7
2 1.5100080780607852 9
3 1.3691281310115897 10
4 2.444466103142268 5
5 0.6640871463707402 16
6 1.3407513119759942 12
7 1.1926002279551602 13
8 1.3665835198634497 11
9 1.653267326241223 8
10 3.627592777431178 3
11 3.9984513119730214 1
12 0.35316739588997725 18
13 0.0 20
14 2.161106789531737 6
15 3.6916889087196174 2
16 0.6548661416950186 17
17 2.5808889087138724 4
18 0.3031113763397182 19
19 1.0407287720921337 14
20 0.9847194131742509 15
1 5.895186831623992 5
2 2.321114928586594 16
3 0.8602527144393717 19
4 3.546919068290992 12
5 4.321173948507308 7
6 2.777293220047065 15
7 0.0 20
8 6.962232845752135 2
9 3.54963120175056 11
10 7.238065299151928 1
11 3.3458636156190726 13
12 1.5563631897900478 18
13 5.96880829918452 4
14 4.021931530759559 8
15 4.6837910320226 6
16 2.2515260031224225 17
17 3.572991032022591 10
18 6.800066752649489 3
19 3.268242126034832 14
20 3.90885911301182 9
1 3.723370381362034 7
2 0.3968288258064505 19
3 3.9349477476702632 5
4 3.8172381892473872 6
5 3.151033777777845 8
6 1.5624630379929425 16
7 2.8242477476704755 10
8 1.829716888888881 14
9 1.9122260702509641 13
10 5.269095306093309 1
11 0.6253127297491137 18
12 3.146364541935451 9
13 0.0 20
14 4.039626070250545 4
15 2.145382318279509 12
16 1.2506254594981947 17
17 4.8992000000000075 2
18 1.599447747670205 15
19 4.158295306093174 3
20 2.1736948544801837 11
1 10.755300000000002 4
2 9.175859999999997 6
3 8.057596363636367 10
4 8.6723290909091 8
5 8.905370909090909 7
6 7.2346600000000025 12
7 2.6645352591003757e-15 19
8 0.0 20
9 10.909000000000011 2
10 8.481483636363645 9
11 0.7164600000000094 16
12 3.3522000000000043 15
13 6.518200000000005 13
14 9.684159999999995 5
15 11.117159999999991 1
16 0.7164600000000068 17
17 7.951059999999997 11
18 4.78506 14
19 0.20813000000001036 18
20 10.909000000000006 3
1 3.4479238786544864 3
2 3.62662658054132 2
3 0.4853155947065013 17
4 4.162785022689127 1
5 1.7529734194585704 10
6 2.689800000000028 5
7 1.0284408714003717 14
8 0.1861703366428531 18
9 2.120665450765579 7
10 1.8948642427222993 9
11 0.0 20
12 0.6079694351120324 16
13 3.397282455352979e-14 19
14 2.5872668224206747 6
15 1.970718220615999 8
16 0.697915065985979 15
17 3.1196642427222896 4
18 1.6758292592187733 11
19 1.186102734619758 12
20 1.1171903180130078 13
1 5.377740252900936 4
2 4.967349472520892 7
3 1.861742240404565 18
4 6.280380252900837 3
5 6.456262627194318 2
6 2.477739715858394 15
7 3.4223703736134237 12
8 2.0054989450418566 17
9 6.84057144004764 1
10 3.584435186806622 11
11 3.0610933115144348 13
12 0.0 20
13 1.540557402558897 19
14 2.847009715858396 14
15 4.974409715858393 6
16 3.738598945042066 10
17 4.639762029157903 9
18 2.1274000000001445 16
19 5.055580252900961 5
20 4.775023814340899 8
1 3.8531648589914553 5
2 4.050277758354286 4
3 0.0 20
4 2.723610949930965 10
5 2.8899616668962116 8
6 3.349858963311948 6
7 4.243191119836089 3
8 2.4154954906428254 12
9 1.4867822198679623 13
10 4.637491119836088 2
11 1.0729173806807242 15
12 2.424557040870457 11
13 0.23724032532830108 19
14 2.77781763448984 9
15 3.0183911198360893 7
16 4.8565696303692105 1
17 1.024421442693806 16
18 0.8329410366880459 18
19 1.31674739474475 14
20 0.9139691315816036 17
1 7.601282184164076 1
2 5.037206191477038 4
3 3.7377107476411537 9
4 1.8397777179734396 17
5 1.8085814465066286 18
6 3.680452568190149 10
7 1.3280106015697908 19
8 3.1718393938588396 14
9 3.580651203139587 11
10 3.9562959729013714 7
11 5.492415244574573 2
12 4.489724232807298 6
13 0.0 20
14 3.1479293798335934 15
15 2.5562377179734397 16
16 4.695137376177113 5
17 3.7573593984302067 8
18 3.4475273217057025 12
19 3.4250103248231034 13
20 5.44992699215104 3
1 4.3582869852835335 5
2 2.5321035077027676 10
3 0.9538568572409183 17
4 4.5940965100983355 4
5 1.5913453337892347 14
6 1.7330999999995944 13
7 1.2670126518319642 16
8 1.4723105231058575 15
9 0.9340964922986879 18
10 2.6146070154061003 9
11 2.4728238644300102 11
12 0.0 20
13 0.547983952754763 19
14 4.193345727490954 7
15 5.310556510099362 2
16 2.878579470728828 8
17 4.263068380690317 6
18 7.770123074289756 1
19 4.604123074288377 3
20 2.0670682581306297 12
1 7.121244851208573 2
2 0.0 20
3 1.5201280498113086 19
4 7.457302197951215 1
5 5.480753890950174 5
6 4.140982073433423 12
7 4.04770986068101 13
8 5.18919933427635 9
9 3.5934696116440854 16
10 5.768293533370732 4
11 2.9579000000059157 17
12 5.480753890943403 6
13 4.204595821657485 11
14 6.404784851196383 3
15 5.200828140545273 8
16 5.228526761497786 7
17 4.688494535223772 10
18 3.901510836966457 14
19 3.649894535222258 15
20 2.8140741979823707 18
1 7.03061465437778 3
2 4.783984101382714 8
3 3.751624239631366 11
4 6.9458943778802436 4
5 6.121674516128894 6
6 1.7331000000000065 17
7 2.8649458986174174 14
8 4.581014654378299 9
9 1.5019914285716705 18
10 4.473254792626291 10
11 7.634124239631214 2
12 0.0 20
13 1.3610217972353649 19
14 6.794614654377781 5
15 7.634124239631328 1
16 2.2131949308756056 15
17 5.698054792626809 7
18 2.140798064515632 16
19 2.9578999999999507 13
20 3.3323882949308854 12
1 5.853893408243179 5
2 7.197799600430255 2
3 1.5840390678993965 17
4 6.2359450252877675 3
5 4.101184173741934 10
6 5.304483782639571 7
7 3.6056966423324113 14
8 4.2528511227315615 9
9 3.7926726166555844 13
10 1.473607913129047 18
11 7.962183782639535 1
12 4.52467316429045 8
13 1.359567913129049 19
14 3.9120115591459586 12
15 3.9866049715083425 11
16 1.9004920868709476 16
17 2.6984079131290457 15
18 0.0 20
19 5.623978583197771 6
20 6.087906435453252 4
1 4.054242490588006 1
2 0.8853334655540459 15
3 0.46610127110421007 19
4 0.7882612711042094 17
5 0.0 20
6 1.9413000000000011 12
7 2.9425011915389083 7
8 2.2882513828837565 11
9 1.7522813184552661 13
10 3.0043663033831396 6
11 3.1336529571123592 5
12 2.4679179549776804 9
13 0.7868635144575971 18
14 3.173799636716481 4
15 3.8965823927809016 2
16 0.7962356600038796 16
17 2.834932970049807 8
18 1.2324996367164747 14
19 2.3719510001940614 10
20 3.5744223927809013 3
1 11.809378121174658 1
2 9.359667718137889 3
3 0.0 20
4 10.909100000000004 2
5 6.016291324856601 17
6 6.518299999999859 16
7 5.445669930333763 18
8 5.022309193715676 19
9 7.094410971266079 12
10 9.156598551005581 4
11 8.302516193822743 7
12 8.049872142529663 9
13 7.567729465624444 10
14 6.8774921995577 13
15 7.249454297697647 11
16 6.851479707470025 14
17 8.283444098707582 8
18 6.524621324856609 15
19 8.371738873998579 6
20 8.72305567411995 5
1 6.302259112659497 1
2 2.0161815244017287 12
3 0.0 20
4 4.676807923471928 2
5 2.821768244531013 6
6 3.1187083116447996 4
7 2.2136000000000005 11
8 1.8570093832353858 15
9 1.3541447345263031 17
10 2.9836332486485677 5
11 2.3945985587187057 9
12 1.1503553494243917 19
13 1.2086687643548701 18
14 2.3547444808112954 10
15 3.3380075957167747 3
16 1.8959629986940136 13
17 1.6717213159419773 16
18 1.8765706350385307 14
19 2.81669552588477 7
20 2.419759112659496 8
1 4.147072387724984 5
2 1.3326606234077099 15
3 2.970019577859619 7
4 1.8634428868442625 12
5 2.232298030540303 9
6 5.112432020195743 1
7 2.1761470891288344 10
8 1.2675999513764469 17
9 1.7911546965245684 13
10 4.700988148848065 2
11 1.3324900486235527 16
12 1.4952505813689392 14
13 0.6766544630905369 18
14 2.8926070891288296 8
15 2.1143018807513303 11
16 4.243614182317845 3
17 0.0 20
18 0.6345195778596189 19
19 4.173769208567294 4
20 3.53353215964016 6
1 3.382195370702193 10
2 1.7290733042056299 17
3 1.3154800282811276 19
4 1.7795046293118366 16
5 4.451073304542834 5
6 4.3929773216239 6
7 3.775998502611163 7
8 3.516403432555618 8
9 1.487810583672223 18
10 3.0008217880670984 13
11 4.573741352734038 4
12 3.0669252805544382 12
13 0.0 20
14 3.512604629222391 9
15 5.917715190429105 1
16 3.0761498000114043 11
17 4.806915190450718 3
18 2.1636101453878434 14
19 1.9906076995302409 15
20 5.503165512233076 2
1 2.9579000000000235 13
2 5.545295609212325 3
3 2.121583806532673 16
4 5.613221751423469 2
5 2.7679071608039667 14
6 4.818395741206255 7
7 2.085552896817945 17
8 0.0 20
9 4.76761103651651 9
10 5.913390890452241 1
11 1.756088580402011 18
12 3.2037250542714686 12
13 5.239893093634765 5
14 2.5889908904522416 15
15 1.7330999999999919 19
16 5.45172917236088 4
17 4.401497613065235 10
18 5.148661132998521 6
19 4.8025908904523344 8
20 3.205701320938064 11
1 4.686641731488971 1
2 2.330330478788578 15
3 3.9695100065329525 6
4 2.8827964999548406 14
5 3.276105180922576 9
6 0.6231198009641732 19
7 4.282175162947875 2
8 1.9361007964543422 16
9 3.073140919141398 11
10 4.10811625093644 5
11 2.9307304697903476 13
12 1.5689426334700731 17
13 3.060269566712446 12
14 3.4611800065329517 8
15 4.23543046964001 3
16 4.126564802248985 4
17 1.537148926569185 18
18 3.1271035000451963 10
19 3.9142618797069426 7
20 0.0 20
1 3.4959035160987355 8
2 2.3699252808380895 14
3 1.5268197587755157 18
4 4.009058231018689 6
5 6.988705309214834 1
6 2.3785811160074246 13
7 3.6820735160988036 7
8 2.46081515382059 11
9 2.03277995220856 16
10 2.4748902474334975 10
11 4.3494979735292 4
12 0.9176858961204699 19
13 4.083685896120431 5
14 3.3741687159170546 9
15 5.7066706662202105 2
16 5.255605309215047 3
17 2.0096595653383558 17
18 0.0 20
19 2.457273516098398 12
20 2.335363516100754 15
1 2.898648161513785 9
2 1.8272739945382255 14
3 0.0 20
4 4.349038631811868 1
5 2.7947686318118143 10
6 4.113009289775877 3
7 2.3708702884076214 11
8 0.5700153888964832 18
9 3.4816702884132367 6
10 4.234998631811869 2
11 3.170203533690797 7
12 1.3564270478604106 16
13 0.09002723482422548 19
14 1.3564270478615958 15
15 3.6398986318118673 5
16 1.2219453138846363 17
17 3.989970288413236 4
18 2.0454854639162 12
19 3.1241986318118675 8
20 1.8921386318118807 13
1 5.033279633699895 1
2 1.3795769963371032 14
3 0.9505851648352659 17
4 1.323173772894014 15
5 2.765871831502027 8
6 3.198620659342196 4
7 1.9591079487184326 11
8 1.0010137728934239 16
9 2.4268312454211376 9
10 4.472672014652117 2
11 3.0616720146523195 7
12 1.3795769963372493 13
13 3.513868827838614 3
14 0.08904849816871652 19
15 1.8632418315016368 12
16 2.0835068864471533 10
17 3.183582014651433 5
18 0.0 20
19 0.09837377289388094 18
20 3.096017435897335 6
1 0.0 20
2 3.5112634452840963 4
3 0.9485355123965153 16
4 3.2298908551127674 7
5 2.710565355918547 9
6 1.6148187605134678 13
7 1.2002817226992055 14
8 4.057839636570213 1
9 2.9914529642248526 8
10 2.449599999862464 11
11 3.4751004342485095 5
12 0.44742755722693195 19
13 2.116539636455415 12
14 1.1684602776391868 15
15 3.80926789506276 2
16 2.7039185965941086 10
17 3.4182677562911694 6
18 0.9463915377566607 17
19 3.6121678950835236 3
20 0.5407799644310709 18
1 5.150873945889117 9
2 4.927220659098377 11
3 5.008217891778233 10
4 5.958319518175263 6
5 4.725348842022469 13
6 5.266589733652295 7
7 6.884174659824312 2
8 1.9413 19
9 2.449629999999999 18
10 6.825112525565784 3
11 4.7062714965497 14
12 4.138028564499663 16
13 0.0 20
14 4.748754436559657 12
15 7.068385521017232 1
16 6.528665030744932 4
17 3.702420659098377 17
18 6.112736794082839 5
19 5.250030194328059 8
20 4.619726054110885 15
1 6.5610903017045175 1
2 4.797957713879937 9
3 1.6278150764143513 16
4 5.336290301700922 5
5 6.075660867152488 2
6 5.559014757173994 4
7 1.6319577138679389 15
8 0.0 20
9 0.5083300000068047 19
10 5.8051872963497235 3
11 1.564232818493716 17
12 3.786518679324851 12
13 2.2500228895422643 14
14 4.808803308028487 8
15 4.326585548414366 11
16 4.3515671814916805 10
17 4.9132144379681435 7
18 2.280692818483433 13
19 1.2335150763977376 18
20 4.923586075909499 6
1 2.943019374533951 5
2 3.501721185043889 4
3 2.0633436320774527 12
4 3.605887048831624 2
5 1.4944776381964273 13
6 1.0697767448427637 15
7 2.6029152492591923 9
8 0.47681762573752184 16
9 2.3086771947786153 11
10 3.7110884358251974 1
11 1.3993170883630208 14
12 0.0 20
13 0.08783389806371034 18
14 2.744641715926712 6
15 3.5355735993314656 3
16 0.06521307643703955 19
17 2.674784276210701 8
18 0.18148872901056956 17
19 2.7227010747709963 7
20 2.308677195144101 10
1 4.213070067968368 6
2 3.923990067944804 8
3 3.4142295237987477 11
4 7.007210610243656 1
5 4.861891152530612 5
6 2.8686100679448003 16
7 4.198970068455996 7
8 3.511466339767743 10
9 3.0387316959029076 12
10 5.823700000000091 2
11 2.902070067832682 15
12 0.9263704743671282 19
13 2.619815084915952 17
14 2.9058995259524187 14
15 5.033299525505836 4
16 3.038070067936607 13
17 0.0 20
18 5.055249016790204 3
19 3.5224450847605935 9
20 2.263400001006368 18
1 5.544712220622146 6
2 4.5582797024429595 11
3 3.3521431500889465 12
4 5.263222656055169 8
5 3.0441000011185357 15
6 0.4204652033294476 19
7 5.408080351163488 7
8 1.3922796996118416 17
9 7.526622655978361 1
10 4.753607751153161 10
11 6.295650108372287 5
12 4.868922655964077 9
13 0.0 20
14 3.076850296544211 14
15 7.234643142795785 2
16 6.295650108587562 4
17 6.869517561851872 3
18 0.872422655967855 18
19 2.9578431427965888 16
20 3.246445962985386 13
1 2.2521458672216808 10
2 2.6666576169567873 7
3 2.3241429975623693 8
4 2.742386602823541 6
5 0.905445867923296 16
6 1.47181622480473 14
7 3.4880294328495394 3
8 2.271964002346109 9
9 0.2894503089997953 18
10 3.144999009307141 5
11 6.20664299764174 1
12 1.7652238268402722 13
13 0.0 20
14 2.218759546323298 11
15 0.0028158678106371404 19
16 1.0771458679120538 15
17 2.1071014137626682 12
18 0.9035184558772902 17
19 4.93122382665865 2
20 3.3047797730938884 4
1 3.323800569447295 3
2 2.323604233510085 12
3 1.7972908906278144 16
4 2.6533708527242017 10
5 2.408635963754534 11
6 3.848756180735494 2
7 2.062762975798248 14
8 2.8436122659111795 8
9 2.0879139748249176 13
10 2.6640639207917003 9
11 2.8687392388072714 5
12 0.8921625184513378 19
13 0.0 20
14 1.8865961427366875 15
15 3.046538007928943 4
16 2.868739238807271 6
17 2.863717399793608 7
18 1.659705471983933 17
19 1.6561085518028875 18
20 6.282012265911181 1
1 3.154209834609324 4
2 6.148847766552665 1
3 0.2485446338183559 19
4 1.9281005135003255 14
5 2.1718897874652576 11
6 3.2763035642716556 3
7 2.4621446338183586 9
8 1.2517676773862896 16
9 2.159669527225652 12
10 2.8181514007381114 6
11 1.170172918600751 17
12 0.0 20
13 0.6544372939339909 18
14 2.7789211603071147 7
15 2.566590592728595 8
16 1.8061173199245442 15
17 2.844443700390208 5
18 2.127218968336992 13
19 2.220480713694725 10
20 3.9743765647683365 2
1 4.2371000001652 8
2 3.9149400001692523 9
3 4.991120698101955 6
4 8.786915348685238 1
5 3.7686139537298575 13
6 3.379239303176367 15
7 0.5627400001288563 19
8 2.189387906635491 17
9 1.4379393021752098 18
10 5.496768140343989 5
11 3.874945581230372 11
12 3.9149399994754734 10
13 0.0 20
14 4.482790695608494 7
15 2.2585681394217625 16
16 6.845615349758291 2
17 3.7860330233103374 12
18 6.042340000128975 3
19 3.406610000006559 14
20 5.838610465219652 4
1 5.130363763156163 4
2 2.1274 17
3 3.2557858071599464 14
4 5.224530691439133 2
5 4.531590598134012 7
6 4.286537015187553 8
7 3.510270107911558 13
8 2.0337464111737473 18
9 5.297841922259093 1
10 5.12795073043979 5
11 4.905226252551012 6
12 3.526917890482362 12
13 1.5935878040814515 19
14 4.247346411173749 10
15 4.248773747448986 9
16 4.237651633869283 11
17 5.212422378577917 3
18 3.2293564859066577 15
19 2.6018872198139973 16
20 0.0 20
1 2.87679182757805 4
2 4.562531433451493 1
3 1.3728577945011213 14
4 2.468270865157661 6
5 3.0969574760024794 2
6 2.621231433451496 5
7 0.6741106312011889 18
8 1.2290998568142908 15
9 1.5313293589451062 13
10 2.452077449485371 7
11 3.07421787016178 3
12 0.9676288256577068 16
13 0.0 20
14 2.392170866122289 9
15 1.9350010055463422 11
16 0.8078072154937717 17
17 2.257080135424834 10
18 0.35321237137021555 19
19 2.443636981502173 8
20 1.749394701031366 12
1 2.3241288067378267 5
2 1.4188896166213678 14
3 2.01849362330565 6
4 4.307455884525175 1
5 2.4943882061564078 4
6 0.4358831637721816 18
7 1.4312122465821995 13
8 1.0907606497168563 15
9 0.19408961662136948 19
10 4.040703990170003 2
11 1.591758206156407 8
12 0.0 20
13 1.002774451129373 16
14 1.5101636233056501 11
15 3.0497351472317122 3
16 1.9929913620861255 7
17 0.86936238192654 17
18 1.5672686086392258 9
19 1.5187617803266202 10
20 1.4747215587006226 12
1 6.481966948450898 2
2 4.120990289828146 16
3 4.3217741433378425 14
4 5.382736821196216 9
5 5.122230837496413 10
6 5.9851379801149704 3
7 5.624669895441888 5
8 5.55256073225192 6
9 0.0 20
10 5.447447209623211 8
11 4.566992068537457 13
12 3.122278652364607 19
13 3.1863688859484336 17
14 6.560642454293822 1
15 4.165515143997215 15
16 5.840370425939736 4
17 5.484163617175162 7
18 3.165999993384439 18
19 4.943628836216909 11
20 4.695388688947189 12
1 5.409248876593941 3
2 5.243240988943022 4
3 0.9113989037746233 17
4 6.2935658691463665 1
5 0.38770445188731406 18
6 3.654918972285534 8
7 2.595426764244858 14
8 2.0470637129082814 15
9 1.4502315978648619 16
10 5.91420102703664 2
11 3.816318560711718 7
12 0.0 20
13 3.4835973714382558 9
14 0.20153445188731256 19
15 3.231800661571702 11
16 3.4074691255750857 10
17 4.1029784729336995 5
18 4.089995617301415 6
19 2.964465548112688 12
20 2.6603532653590336 13
1 3.739573999891789 9
2 3.631361999986325 10
3 3.531443999690378 11
4 4.390799999558919 3
5 3.2092839998961837 12
6 2.449599999894115 18
7 4.319332000059641 4
8 4.2908319996797495 5
9 1.2536159998966205 19
10 4.262332000457779 6
11 2.4784159998966206 17
12 3.9964999999798203 8
13 2.4784159999950583 16
14 3.023113999991673 14
15 5.121687999977083 2
16 2.5645739999155 15
17 4.161631999986325 7
18 0.0 20
19 3.123031999525372 13
20 7.729231999956533 1
1 2.3951624048544944 16
2 5.092810750138509 2
3 4.584480750138928 3
4 3.3391375951498388 11
5 3.228599525648589 12
6 2.58072480970912 14
7 4.083393320464117 8
8 4.125558560396896 7
9 4.179847115279274 6
10 3.225097595146291 13
11 3.397287435190257 9
12 2.0444672752352466 19
13 0.0 20
14 2.1997957528963568 18
15 4.327195752896449 5
16 2.299466696084008 17
17 2.512139525649763 15
18 6.605093320464118 1
19 3.3700143849967055 10
20 4.477693320463405 4
1 7.195639090908289 7
2 4.179948181821685 12
3 10.078500000000933 5
4 10.400659999998734 4
5 5.501529999990641 9
6 1.733100000000392 16
7 7.234659999999175 6
8 4.7460390909094885 11
9 3.7068118181869485 13
10 4.7850700000029605 10
11 0.8305000000001517 18
12 0.0 20
13 3.2448663636336748 14
14 1.4921397450962104e-13 19
15 13.960999999999967 1
16 12.01979999999997 3
17 12.292099999999973 2
18 6.009860000004549 8
19 3.1269390909091586 15
20 1.224769999999273 17
1 1.6267246088307425 15
2 3.2979490095319655 2
3 1.8891559846081876 13
4 0.0 20
5 2.7287470712286117 8
6 2.7874717845393278 6
7 1.9412599999887235 12
8 2.7658850168157962 7
9 2.6736820131700467 9
10 3.580416336992304 1
11 0.21205785112158693 19
12 1.788568040485446 14
13 2.8681413647930016 5
14 2.9756288711220655 3
15 0.7164599999766608 17
16 2.8746277575970787 4
17 2.0122870712457357 11
18 0.7436618734133849 16
19 2.571943037160219 10
20 0.2120578511717921 18
1 6.351300164971521 3
2 5.625209153361262 6
3 1.2236485517516313 19
4 5.654366067963137 5
5 6.482045574151741 2
6 5.751815446605882 4
7 3.626004088919198 15
8 2.8187349895283473 18
9 5.059814251290577 9
10 6.616257797866853 1
11 4.389483635733922 12
12 2.916906183483353 17
13 0.0 20
14 5.4341145222822815 8
15 4.576013057235711 10
16 5.586722738751371 7
17 3.9651579417113485 14
18 3.1344359504476538 16
19 4.245941490287852 13
20 4.390799999885328 11
1 3.4227669645732632 6
2 1.6740025684380107 15
3 2.5201369645732696 13
4 2.8324121658615216 10
5 3.5923489855072472 3
6 2.6233449275362126 12
7 1.2969000000000042 18
8 1.5035208856682958 17
9 0.44367321256037684 19
10 2.8988025684379624 9
11 0.0 20
12 3.592348985507239 4
13 1.6684732125604307 16
14 2.971472141706896 8
15 3.5058922705313824 5
16 1.7174130434782584 14
17 4.268697971014499 2
18 5.71974898550725 1
19 3.0847223268921353 7
20 2.6493735990338245 11
1 3.677377084874119 3
2 3.627897236028489 4
3 3.0360692702364154 8
4 3.7969379772987426 1
5 2.57208834332179 11
6 1.8575256050539126 16
7 1.8386229814961208 17
8 2.75499713396447 9
9 2.3254801971510344 13
10 3.358818174221285 6
11 2.7277458629704703 10
12 1.5055544463533466 19
13 0.0 20
14 3.7051144222333 2
15 3.339578229865362 7
16 2.482628202043322 12
17 3.4078882576873886 5
18 1.5106116566782117 18
19 1.9433363397205832 15
20 1.9974692702364167 14
1 4.31234828818555 10
2 6.022668559071053 5
3 5.564335929888124 7
4 5.9364933007058776 6
5 4.316515005690475 9
6 4.214340876393447 11
7 2.1610556999769335 16
8 4.020270528112895 12
9 4.528600528112623 8
10 6.509855702253412 4
11 8.980568559071006 2
12 0.0 20
13 8.98056855907102 1
14 2.0901711882537626 18
15 1.8254365627135383 19
16 2.2800613908483376 15
17 3.186567420896705 13
18 7.694600528112677 3
19 2.147967420896267 17
20 2.5553556999773255 14
1 3.8614054738888406 4
2 2.182707079607205 7
3 1.928517881505019 9
4 4.611838158146535 3
5 2.5628347088205703 6
6 2.0630236635462604 8
7 0.5575030352785038 15
8 0.3128665414872953 17
9 0.41059824057117567 16
10 1.3828767724492446 13
11 1.0346584025244785 14
12 1.5640128047864548 12
13 1.6720466864951176 10
14 1.6591605986473428 11
15 0.12081676209621484 19
16 3.793375485381044 5
17 4.620892471292785 2
18 0.15414841424518588 18
19 5.01817547852287 1
20 0.0 20
1 7.129572472222861 1
2 6.290223541426315 3
3 4.285672472222812 9
4 7.026332026968242 2
5 4.14970247222281 10
6 1.8898604010278726 15
7 4.688170015028133 8
8 0.0 20
9 5.412113348361469 7
10 5.469326682161423 6
11 2.4817623608223216 13
12 2.5962550553653596 12
13 1.7164522497320467 17
14 2.404927528235996 14
15 1.7711645881311184 16
16 1.633362494726966 18
17 5.850342138322314 4
18 0.20046249466908517 19
19 5.781893541583168 5
20 3.2470724735677505 11
1 9.583240259909715 2
2 4.70535541740555 13
3 2.3122969643610163 19
4 4.862902063655072 12
5 8.390240259910415 3
6 2.4904979363994384 18
7 0.0 20
8 5.185651090580526 10
9 5.5065498513381845 8
10 5.801162124958832 7
11 4.1414234078463315 14
12 3.310923407844397 16
13 5.346140259909548 9
14 6.188600668491341 6
15 5.1483265131743154 11
16 7.306645055627328 4
17 3.8059958726805543 15
18 2.606508771192168 17
19 9.93724025990958 1
20 6.838105464189896 5
1 5.330349354842092 5
2 4.895071935482022 6
3 4.42771935484033 7
4 7.022471935488 4
5 3.8753296774375907 11
6 2.2144561290403058 16
7 2.760305268816521 13
8 2.442429677419307 15
9 3.6702719355003257 12
10 7.779949354841819 2
11 7.852971935488 1
12 0.0 20
13 2.684643870977857 14
14 4.156512258052568 9
15 1.736338602151366 17
16 1.6748770967738427 18
17 7.549659677423394 3
18 4.383659677418214 8
19 1.5355052688211028 19
20 4.137624516129863 10
1 3.5387188891613564 13
2 2.666508738984879 17
3 1.8512229804984994 18
4 5.018827329943432 3
5 4.687927681284527 6
6 4.271487920978002 10
7 3.4779574260292887 14
8 3.6752702832488997 12
9 4.996302318712186 4
10 5.774025916185543 1
11 2.9335585568490217 15
12 2.782068210973522 16
13 0.0 20
14 4.646244784598811 7
15 4.607808739000856 8
16 4.028552886448972 11
17 4.756706961870128 5
18 5.126012324628127 2
19 0.9026300000000393 19
20 4.390800000000379 9
1 1.6067283601686186 14
2 2.3742088325766346 8
3 1.0933456302664366 18
4 1.6639632223808327 13
5 3.4979645039029856 5
6 3.634228359915619 4
7 2.4419015181054102 7
8 1.59026081455771 15
9 2.024722934416921 10
10 1.5499232223892072 16
11 0.0 20
12 1.901128360175163 11
13 1.7447147427974365 12
14 4.0523184066772515 2
15 3.6538905891620255 3
16 2.374208832511204 9
17 2.7476531608511454 6
18 0.39063554836882086 19
19 1.2171015179441496 17
20 4.630706551533278 1
1 5.295389823227855 2
2 0.0 20
3 2.8477177384955454 7
4 2.5464689893339587 10
5 1.3965641250244163 13
6 3.4125960788089165 5
7 3.9295031520831145 4
8 0.8882341250242982 15
9 2.3867338538412 11
10 5.975088109617829 1
11 0.49393412502444733 18
12 1.0558321981033871 14
13 0.8273506571208191 17
14 4.50148732154815 3
15 0.8854678018948179 16
16 2.696136078806383 9
17 2.788932198103665 8
18 1.644032324902331 12
19 0.14640732688232694 19
20 3.3364643962080573 6
1 3.2123904336079874 12
2 4.068700000119142 8
3 2.4041851083507173 15
4 1.9875904334279932 17
5 3.0218753250588777 14
6 8.05918609909212 1
7 4.942886099077241 7
8 5.254460959793919 4
9 6.0536860990928485 2
10 5.254460959643806 5
11 1.6419882662311363 19
12 2.4009771826646777 16
13 5.064844099089913 6
14 3.583092445883583 10
15 3.7180860991265567 9
16 1.8425002167333873 18
17 3.461600216755904 11
18 0.0 20
19 5.967474099089037 3
20 3.136523931836061 13
1 6.4621044298188455 2
2 2.3354999998384303 15
3 1.1405533333434459 18
4 3.7584664033722897 12
5 4.04919929860207 9
6 3.9356683771170395 10
7 4.7919263157146474 5
8 0.7162108333434469 19
9 5.097266403503539 4
10 6.66593745611979 1
11 4.212203377129244 6
12 2.4837065351442256 14
13 0.0 20
14 5.491566403515452 3
15 4.166229166641157 7
16 2.3160992981814887 16
17 4.086431315714649 8
18 3.6722054824259787 13
19 3.8015233333338996 11
20 1.544805482442925 17
1 2.3610889773492394 11
2 3.400352678927895 5
3 2.1289506132899696 13
4 3.2348007787989577 7
5 1.375640275377433 16
6 2.738491927380201 10
7 1.4514938731662925 15
8 1.299205357855772 17
9 0.4878209518979677 19
10 6.075152422417807 1
11 0.9054866775885699 18
12 2.759023013136435 9
13 0.0 20
14 2.3058499764157454 12
15 4.579531077121047 2
16 2.923592839506214 8
17 3.3753559404846327 6
18 3.6538209518979716 4
19 1.5341262636667148 14
20 4.296154726583252 3
1 5.308585882562553 1
2 4.0687000000000975 11
3 2.7234549548926434 18
4 4.632657319693347 6
5 4.806792237468371 4
6 4.749525991601262 5
7 3.373529260885565 13
8 3.848946585933611 12
9 4.484329260885307 7
10 3.350264780953256 14
11 4.122882973463741 10
12 3.0164259916013454 17
13 3.032638627233858 16
14 4.239337064977304 9
15 5.215051800868854 3
16 5.277127883636938 2
17 4.440569520043865 8
18 0.0 20
19 2.284309867922998 19
20 3.091262995800614 15
1 4.220694659129581 4
2 3.0718516453696223 14
3 2.963525719836311 15
4 4.04480085995107 5
5 4.703727453962213 3
6 0.20167176231026174 19
7 2.1072827595400723 16
8 3.64530156334425 10
9 3.7435144361929655 7
10 4.9867717623101475 1
11 3.581801406749293 11
12 1.9116111059628296 17
13 1.204173980769985 18
14 4.738781103531213 2
15 3.7113990365906377 8
16 3.918630894593183 6
17 3.1659999999997144 13
18 0.0 20
19 3.6757266641102024 9
20 3.539342450642629 12
1 0.0 20
2 3.670947532154324 12
3 3.2303299999999875 14
4 7.561914083601272 5
5 8.106952644694523 4
6 9.258564927652717 3
7 5.44392999999999 8
8 2.635779999999988 16
9 2.005529999999995 18
10 2.449600000000003 17
11 6.561135064308666 7
12 3.7326972709003083 11
13 3.0692579983922657 15
14 3.3605822709003057 13
15 6.6044859967845495 6
16 0.3943000000000021 19
17 9.295178786173619 2
18 4.21912999999999 9
19 10.483364927652719 1
20 3.9991645418006323 10
1 0.0 20
2 4.91693152271968 7
3 2.4641414321392525 13
4 5.895729416632478 3
5 5.376257095836325 5
6 1.6574053289596422 18
7 1.6874897219219445 17
8 3.4717786841614786 10
9 2.7406926972825985 12
10 6.965521315838529 1
11 5.55452131583848 4
12 0.2980457296753296 19
13 3.4640457296753024 11
14 4.30618055503774 8
15 6.346641432139317 2
16 2.4039497219219434 14
17 1.9891946710403714 16
18 4.2777500272114315 9
19 5.046191315838526 6
20 2.0817897219219357 15
1 4.499829767840632 3
2 2.025478532070432 17
3 2.58248330799741 12
4 4.5143046400129005 2
5 3.944889701362144 6
6 2.533744684854932 14
7 2.6831947413854023 11
8 1.5703035973626742 19
9 2.07863358305948 16
10 3.796353894317596 7
11 4.007178890437022 5
12 2.2183455444020406 15
13 0.0 20
14 3.7610096313209382 8
15 1.6234886582230141 18
16 2.55366647039008 13
17 4.8991999916525515 1
18 2.9061246984563507 10
19 4.457505256329832 4
20 2.921928759837749 9
1 3.111557699887951 2
2 2.239612082393748 3
3 1.3726585025756026 10
4 0.498762296487554 17
5 1.0220677212142608 13
6 1.6739131241260101 8
7 1.2905781044929723 11
8 1.0343433035342866 12
9 1.9333216527210697 6
10 4.294912082393748 1
11 0.4781497405022709 19
12 0.4937696308049814 18
13 0.5898871224012937 16
14 0.6027895374434167 15
15 1.4248136293288398 9
16 2.2396120823937475 4
17 1.8829456417630261 7
18 0.9618168758739898 14
19 2.2311537213816757 5
20 0.0 20
1 2.5270315581062404 7
2 0.0 20
3 1.005336512066438 16
4 3.428671290821157 2
5 1.9118555454091182 10
6 2.1702308344183825 8
7 1.2862168601734911 15
8 0.022549723654566645 19
9 0.33832493017643284 18
10 3.471399032430482 1
11 3.1748985217235854 5
12 2.0030124826778755 9
13 3.1748985217235894 4
14 1.8105715581062392 12
15 0.8693694199466282 17
16 1.4939005002235421 13
17 3.296808521723589 3
18 1.8568862297026367 11
19 1.3807001169668336 14
20 2.5614252790364747 6
1 5.916235350467254 1
2 4.800366700934628 5
3 3.4581258271027737 8
4 0.8304699999999992 18
5 2.841065925233638 12
6 2.2972442757009084 13
7 3.043353051401814 10
8 4.8112829906542025 4
9 3.4339442009346013 9
10 4.811282990654221 3
11 1.4109400000000039 16
12 5.594075350467296 2
13 1.0189618504673108 17
14 0.0 20
15 3.0321659813083888 11
16 3.7598130514018786 6
17 3.575566700934565 7
18 2.127399999999985 15
19 2.2299149532710674 14
20 3.552713678800501e-15 19
1 7.351866496975833 1
2 3.2039043047625793 12
3 1.0385999997103075 18
4 5.572257268996794 3
5 3.758850763539434 8
6 1.291054295387442 17
7 2.431420655838358 14
8 1.8211356633762699 16
9 5.010363167417124 5
10 4.489926447841445 6
11 5.371725035413137 4
12 0.7685006996161907 19
13 0.0 20
14 3.3263485910755506 11
15 6.9171457662784395 2
16 3.4537650300040825 10
17 3.576365734546093 9
18 2.020865030237106 15
19 2.7770389623893843 13
20 4.064606291557801 7
1 6.8514079301515665 2
2 4.335774741490341 9
3 2.8013606867278424 12
4 2.8792752244862805 10
5 2.5758297161184323 13
6 6.211014792614872 4
7 0.9971876122428935 18
8 2.238648345095158 14
9 2.1815297161167937 15
10 2.878234515913193 11
11 6.111476027177813 5
12 4.34938761224287 8
13 4.478270485131442 7
14 4.563068898501531 6
15 7.135970485130976 1
16 0.8427297161181388 19
17 1.8593697161181397 17
18 2.1273999999993776 16
19 6.303020951943701 3
20 0.0 20
