1 6.692392554294721 1
2 1.144356876938923 17
3 3.1663568769408816 10
4 5.201243123060687 4
5 5.473165925558046 3
6 3.4199862461237034 9
7 3.701036866599366 8
8 4.285453123061349 6
9 4.923054839707946 5
10 1.5174659255404972 14
11 1.147367373320463 16
12 1.1607482419804458 15
13 4.037544839711161 7
14 2.5828368665900356 12
15 0.0 18
16 3.090052119960435 11
17 6.012103123061349 2
18 2.291183753872682 13
1 8.944009981645253 1
2 2.2446010717136424 13
3 4.362513844026794 7
4 5.92645323918495 2
5 4.900497706408356 4
6 4.72933519488036 6
7 1.6160490544067234 15
8 3.2640816104150967 12
9 3.6475351948803625 10
10 1.4589104387278176 17
11 3.6966816104150935 8
12 1.529031562671646 16
13 1.643139656287912 14
14 0.0 18
15 3.362726073390886 11
16 4.798050719520389 5
17 5.585866948546919 3
18 3.680034490493859 9
1 9.789743584977495 1
2 0.0 18
3 3.3765534432700544 6
4 8.355534105879359 2
5 5.983458438677452 3
6 5.1264486626077534 4
7 2.0190061890213045 15
8 2.4992052737703974 11
9 1.9931928957255145 16
10 1.305357308679663 17
11 2.9318052737702542 9
12 2.1164251022045164 14
13 2.3178435849847627 12
14 2.2186195491472738 13
15 3.4920341058786963 5
16 3.0166071042679805 8
17 2.6688210670631394 10
18 3.062224358519991 7
1 6.5378123388187275 1
2 2.1942305337630006 10
3 4.0822248504264165 5
4 3.7705060346802175 6
5 6.280062338818725 2
6 4.381727666136783 4
7 0.46900081972073515 17
8 1.9693279843154252 12
9 2.302563206162939 9
10 1.782248962615713 14
11 1.2999060346801714 16
12 4.751863583808941 3
13 2.043947006015706 11
14 1.8275970114999605 13
15 0.0 18
16 3.130844364114414 7
17 1.5151689626154263 15
18 3.1227054531468688 8
1 5.622622042565676 2
2 1.508698664375053 14
3 2.058316271154699 12
4 6.606131327250699 1
5 4.393697509726399 4
6 4.114116271154732 5
7 0.0 18
8 3.0553232406567465 7
9 2.196488106523643 10
10 0.9591522122431639 16
11 2.4668928081255297 9
12 1.444657891355119 15
13 3.2299975097271965 6
14 2.5254460903972067 8
15 1.7426313272506109 13
16 5.197131327250684 3
17 0.11114234681478807 17
18 2.058499434213224 11
1 6.338948393046739 1
2 3.6189541167898387 9
3 5.9112839304673646 3
4 5.9682882714687215 2
5 5.39755799729364 5
6 5.82373401332362 4
7 2.687409375871759 15
8 3.218980925991467 11
9 5.149879285312791 6
10 2.9852009259914642 13
11 3.8610208075361734 8
12 2.226896786093471 16
13 3.999883930467369 7
14 1.8719809259914653 17
15 0.0 18
16 3.314881653169563 10
17 2.6976516069532637 14
18 3.0250731343811794 12
1 7.552082181989032 1
2 1.8750783431446865 13
3 5.016319016307472 7
4 6.353240071523924 3
5 6.1733009148859255 4
6 4.304726841707263 9
7 1.0252464916194057 16
8 4.257020458577883 10
9 5.021103177892593 6
10 1.4512483431388095 15
11 2.7215535083652247 12
12 6.9581038017214745 2
13 0.10266112675106154 17
14 0.0 18
15 1.4897400715207527 14
16 4.78710442552587 8
17 6.130131546402632 5
18 3.0443001750405942 11
1 6.211094178051239 1
2 2.129285791429941 6
3 3.0070300495295488 4
4 3.221433762939148 3
5 2.6637195144869796 5
6 4.563313862255336 2
7 0.041209777184553875 17
8 0.6051721757099899 16
9 1.8913992128252195 10
10 1.9353026342205188 8
11 0.7745289794444252 13
12 1.9202847892520243 9
13 0.726492175709976 14
14 0.7071100000000192 15
15 0.0 18
16 0.9093993467688755 12
17 2.018028482481 7
18 0.9938857914299445 11
1 6.5322731033637895 1
2 0.5245068422991324 16
3 3.06445402708968 6
4 4.445679087300169 2
5 4.182831865716664 4
6 4.379826264504624 3
7 0.0 18
8 2.0227824981706544 11
9 3.3879712194559084 5
10 0.3902716467056555 17
11 0.8199250009607009 15
12 1.9333492413862923 12
13 2.365490184892518 8
14 2.3054699662484692 10
15 0.8804434358688535 14
16 2.792694517963722 7
17 2.3160089531354378 9
18 1.3699926430411187 13
1 9.36877510930648 1
2 2.636932854705429 9
3 3.9157731885235636 4
4 3.634203188515726 7
5 4.6443531885221985 3
6 5.042509805301283 2
7 0.7965751093026774 16
8 1.0095253676189173 14
9 1.9798433554281434 11
10 2.5705387442277345 10
11 3.8596357994633994 5
12 1.7253098052915485 12
13 0.02629041332970372 17
14 1.707359576120885 13
15 0.0 18
16 0.8957862975556787 15
17 3.048829372125986 8
18 3.6733751093072855 6
1 6.489341959120625 1
2 4.211865000000001 2
3 2.31553707154258 10
4 2.5655391059609487 6
5 3.850423041866865 4
6 3.97438262406144 3
7 1.7129754729333442 13
8 3.044744176596234 5
9 2.3232858176578723 9
10 2.46015582340369 8
11 2.0685028510959214 11
12 0.0 18
13 0.774389526391899 17
14 1.5172541227646315 14
15 0.8101441227644461 16
16 2.4874754729333097 7
17 1.77989603303743 12
18 1.3328058119120283 15
1 7.3738963248120575 1
2 2.5524838436091315 11
3 2.9829963248121194 9
4 4.988451515789496 2
5 4.564635876691825 3
6 4.247382613533946 4
7 0.4586108721805693 16
8 2.6658910315789592 10
9 3.7669563248121114 7
10 0.0 18
11 2.2412178496243813 13
12 1.9820072962406945 14
13 1.4629552962407142 15
14 0.37091485714289396 17
15 3.0101475218045506 8
16 3.9872488180451633 6
17 4.035292727819611 5
18 2.4974885112783074 12
1 6.681898983208267 1
2 1.3353811473649033 15
3 2.6581866518175405 7
4 4.226635988732167 2
5 3.3066547396876143 6
6 3.8426323785012753 4
7 0.7332347087186599 17
8 3.346634818223759 5
9 3.850875018786601 3
10 0.0 18
11 2.1505151196729644 9
12 1.4732989832082728 14
13 1.2509733036350932 16
14 1.5412888277659493 13
15 1.89389724113229 10
16 2.5789282303307575 8
17 1.587764211654045 12
18 1.8936341964543821 11
1 5.401558662062628 5
2 2.771831117242535 11
3 8.492993793104906 1
4 3.3280659034482025 9
5 4.833389889658349 7
6 6.162948220691492 4
7 4.073739668966986 8
8 2.9720669517288885 10
9 0.7886564689666575 16
10 0.0 18
11 7.602043793104902 3
12 4.8841637931044595 6
13 2.1913048551731755 12
14 1.28259646896892 14
15 0.17285677241354414 17
16 1.3592748551780325 13
17 0.9937451448319647 15
18 7.955563793105063 2
1 5.305929410387107 5
2 1.7017857914313095 17
3 3.4767256812232903 9
4 5.275113029342878 6
5 5.798252998346864 4
6 6.115090775588924 3
7 6.334656648298665 2
8 2.9664284171373545 12
9 4.0607829845709045 7
10 3.296812991458872 10
11 3.6559566482986736 8
12 3.218320736327325 11
13 2.1543002672544107 16
14 2.185814208568667 15
15 2.4159230190108985 14
16 7.1091566482986615 1
17 2.6953182284061192 13
18 0.0 18
1 5.927255405869488 2
2 0.4926352435222867 15
3 2.8803849188184882 8
4 5.693257029349143 3
5 4.815964364653547 5
6 4.170929358404643 6
7 0.0 18
8 9.228924756477866 1
9 2.789724756509794 9
10 1.762471283174923 10
11 1.608035243520333 13
12 5.007024756471944 4
13 1.1943062176082195 14
14 1.6742989790751521 12
15 0.09373551201117847 17
16 1.7507150811720285 11
17 2.947009999999999 7
18 0.23185540586007836 16
1 5.923051037620512 5
2 0.9077489623806749 16
3 7.380557522157425 2
4 5.366558300962048 6
5 2.995219498397053 12
6 11.049021727324334 1
7 1.3806968871393184 15
8 4.229852645672997 9
9 2.636168050160527 13
10 5.12367080897648 7
11 6.056152398642248 4
12 2.4815583009608586 14
13 0.7282583009618522 17
14 4.357333741278736 8
15 3.87645752215744 11
16 4.057581303036041 10
17 6.679621727324134 3
18 0.0 18
1 8.660992818939176 1
2 3.4339493304226885 12
3 5.5219663642527586 7
4 5.58503724472366 6
5 8.166128192146452 2
6 4.908572212917305 8
7 0.0 18
8 6.007376364239385 5
9 4.018710190829994 10
10 3.5090735654585634 11
11 2.589379591543966 16
12 6.236010190821744 4
13 2.5454531369004534 17
14 3.0290541737530683 14
15 7.90101019082355 3
16 4.21290718112225 9
17 3.039593173728232 13
18 2.876799999976085 15
1 9.250221215337158 1
2 1.1390259701310281 17
3 3.1610259701608703 8
4 5.099130788937606 4
5 6.295985351818498 3
6 6.893255351798912 2
7 1.8602116417880954 14
8 2.336045351823174 11
9 4.2297312153255175 6
10 4.920021215339937 5
11 3.641595799529653 7
12 0.0 18
13 1.7203146482261755 15
14 2.23972611938506 12
15 1.7066553517933574 16
16 2.0984079104260545 13
17 3.1299212153376703 9
18 2.4785853516686056 10
1 8.320650180986668 1
2 3.6694478270799973 11
3 5.764922930270114 3
4 5.299477111572341 4
5 3.0413531339362265 13
6 5.085622188441286 5
7 0.0 18
8 2.3710468660636472 16
9 5.922518764371352 2
10 3.990450180986707 10
11 2.2240531339363407 17
12 3.2267575497951504 12
13 2.8729558815927243 14
14 4.49798997894761 7
15 4.34131876437134 8
16 4.271819503603729 9
17 4.938657242201342 6
18 2.5340478270799522 15
1 6.741067389985208 1
2 0.0 18
3 3.323119158167299 7
4 2.640261841070248 10
5 3.2281544573854806 8
6 4.307367394680544 2
7 0.23449798132268818 17
8 3.520348578152153 4
9 2.713197980075782 9
10 3.403487980273588 6
11 1.7124186793070255 14
12 1.166609339324428 15
13 3.641668578317227 3
14 2.3454026999701942 11
15 0.7521019838002607 16
16 1.8182003375494333 13
17 3.4511218406973025 5
18 2.0784826876655336 12
1 4.666306076770409 2
2 1.8946548774208545 12
3 3.501442769838225 6
4 3.1535351286191937 7
5 3.7724883686705772 4
6 4.950073873681891 1
7 0.8781470995247576 15
8 1.9075971760152692 11
9 4.042955810508439 3
10 0.01559277234277534 17
11 1.3485946951774526 13
12 2.762199999999786 8
13 2.6737451225802378 9
14 0.12764277234271626 16
15 3.6315652094207618 5
16 2.2047049775234067 10
17 0.0 18
18 1.1287276384924392 14
1 6.381135834022782 1
2 3.263079585704073 8
3 2.762936977224826 9
4 3.374568224332415 5
5 5.4823463762863955 3
6 4.772956546801376 4
7 0.22068294359377827 17
8 5.495502996352808 2
9 2.395988224330187 10
10 3.364170805560899 6
11 1.8771658871887065 12
12 1.2736029963528965 14
13 1.5877060659704432 13
14 3.3494945282030253 7
15 0.0 18
16 0.38106202917800847 16
17 2.19498788848096 11
18 0.47056825084549914 15
1 8.813906062296478 1
2 5.895556849839834 8
3 7.142128424947552 4
4 7.026207637363235 6
5 7.409489999791239 2
6 7.135285003978881 5
7 2.1885229593269946 14
8 0.0 18
9 2.763499999757633 12
10 3.453790001260968 10
11 4.024789439019384 9
12 2.8711564794234876 11
13 1.2902718980929873 15
14 2.31393929500425 13
15 0.6976800081113828 16
16 6.239539212173619 7
17 7.334239212473688 3
18 0.13673773401324674 17
1 6.870638760319172 1
2 2.160477780288495 12
3 4.376510109988219 5
4 4.0465277474784855 6
5 5.344236173652076 3
6 3.7125487575795577 7
7 2.2926876604006283 9
8 1.4446355705679133 14
9 4.489761615438873 4
10 1.0222851390359617 15
11 0.9088688759007277 16
12 0.0 18
13 0.3762629106377209 17
14 1.7504898603130241 13
15 2.218831124090148 10
16 3.3555947612239225 8
17 5.717435570564255 2
18 2.199789736547132 11
1 12.60691361997715 1
2 0.0 18
3 7.684716430992722 8
4 6.956018631775317 9
5 8.81674821651452 4
6 9.77817339524405 2
7 5.320399533108312 14
8 8.132469466723228 7
9 6.929329783478073 10
10 6.637262973493029 11
11 8.263430359505225 5
12 2.08349999999984 17
13 5.135013619969039 16
14 6.402321543359103 12
15 5.348129783482546 13
16 8.88997946673694 3
17 8.14639773045425 6
18 5.154900000000686 15
1 6.218038079857962 1
2 0.6823865290329638 14
3 1.6421531407765453 11
4 4.081916159715995 5
5 5.249352981297913 2
6 3.489986529032949 6
7 0.04854493049349129 17
8 4.791780392998771 3
9 1.5385160906165702 12
10 2.9378743346780483 7
11 1.9879035226494342 9
12 2.190006451319489 8
13 0.0 18
14 0.6579194335628553 15
15 4.44445498698448 4
16 0.16237370127107598 16
17 1.2570737012711306 13
18 1.7230733317130085 10
1 6.9505048080164284 1
2 0.5928703577821186 16
3 3.056825321972363 7
4 1.5726351788910586 13
5 5.165392555005255 2
6 4.516804808016428 3
7 0.0 18
8 1.9666588420993387 11
9 2.974335178891059 8
10 1.7396867500548303 12
11 0.9621513011396845 15
12 0.269564801342129 17
13 4.330331677561898 4
14 2.575660801772603 10
15 0.9830226003923315 14
16 2.899118744294806 9
17 3.471434157735525 6
18 3.557170800118542 5
1 6.70411010952466 1
2 0.0 18
3 2.337601279483361 7
4 4.256584307652808 2
5 3.712265928829177 3
6 3.1339415339503813 4
7 1.0374732137214946 14
8 1.0475733385040775 13
9 2.26438247472713 8
10 0.9572843076527988 16
11 2.4991843332060952 6
12 2.040415715546619 9
13 1.1986128071996904 12
14 1.395140811491912 11
15 0.5840827486228743 17
16 1.0127518519408547 15
17 2.5058212794833326 5
18 1.413200906231419 10
1 7.051623383124625 1
2 1.4100191659284604 11
3 1.4194642050867792 10
4 4.381427527384824 2
5 3.0867233831248297 5
6 3.9574304545821084 3
7 1.7861233831245684 9
8 1.0500162785627052 12
9 3.13382338312461 4
10 0.1766691659264532 16
11 2.525419165926067 7
12 1.843023383124611 8
13 0.9361634162284007 13
14 0.2887191659259938 15
15 0.0 18
16 0.39332881065804814 14
17 2.7317375260387458 6
18 0.02376819405149022 17
1 7.976167483427801 1
2 0.776450926488732 14
3 3.1248446577786484 7
4 2.072750926488662 9
5 3.609269411704454 5
6 3.8631151786900553 3
7 0.14366546727256901 16
8 1.6019371908170945 12
9 2.548697976530352 8
10 0.0 18
11 3.641675761473328 4
12 4.359642694025533 2
13 0.964690309076901 13
14 0.11205000000000176 17
15 0.3068104632443247 15
16 2.0481422951972363 10
17 3.371754344072856 6
18 1.744477190817067 11
1 6.8881251955156575 1
2 0.5429431465180707 15
3 3.85678384263339 8
4 5.410469332843007 2
5 4.405337090018973 4
6 3.2471229662296768 10
7 0.9424747794028359 14
8 4.401674779402835 5
9 4.2253803660226 6
10 4.60969044570529 3
11 3.6208040200427702 9
12 0.0 18
13 0.5195920544984935 16
14 0.5080027859412799 17
15 1.9103535217315601 13
16 2.5929163824747343 12
17 4.036630525387973 7
18 3.0713999999999992 11
1 6.969002518391859 1
2 0.32262650867461806 16
3 3.834001184577831 3
4 2.476146591182902 10
5 3.745045661145016 4
6 4.535302518391859 2
7 1.3583557138600257 15
8 1.560356591182901 14
9 3.514515925742423 5
10 2.287139889324601 11
11 0.0 18
12 0.055259576235203056 17
13 1.8430220814448826 12
14 2.8885275717068617 8
15 1.6079734913253623 13
16 2.6539360110214303 9
17 3.4125371152838455 6
18 3.001607278678281 7
1 7.47189999998142 5
2 0.7462799999933196 17
3 9.74203999999676 3
4 10.480399999965673 2
5 7.3111999999198165 6
6 5.038200000026421 9
7 5.885439999994174 7
8 1.0854900000104113 16
9 10.525999999989562 1
10 3.1213499999766015 13
11 1.5180899999884758 15
12 3.7337000000279645 11
13 0.0 18
14 3.2334000000632166 12
15 4.5640899999963604 10
16 1.8429999999771165 14
17 5.358289999990561 8
18 8.982100000007005 4
1 5.371662469247756 1
2 2.3047849463130663 9
3 1.9094996964357158 11
4 4.492885216968954 2
5 2.4044156240802756 8
6 3.958124492350855 3
7 0.3259194903055651 16
8 2.100081725826839 10
9 2.9422756138778374 6
10 0.674977096308601 12
11 2.949606743450466 5
12 0.4064161251254439 15
13 0.4883789401525971 13
14 0.12122966973405913 17
15 0.4167743034017104 14
16 0.0 18
17 2.6074663002661875 7
18 3.5559887442508566 4
1 5.962696910488237 1
2 0.7328861218234968 16
3 3.7082280678666755 5
4 4.323778877195386 3
5 3.678522562029513 6
6 1.7345112810147436 15
7 2.2010539698357015 14
8 4.274613784555049 4
9 3.12592377949485 9
10 3.3277765309473146 8
11 3.003159358905446 10
12 2.906854297221455 12
13 0.0 18
14 3.4398265309473124 7
15 0.037909887562112665 17
16 2.9712880678666838 11
17 2.36174720008427 13
18 5.489892505195547 2
1 6.082206894282758 1
2 2.6233426281121517 8
3 3.580542634748494 5
4 5.853703750305565 2
5 1.3006000000000717 13
6 4.92602118866969 4
7 0.0 18
8 1.3492924452215431 12
9 5.5004426281134755 3
10 1.9372224005325713 11
11 3.056969665634707 7
12 0.8736068942818027 15
13 2.580022997528007 10
14 1.1945217285208174 14
15 0.29990000000049655 17
16 2.599551272261091 9
17 3.5253052694971325 6
18 0.7090839639362598 16
1 7.357361105978226 1
2 2.1349848749999754 14
3 2.9737900000000197 7
4 3.839982111413212 3
5 3.7023699999999202 4
6 4.432834573369724 2
7 0.0 18
8 3.4591999999999965 5
9 2.4787 12
10 0.6015064836955668 16
11 2.841687638586923 8
12 2.1487611059782705 13
13 3.339882361412987 6
14 1.9479321086955346 15
15 2.8298100000000006 9
16 2.5078523614133514 11
17 0.3952508559784622 17
18 2.6895549755430848 10
1 8.588209481812452 1
2 0.8406891424532326 17
3 3.628303562395784 5
4 4.420674437234619 3
5 2.495230324963526 9
6 5.027342906240305 2
7 2.540366024346763 8
8 2.4070153919032697 10
9 3.033090324963515 7
10 1.7935738196129036 13
11 2.2742387778500626 11
12 1.8659965174339543 12
13 0.8802434825659837 16
14 0.0 18
15 1.7265261331977824 14
16 3.058251121791762 6
17 3.9815224461908674 4
18 1.6333511217917829 15
1 6.866385139214536 1
2 2.306849382735736 13
3 3.2962812425786807 7
4 3.2534187574213203 8
5 3.5937493827357354 5
6 5.26784649498199 2
7 0.5858549703147222 17
8 3.2492634617477623 9
9 4.080241242578682 4
10 1.4089082849578014 14
11 2.5130974810894604 12
12 0.7100648948438608 16
13 0.0 18
14 2.5329658170982636 11
15 1.3600988430134617 15
16 3.5482554178611023 6
17 2.625732156352094 10
18 4.164015346036779 3
1 6.2721481459194734 1
2 2.220348621800736 12
3 3.1142010762958012 9
4 4.384319979721454 5
5 5.319501949805249 2
6 3.6588318743591888 7
7 1.4211863628843364 16
8 3.704416461167175 6
9 4.409152655633919 4
10 1.6528750478623582 15
11 2.1064318743591945 13
12 3.5540174923427377 8
13 1.202801076295801 17
14 0.0 18
15 2.0038619443210552 14
16 2.543763748718417 11
17 5.0096730089113635 3
18 2.783551905010223 10
1 6.891993284671889 11
2 5.8171354014747765 15
3 6.120569489052189 14
4 7.246999999984041 6
5 7.098483284653283 9
6 8.176369489047893 4
7 6.124464598562438 13
8 7.1413757664263295 8
9 9.90487576641981 2
10 5.047574306564455 16
11 6.932535401454027 10
12 5.045865693432287 17
13 8.23122072992656 3
14 0.0 18
15 6.461531897786045 12
16 7.321943211668948 5
17 10.255731897811756 1
18 7.206668248170905 7
1 5.265500000000002 5
2 3.618056576784212 14
3 4.298249471045991 8
4 5.592769813954712 4
5 4.26246018604529 9
6 7.065696365062394 1
7 0.0 18
8 3.1575914591804546 15
9 4.079811580201906 10
10 3.649317424401757 13
11 5.830992054531221 2
12 1.2228470376764347 17
13 3.8951826112941688 11
14 3.8880718173665634 12
15 1.3430114640587014 16
16 4.325678756046691 7
17 4.894679995267808 6
18 5.649510979038139 3
1 3.946950185241384 6
2 1.0132022836319505 17
3 1.6713363285756824 15
4 5.06352573337376 3
5 3.17922741573039 11
6 3.44889297297298 8
7 1.1182000000000198 16
8 3.4484668114183386 9
9 2.4995509019131905 13
10 3.3665534041906464 10
11 5.0915324992408335 2
12 5.0366022836319475 4
13 3.6128715942909264 7
14 0.0 18
15 2.118588405709041 14
16 3.145902283631946 12
17 4.403511594290909 5
18 8.108002283631947 1
1 7.095607659635499 1
2 0.0 18
3 3.0937491630377427 5
4 4.111075643433778 3
5 1.8270804209350278 9
6 3.5447573595351907 4
7 0.3546452241346836 17
8 1.5453160090127689 10
9 3.035631900476433 6
10 1.1134346088898595 13
11 2.460486734337287 7
12 5.252931900476435 2
13 1.3821666838111497 11
14 0.5290644189700717 16
15 0.915926009012767 14
16 1.2370107399883672 12
17 2.088154879382949 8
18 0.8782480090127662 15
1 7.3596 3
2 3.3495173684023594 14
3 5.371517368428381 8
4 4.322935263145897 10
5 3.671164736839571 11
6 10.555647368423031 1
7 2.8713294736945763 15
8 5.856927368421761 5
9 6.226617368427098 4
10 5.62314736842344 6
11 2.353100000012586 17
12 5.433017368427097 7
13 0.0 18
14 7.919947368423121 2
15 3.476488421057587 13
16 3.6458294736846115 12
17 5.133795263162672 9
18 2.5193763157998723 16
1 9.316099999999995 1
2 5.366082499927765 7
3 6.747017500001002 4
4 4.095284999996306 9
5 7.611998749798915 2
6 7.379348749801133 3
7 2.890417499884864 15
8 3.1794949999112236 13
9 5.369117500001003 6
10 2.9457150003186117 14
11 0.0 18
12 1.7435987499769725 17
13 3.360622499927768 12
14 4.244782500307559 8
15 3.408598750024074 11
16 3.4531999998909133 10
17 2.6786349999259698 16
18 6.088148750015462 5
1 5.017384416539334 2
2 1.5603108703443138 12
3 2.8752928132823694 8
4 5.1157263209571004 1
5 2.1765482302999026 9
6 3.120658663435389 6
7 0.0 18
8 2.9321627312741443 7
9 3.6781275413517474 3
10 0.5062271589472906 16
11 1.3752185087081248 14
12 0.5880100151894612 15
13 1.6027956460852233 11
14 0.3198580409116676 17
15 1.9646378003508143 10
16 3.3156638554399747 4
17 3.2902482862434974 5
18 1.3967983419874472 13
1 6.932718272587676 1
2 2.959005079237694 11
3 4.429470748807348 7
4 4.716873874806553 5
5 5.877650748808305 2
6 5.30503628368017 4
7 2.648332511885176 13
8 5.45633574881251 3
9 3.761667488095377 8
10 1.8557690570503487 16
11 3.353400000004227 10
12 1.8906999999990823 15
13 3.6621150237706597 9
14 2.5001182725823865 14
15 1.5933629952510309 17
16 0.0 18
17 4.597690748811883 6
18 2.6825935023843317 12
1 1.9556135652386206 8
2 1.097119861177118 13
3 2.999750826023786 3
4 2.050929700608807 6
5 2.162103565238595 5
6 4.193485033131692 1
7 0.7084794725017592 14
8 0.0 18
9 1.9386396714712522 9
10 0.11557696127139283 16
11 1.9999866204670491 7
12 3.272942244803883 2
13 1.6594138936475922 11
14 0.06181872324504645 17
15 0.4191331775500089 15
16 1.6807075904380198 10
17 2.5192995400393663 4
18 1.6559039916060818 12
1 7.471899999998712 1
2 0.2660260000000836 17
3 3.763254000000582 3
4 3.2489959999997584 4
5 1.1697959999998662 14
6 6.350396000000036 2
7 1.687755999999548 11
8 1.6516759999997968 12
9 2.9683419999994896 6
10 1.4178959999996739 13
11 0.35249599999932624 16
12 3.033195999998836 5
13 0.0 18
14 2.3570460000003677 7
15 1.814177999999714 9
16 1.9214780000002973 8
17 1.1508159999997971 15
18 1.7765000000000755 10
1 5.470012578909483 3
2 1.7923863134775637 13
3 3.3589339011176373 6
4 5.586213497200422 1
5 5.4857698251868925 2
6 4.032104916299345 5
7 0.0 18
8 2.4460879770483746 9
9 4.23009103450588 4
10 0.3630035945206198 17
11 0.4635125789094805 16
12 1.667866594785229 14
13 2.3431360269361194 11
14 0.8063315791734547 15
15 2.2540604515172493 12
16 3.0794360420756424 7
17 2.9956622264358104 8
18 2.442666262479634 10
1 7.719675833347955 2
2 2.5676483334315514 16
3 6.475935000001289 5
4 6.494069166700727 4
5 4.609351666686108 9
6 8.5695516666844 1
7 4.405275833267972 10
8 0.0 18
9 3.801875833353278 14
10 4.394583333354706 11
11 4.0234691666031575 13
12 4.651148333338172 8
13 6.967656666671596 3
14 3.2870758333720898 15
15 0.4059516666840395 17
16 6.328222500055985 6
17 4.200151666693559 12
18 5.865856666764388 7
1 5.818245194966489 3
2 1.2485728086821086 16
3 4.136522998516887 6
4 3.6661090018221043 7
5 6.953354382643926 1
6 6.65242050108116 2
7 3.2213384682831756 10
8 2.84306138811024 11
9 5.700038468283213 4
10 1.488045194966693 15
11 1.9987365728208504 12
12 3.503127191322426 8
13 1.1403139112683212 17
14 0.0 18
15 1.7644370291963147 14
16 1.8029612497139023 13
17 3.310779614052261 9
18 4.799857488326359 5
1 5.422574754230345 1
2 0.24724954875094474 17
3 3.1125651329573247 6
4 4.113246035455177 4
5 2.5737805398872236 7
6 4.145302731668107 3
7 1.8129150443191215 8
8 4.221900000000093 2
9 3.1346660354553295 5
10 0.9195852457695877 15
11 1.1029115310237259 12
12 0.0 18
13 0.3835667203868429 16
14 1.0316352457693134 13
15 1.4789520709104917 10
16 0.9825660354552823 14
17 1.4102981950040132 11
18 1.5907660354552835 9
1 2.6077998222440697 3
2 0.8178217941129038 15
3 2.604001385421431 4
4 2.3224313854214302 6
5 3.339094816148792 1
6 1.8575078738745097 9
7 1.7283460397383907 10
8 1.5669817706136302 12
9 2.428950831298514 5
10 1.603784026339904 11
11 0.3720811682358256 17
12 1.4805159985610425 13
13 1.9112406728724283 8
14 0.9783434200028396 14
15 0.0 18
16 1.9953806407135743 7
17 3.014892250852876 2
18 0.5294996737196287 16
1 8.276777999939638 4
2 4.182478222339195 11
3 4.46999400001598 10
4 8.132825999993745 5
5 5.198573999940121 9
6 10.394536000014174 1
7 3.011278000016092 13
8 1.6874782222058777 14
9 5.583103777791554 8
10 5.8677148888885435 7
11 0.10585199999866202 17
12 6.671657111087949 6
13 8.33103600000189 3
14 1.0033000000270866 15
15 3.1518520000277066 12
16 0.0 18
17 9.121676000004658 2
18 0.4593720000052315 16
1 5.991687197677351 1
2 2.007110999999999 14
3 3.469100709418285 9
4 5.109427197676974 3
5 3.869434802321571 5
6 5.524900709419086 2
7 1.2735917251588682 16
8 4.0219724944516555 4
9 3.8313001233543553 6
10 3.0773732637414413 10
11 3.762954033031965 8
12 2.650161217290496 12
13 1.8795161086463488 15
14 2.3255996820648934 13
15 0.0 18
16 2.6601469628382857 11
17 3.783459123354968 7
18 0.2962871976754249 17
1 9.747323952012945 1
2 3.5035457032806168 12
3 3.952773818868012 10
4 4.984040893565037 7
5 4.314255300026223 9
6 5.836400354877144 3
7 3.174414662593543 13
8 2.695876743967608 15
9 5.404400709754483 4
10 1.7679697064874396 17
11 5.936933241432341 2
12 4.474233241432501 8
13 5.248017947229318 5
14 2.446669729022485 16
15 0.0 18
16 3.9489146625933174 11
17 3.023858751557664 14
18 5.157650893768263 6
1 9.069402572868826 1
2 3.6669750053570858 12
3 4.725270639284245 10
4 5.531549324209243 4
5 6.630207572554919 2
6 5.186600000000081 7
7 1.5504550527243288 16
8 4.106177456751715 11
9 5.616340412655273 3
10 0.25409999999999844 17
11 4.884350186026219 8
12 5.27327682433833 6
13 2.071744518888649 15
14 3.29434494727544 14
15 0.0 18
16 5.331681231054321 5
17 4.731646076121965 9
18 3.423028448382005 13
1 6.0749430025823035 1
2 1.447467692428583 13
3 2.66246116877154 8
4 4.537845591788031 3
5 3.9396918195496022 4
6 3.3606672780640063 7
7 0.8094430030030066 17
8 1.3786423224492796 15
9 3.4608976923001453 5
10 0.0 18
11 1.4124081803648354 14
12 1.8370911686057405 12
13 3.4318227958537486 6
14 2.622717899471314 9
15 1.8796976922717965 11
16 2.5997927957994054 10
17 5.053391819510098 2
18 0.950362662780958 16
1 10.956759868801509 1
2 5.4273394986576 5
3 4.383352732152014 14
4 4.871345464351188 10
5 5.018443536325304 9
6 7.571360639321621 2
7 4.678660639294022 11
8 4.099200000049276 15
9 7.157360639299274 3
10 5.165163122455174 8
11 5.240527072690411 7
12 5.7481598687692 4
13 4.519405874823153 13
14 2.75219999998843 16
15 1.1963030518073676 17
16 4.560268257061308 12
17 5.263310608956337 6
18 0.0 18
1 8.495937586561112 1
2 3.7572501154232976 8
3 6.17950243092324 3
4 6.318847537596865 2
5 5.533837586569934 4
6 4.0917375865695345 5
7 2.5243102343443606 14
8 2.657997586569612 12
9 1.581200000001407 16
10 1.7048858796822353 15
11 2.5693488667342557 13
12 3.854762644307047 6
13 3.45964088842282 10
14 1.4560375865700288 17
15 0.0 18
16 3.661981524999275 9
17 3.7942000000075953 7
18 2.800537586572115 11
1 2.1383600000252123 14
2 5.824585250025377 9
3 8.379228125009577 3
4 1.256100000037219 15
5 5.909737625009572 8
6 11.41338525002538 1
7 0.0 18
8 8.631785250036256 2
9 0.2775200000245972 17
10 0.9678100000276411 16
11 5.092437625118896 11
12 2.4645952501003316 13
13 6.637795250126443 6
14 6.131728125118899 7
15 8.002395249990482 4
16 7.957285250036252 5
17 3.9858000001302747 12
18 5.535995249646155 10
1 8.863735385365935 1
2 0.8148974639566129 13
3 3.4933826205961647 11
4 5.946092938753391 4
5 8.022799254200503 2
6 5.12856416205958 7
7 0.37468239186990493 17
8 0.0 18
9 3.2978898558265595 12
10 4.751112536043201 9
11 5.920582222764275 5
12 4.980244555013542 8
13 0.5131249279132795 16
14 4.694970984823849 10
15 0.8026200000000641 14
16 0.7575099999999741 15
17 5.455481715447107 6
18 7.317412536043382 3
1 7.223352775870522 4
2 6.009661942128588 9
3 7.661798626777819 3
4 7.056830132417664 5
5 8.264023653751828 1
6 6.681633746934783 6
7 5.708737621383146 11
8 5.725727621383037 10
9 6.078250132417889 8
10 0.0 18
11 1.3963999999999306 17
12 2.8352055517411223 16
13 5.506890284453145 12
14 4.498545110348049 14
15 3.6219472241296673 15
16 6.483237621383004 7
17 7.830018626777837 2
18 5.390433746934722 13
1 4.706129517369456 1
2 1.903827250265035 12
3 0.31522951736948057 17
4 3.2497136251325136 4
5 2.8705100334599427 6
6 3.550616388739969 3
7 0.6128000509319702 16
8 2.1624859709996627 8
9 1.9639374514129857 11
10 0.0 18
11 1.2385877246523287 15
12 2.0979380875024525 9
13 2.1993529854998206 7
14 1.2409497586058262 14
15 3.7629380875024507 2
16 1.9937072596043441 10
17 1.6218833327452986 13
18 2.883192842259601 5
1 7.471900000002593 1
2 1.7180595978478357 13
3 3.83957004200801 6
4 5.573739597847833 2
5 4.550151854531309 4
6 4.185496182531741 5
7 0.8569732777529144 17
8 3.651549632817338 7
9 4.595159597891773 3
10 1.7229917402822912 12
11 3.3181038174573776 9
12 3.0142000420049215 10
13 0.0 18
14 2.8574802028037882 11
15 1.0268986386531949 16
16 3.319222821987993 8
17 1.3515999999999981 15
18 1.680649235304928 14
1 4.432600000000341 2
2 1.6548001212633607 13
3 3.183386042342309 5
4 4.264233660703873 3
5 4.212967355825369 4
6 3.039958679313585 6
7 1.0874725581305302 14
8 2.638983035178668 7
9 0.5627550166089665 17
10 1.6850683479412203 12
11 0.7803500332177065 15
12 2.5905458798578906 8
13 0.6400266998842219 16
14 0.0 18
15 2.327586436947467 9
16 2.0207733665508876 10
17 5.200880508264592 1
18 1.9200121259057645 11
1 3.1421900166382866 9
2 1.2095437226318726 15
3 6.863621915012274 1
4 5.85386688367367 2
5 4.788756492153507 3
6 3.7348668836736447 6
7 3.0070219150122934 10
8 3.7847800166383387 5
9 4.542158506712053 4
10 0.7107826572603 16
11 3.517742504254143 8
12 3.6009655302513974 7
13 2.5390621443088146 12
14 2.680701413452395 11
15 0.0 18
16 1.9203228102667689 14
17 2.53728271119298 13
18 0.2288724051332487 17
1 6.489582348836655 1
2 0.0 18
3 3.0097756821712007 9
4 4.968500000000002 3
5 3.5756426434105384 6
6 4.4824996201541705 4
7 0.5995943178302094 15
8 2.967683333332122 10
9 5.8772933333329735 2
10 0.5402049224813825 16
11 2.7583426434105855 11
12 2.0834999999982022 12
13 3.4343837829451846 7
14 0.8631813643386137 14
15 1.2471823488381004 13
16 3.7251933333332783 5
17 0.09444150387627248 17
18 3.111862643410401 8
1 9.847667154537968 1
2 5.866087838678473 9
3 6.216552745995301 8
4 7.311767154516637 6
5 7.596242831884853 5
6 8.230432845483877 2
7 2.1939311330702136 17
8 8.208970228047953 3
9 3.9084953266152973 13
10 5.339924331970568 10
11 4.841167154512155 11
12 4.620520514769463 12
13 3.541016939530568 16
14 3.783660999999995 15
15 0.0 18
16 7.99878783868052 4
17 3.7941999999920792 14
18 6.5628106977656335 7
1 6.351061146879822 1
2 0.7418498972948819 15
3 3.4988542104479055 5
4 4.326853469410154 3
5 2.7397595891795343 8
6 4.012520102705116 4
7 0.2905616577928827 16
8 2.5110723605665894 9
9 3.214112218362647 6
10 1.435438458484338 14
11 2.252530636749099 11
12 0.15243845848433812 17
13 2.321154566769951 10
14 2.7618318078909363 7
15 0.0 18
16 1.5831719879468067 13
17 4.645191954496729 2
18 1.9409243685369413 12
1 8.26802143108144 3
2 1.1353999999999695 16
3 6.530267539652918 6
4 3.623482343604804 10
5 8.243862730467244 4
6 10.101582350707616 1
7 1.9412161134312256 15
8 8.570722554000866 2
9 3.7369602918024163 9
10 5.169082350707523 8
11 2.344664687209618 14
12 5.420729220667689 7
13 7.620135887334198 5
14 3.2373889640052913 12
15 0.776082350707616 17
16 2.6357701316956077 13
17 3.500482837489958 11
18 0.0 18
1 7.9972553371910955 2
2 3.2128540545988553 13
3 5.057197076554377 6
4 7.679654266803996 3
5 3.3990450803744032 11
6 8.567413196426969 1
7 4.645098109193803 8
8 7.197035566057824 4
9 3.936905080376868 10
10 4.488678109184484 9
11 2.628599999986908 15
12 4.719158164574753 7
13 0.4004276685939594 17
14 0.0 18
15 3.3808131964533246 12
16 3.137433847283216 14
17 5.544188040083094 5
18 2.3018553371864874 16
1 6.337952754047079 1
2 1.8450682687802764 11
3 3.8715951340539094 6
4 4.064568721367845 5
5 4.666901511297542 3
6 5.919204259902248 2
7 2.44872334716945 10
8 1.3728813085848888 13
9 1.027157282463081 17
10 1.2007045649261607 15
11 4.36680425990225 4
12 1.5784218393218614 12
13 2.5309070085069614 9
14 1.1206964757855802 16
15 1.2467820522937536 14
16 2.8634779729710544 8
17 3.5141604414621215 7
18 0.0 18
1 6.851038370686945 2
2 0.8882026939461118 14
3 6.715580000000655 3
4 7.3584664913778415 1
5 3.5831670173119834 5
6 5.239466491390623 4
7 1.585538370707634 13
8 2.5643051120526525 10
9 3.195911301724317 7
10 0.04483107756245985 17
11 2.717879999999858 9
12 0.0 18
13 3.2963335086046195 6
14 0.31210972413999993 16
15 0.632602693946112 15
16 2.182813206900999 11
17 2.0090683965498797 12
18 3.07140000000341 8
1 5.9331173917297715 1
2 2.400730363317967 8
3 2.868355646899366 6
4 4.345378105768028 3
5 4.399550157002431 2
6 3.984185651747125 4
7 0.7299188652038564 17
8 2.359531367221898 9
9 2.5499423996541486 7
10 1.0460781451418664 15
11 2.241128483507429 10
12 1.7549931526114853 12
13 0.8627631605802615 16
14 1.7578381352284267 11
15 0.0 18
16 1.0810744353499557 14
17 3.681418237070921 5
18 1.4552685403601027 13
1 7.970783352250247 1
2 0.0 18
3 3.579883352250479 4
4 2.0684086214767734 10
5 2.23650930558426 7
6 4.9456494415003736 2
7 0.48169775618602406 17
8 1.2129384529298848 16
9 3.2093025861711895 6
10 1.4258833522502512 15
11 1.7206963634620394 13
12 1.8382897454336162 12
13 2.0416968799800927 11
14 4.8264163634621635 3
15 3.2615608920235792 5
16 1.711315420584003 14
17 2.1579726876589365 8
18 2.074216363462187 9
1 4.672107826080427 5
2 0.8526539130438577 15
3 4.9731242391313675 3
4 3.1948719565180626 7
5 2.8920319565212242 9
6 5.186599999998423 2
7 4.944046086955851 4
8 2.0559140217415686 12
9 0.8480351086967406 16
10 0.11873989130858753 17
11 2.265346086949984 11
12 1.8694000000042834 13
13 2.996899999998759 8
14 1.435702391305751 14
15 0.0 18
16 5.71854608695808 1
17 4.0057319565225225 6
18 2.68503989130304 10
1 6.250654691365845 2
2 1.6312850155523748 11
3 0.9715850154453287 17
4 3.7532949845613786 7
5 4.690776412055537 4
6 3.5969651002798186 8
7 1.8043520679229201 10
8 1.4569950154484643 12
9 4.2204950154285035 5
10 1.1813699961382307 15
11 1.2233999383000362 14
12 8.907805015445337 1
13 0.0 18
14 1.0196120679229188 16
15 2.3514050154285044 9
16 3.7753849768691587 6
17 6.145605015448471 3
18 1.4231849961382337 13
1 5.283588635416948 1
2 0.9737135687917458 15
3 3.6549086102692248 6
4 5.168107890258668 2
5 3.4873549345834 9
6 3.9159393302838246 4
7 1.6205763910745514 14
8 3.0702070453680896 10
9 4.195811353091952 3
10 0.2557492683035463 16
11 3.535962036465085 7
12 0.0 18
13 2.6542391560382566 11
14 0.08420938065763206 17
15 2.614611353094106 12
16 3.89756066970934 5
17 3.5217653757448684 8
18 2.4726606697348297 13
1 7.741549555125707 1
2 2.471337253384865 10
3 4.2247290135397915 4
4 5.299212959381069 2
5 3.8173999999999895 6
6 5.000414506769827 3
7 0.47596170212766475 16
8 0.24494549323017267 17
9 3.6645392263055894 7
10 3.2112579497098217 9
11 4.110322591876155 5
12 1.8589617021275449 12
13 1.7572225918764377 13
14 2.3647145067697677 11
15 0.9700402707929772 14
16 0.9251925918761528 15
17 3.470405802707832 8
18 0.0 18
1 8.316989053467555 2
2 2.5363586610946776 12
3 4.136905288547758 9
4 4.751552126002319 8
5 11.020127991415213 1
6 6.520439783410161 5
7 2.421296614734299 13
8 7.35073100277889 3
9 4.906323857282901 7
10 1.982905288546609 14
11 6.174482952086548 6
12 3.270595804849343 11
13 0.48211452673538124 17
14 1.0033000000004106 15
15 0.8845610073200407 16
16 0.0 18
17 4.080753030744299 10
18 7.202727991415095 4
1 7.6837456970453495 1
2 4.134050426550126 9
3 5.359055156054925 3
4 3.699162234706595 10
5 5.290639885559646 4
6 6.830166114232236 2
7 0.0 18
8 2.934977765293247 15
9 4.644991591760256 5
10 2.5421187598833734 16
11 4.205929322721606 8
12 4.5336851560549105 6
13 3.5973551779027697 11
14 3.2794474875156077 13
15 3.2259180056179515 14
16 3.291045059300842 12
17 4.510022234706627 7
18 1.4732398855597069 17
1 3.5114943207145046 3
2 0.9197968207145037 11
3 1.9129118207145035 7
4 7.085180578009182 1
5 4.143843294680234 2
6 2.8926999999699903 5
7 0.0 18
8 1.6050539882828483 8
9 1.5015893206991129 9
10 0.6074269942101806 15
11 0.6624893207945366 14
12 0.8519246537071605 13
13 0.8570805780386042 12
14 2.9287905780091954 4
15 2.2216805780022177 6
16 0.010653005603713739 17
17 1.3765367919005607 10
18 0.04086193639969382 16
1 4.326296243078444 4
2 0.9903634254224576 14
3 3.0123634254100566 8
4 4.064600000028542 7
5 5.506350000000699 2
6 4.734850000000698 3
7 0.2249769060748945 17
8 1.890104364651459 13
9 2.8667143646514615 9
10 0.0 18
11 2.212779999999999 12
12 7.830637906074665 1
13 0.9157530386518027 15
14 4.200237906074936 6
15 0.42559999999613884 16
16 2.451393812125075 11
17 4.210776906073412 5
18 2.566299999980117 10
1 9.744785953896768 1
2 4.047041341101115 11
3 4.8993205117775736 7
4 6.7959066382683755 2
5 5.183808602481864 5
6 6.5443494335112025 4
7 2.6453524645475524 16
8 5.098255495577983 6
9 6.568983510406294 3
10 1.4830859538967642 17
11 4.833610566715243 8
12 4.0814933617205975 9
13 2.8284664665578934 15
14 0.0 18
15 3.4649624645467707 12
16 3.4198524645466315 13
17 3.335313446689457 14
18 4.0493859538904 10
1 5.297156657965971 4
2 2.3666877641144617 15
3 4.506290828886311 5
4 5.36622701276102 3
5 6.442623680587778 1
6 5.3698407478731625 2
7 3.0348315717324046 11
8 3.975069619102861 7
9 2.7270736585460162 12
10 2.531998008507346 14
11 4.1707315717324045 6
12 3.213148782869296 10
13 2.587618919566898 13
14 2.3648236805877794 16
15 0.0 18
16 3.594433880317092 8
17 3.236716329273009 9
18 1.6211903547950495 17
1 6.871887943353963 1
2 3.3510235821372047 8
3 4.839638550672328 3
4 5.518521313936166 2
5 3.44895077907956 6
6 3.3995213139361597 7
7 1.8543128769075543 15
8 3.3496952145626806 9
9 2.7313746708218787 11
10 2.0972104126063096 13
11 2.312116882617506 12
12 3.347036464736206 10
13 2.044235024847996 14
14 1.4615592209204324 17
15 0.0 18
16 4.104951882617505 4
17 1.7098557447920983 16
18 3.6306047437926274 5
1 8.32636094773962 1
2 3.36055148986161 13
3 6.619807052670424 3
4 6.174913920656073 4
5 5.149886079343923 6
6 7.467588131952843 2
7 2.9121798954792384 15
8 4.432982413818554 11
9 5.111976559384934 7
10 4.4658070526704226 10
11 1.686801584254229 17
12 2.9113749950999477 16
13 4.948682869051766 8
14 0.0 18
15 3.290346900379288 14
16 5.493251489861606 5
17 4.760896368426447 9
18 3.482776268129164 12
1 9.893742190330416 1
2 1.2930268415607462 11
3 2.970051796302503 5
4 2.7007691391631417 6
5 3.698631796302508 3
6 3.2034737824536714 4
7 0.4278910718358435 17
8 0.0 18
9 1.2449087397322933 12
10 1.0752297170980916 14
11 1.2081926026730303 13
12 1.7997067510443108 8
13 0.6343118860139585 16
14 1.4630642284152082 10
15 2.3466314907400023 7
16 1.500508657594704 9
17 3.7734421903304103 2
18 1.0227670279863013 15
1 5.972335000000081 3
2 2.2224825000165405 16
3 5.423529999993427 4
4 8.96908999999659 1
5 3.509382499991652 12
6 5.1865999999747725 6
7 2.293900000004813 15
8 4.173628333327899 9
9 4.495831666661707 8
10 1.6421349999848296 17
11 4.606228333329375 7
12 8.003082499996887 2
13 3.603819999992247 11
14 2.449059999996186 14
15 0.0 18
16 2.771789999996508 13
17 5.24088249999035 5
18 4.051917500003788 10
1 7.602387696802855 1
2 1.9857617351275456 8
3 4.527380761050999 3
4 3.027127633269278 5
5 0.9479276332689761 15
6 4.8538025362687005 2
7 0.5347892110898336 16
8 1.6152107889104423 11
9 3.391858422179628 4
10 0.0 18
11 0.992281367512998 14
12 0.06930607821151336 17
13 1.7365307889120083 9
14 2.655323109435443 6
15 2.357550933985798 7
16 1.6181276332677497 10
17 1.5986150847692981 12
18 1.5288276332689765 13
1 5.706283553329756 1
2 2.378771725287044 9
3 4.425439518852733 3
4 4.14869361157051 4
5 4.996207031157466 2
6 3.839845543141336 5
7 1.682712565920689 11
8 3.440391725287044 6
9 1.8598233541861817 10
10 1.0485105245530166 16
11 0.45240731241842 17
12 1.590286515556945 12
13 1.5206603511379757 13
14 1.5088282747129547 15
15 2.811001725287044 7
16 2.45721256592069 8
17 1.5193672747129543 14
18 0.0 18
1 5.458503213020956 2
2 0.37810046073232306 17
3 2.2065824794699176 7
4 5.371165373457048 3
5 3.900538690700664 5
6 4.809986152250517 4
7 0.9474646323570224 14
8 0.6306533665764005 15
9 2.7449706946362773 6
10 1.1731925979821558 13
11 1.4397376815461262 9
12 2.1925171741286835 8
13 1.227645688961023 11
14 0.0 18
15 1.1812069310439872 12
16 0.6118441351706492 16
17 6.182025373457051 1
18 1.406340705256953 10
1 7.189121204984136 1
2 1.5620211062258413 14
3 4.050786094961074 4
4 5.182352084819959 2
5 2.9011354308230555 7
6 4.711183788366105 3
7 1.2949855123496323 16
8 2.6963478458747057 9
9 3.5893620739406358 5
10 1.832534698718578 12
11 1.7652351047167438 13
12 0.0 18
13 1.458468052920197 15
14 2.0914156857311252 11
15 0.857963158032409 17
16 2.5729837883661038 10
17 2.8045506471207386 8
18 3.372448192453021 6
1 7.544970288737156 1
2 0.8786003882454418 11
3 3.1540702887371586 5
4 3.587153223881992 4
5 3.7250065530982774 3
6 5.649906565449421 2
7 0.0 18
8 0.14187065647503116 17
9 2.390573211530843 8
10 0.7612261545990584 12
11 0.6984409337931989 14
12 0.661080518048982 15
13 0.5829500000000012 16
14 0.9065702887371538 10
15 0.7419194819510171 13
16 2.9389669035911563 6
17 2.908313023700218 7
18 1.328039544172817 9
1 6.628210133355504 1
2 3.9065976888937923 7
3 2.524432000009798 10
4 5.202897688899526 3
5 4.542797688898519 5
6 4.174639822234067 6
7 0.0 18
8 3.0763865777954558 8
9 5.034094755567093 4
10 2.298010133340721 11
11 5.498711733342642 2
12 0.9422538666653117 13
13 0.6130320000086535 15
14 2.870111733344516 9
15 0.33939768889824373 17
16 1.951625777786369 12
17 0.8912546666781751 14
18 0.5267257777875316 16
1 6.685108150913914 1
2 1.0774799469429832 14
3 2.6401028330690246 9
4 6.57013287355975 2
5 4.085135398364395 3
6 3.878407770847102 4
7 0.3930763017260639 17
8 3.3510611470361797 5
9 3.1403085309437406 6
10 1.0427002738085047 15
11 2.439100273812313 10
12 1.1568562916490206 13
13 0.7787062990544311 16
14 0.0 18
15 1.6024908497882586 12
16 2.9243894589634327 8
17 3.092467530939074 7
18 2.2697273521785033 11
