1 2.7507464440112686 5
2 1.3616745382336546 12
3 2.469174538233113 8
4 6.532704138450178 1
5 2.686957370083319 6
6 3.488624479523291 3
7 0.3176533498245102 15
8 1.8213489946050718 10
9 2.6672229720041827 7
10 0.0 18
11 1.57226184362584 11
12 0.30039033742638743 16
13 0.2009448560225271 17
14 1.1378617063878704 13
15 4.713004138449927 2
16 1.0944564673511585 14
17 2.802837048579504 4
18 2.3709913556883397 9
1 7.243129746995249 1
2 2.2750104617739666 12
3 4.8283317122190414 5
4 7.1234797469945175 2
5 4.059359398489522 6
6 6.718023884178573 3
7 1.4083637205134396 15
8 3.12343493013229 11
9 4.04817472934142 7
10 3.4233238841796174 9
11 3.6391687381683058 8
12 0.0 18
13 3.186321559502648 10
14 1.2275387906008395 16
15 1.8982018109108612 14
16 1.0326859934153525 17
17 2.270808727874194 13
18 5.350216306026845 4
1 12.26953000027381 3
2 11.800900000273804 5
3 8.139671756010998 10
4 12.14987999859488 4
5 5.96840000001534 16
6 8.859780000355208 8
7 12.344210000273799 2
8 13.32011999995921 1
9 8.42482504909248 9
10 7.932329999959229 11
11 7.895653097317522 12
12 0.0 18
13 5.102134951623684 17
14 6.851008561047626 14
15 9.260360829303405 7
16 6.396979999933483 15
17 11.592679999959222 6
18 7.84287999994638 13
1 5.407599309740502 1
2 1.0808458995484693 17
3 1.9541163012389333 12
4 5.0927785256928 2
5 3.0794507797144615 7
6 4.348337636557156 3
7 3.879945899548466 4
8 3.297720982794565 6
9 2.2525818992729025 9
10 2.1409614085507904 11
11 1.6088631514238647 14
12 0.0 18
13 1.4085235073610758 16
14 1.5675745055773245 15
15 2.987711330365822 8
16 1.8400936606733476 13
17 3.7472419655891307 5
18 2.225349655640993 10
1 7.3745156666667295 2
2 4.634061000000366 7
3 5.715115666666309 5
4 8.311476111111126 1
5 6.662798777777896 4
6 7.070983444444364 3
7 1.2306009999999818 14
8 0.5174810000000027 15
9 4.124394999999991 9
10 2.8804912222220898 12
11 0.0 18
12 0.3448710000000017 16
13 1.5074210000000496 13
14 3.6274572222222723 11
15 4.158120999999881 8
16 5.098976111111005 6
17 3.8437665555556144 10
18 0.03562099999997548 17
1 5.654160058147312 2
2 3.6877552809226133 6
3 3.994760058147312 5
4 6.029933627776876 1
5 3.1952053565072442 10
6 4.879200059003582 3
7 2.3794861708431547 12
8 2.814589840613668 11
9 3.5544939372082878 7
10 1.3880380879403835 16
11 3.5434017520414773 8
12 2.212760058147306 13
13 0.0 18
14 1.2151870753660485 17
15 1.4743060627916889 15
16 3.4547999364693163 9
17 1.5255600581473128 14
18 4.457378721819934 4
1 6.773022808592632 2
2 4.4400047907071185 4
3 2.874347027787407 8
4 6.90234665838341 1
5 2.5194050274686246 11
6 3.6537860655580587 5
7 0.4531267783517534 17
8 2.388610925446544 12
9 2.5731674407147413 10
10 3.400417440714742 6
11 2.1938661159887665 13
12 1.022720300632737 16
13 0.0 18
14 2.821940861062845 9
15 4.734108720351391 3
16 2.898460672824409 7
17 2.1022759307772887 14
18 2.0914410697143118 15
1 3.607289623851917 5
2 2.4775034728919185 11
3 4.795039013132913 4
4 8.192502527776416 1
5 4.82888696306111 3
6 5.309695857701014 2
7 0.0 18
8 1.597671372375247 13
9 3.2499360629320844 8
10 2.7881869630611074 9
11 3.5255354144030564 7
12 0.5988165373336272 16
13 1.6913387013106673 12
14 2.674745433600952 10
15 0.0025522846427250556 17
16 1.3728815754220651 15
17 3.5263713723752472 6
18 1.4228144495334618 14
1 3.217600000000001 8
2 5.317698099901159 2
3 3.592772382300904 6
4 5.6666780999011594 1
5 3.6519627405386306 5
6 4.142796900477068 3
7 0.5845894089335943 16
8 3.4553945218319084 7
9 1.8650930144754323 11
10 1.241126247343069 14
11 1.4456694089335944 12
12 1.2040896380679595 15
13 0.5209010633632465 17
14 2.6763461491135114 9
15 0.0 18
16 1.4133831039612463 13
17 3.786079315872526 4
18 2.428462300146166 10
1 6.397057523504559 1
2 1.4293147441199887 14
3 5.418527745806427 3
4 4.761982027813728 4
5 3.6757002783877404 5
6 5.5656191854655725 2
7 1.2374036755851479 16
8 3.591971816027787 6
9 3.090872677849405 8
10 1.336649709466288 15
11 1.9741455266657741 10
12 0.0 18
13 1.9178999999999542 11
14 1.7282397094640687 12
15 1.6097508473121003 13
16 1.1290045083870504 17
17 2.7832341901712248 9
18 3.222865842719801 7
1 5.702777586655165 3
2 2.0715283642405904 10
3 6.670177454939422 1
4 3.882337939630326 8
5 3.9953517683421715 7
6 4.699447727325305 5
7 1.4502477273253884 12
8 3.4505644298093388 9
9 0.37783543760846117 16
10 1.9449908752163703 11
11 4.781477454939358 4
12 0.0 18
13 1.3977775866553122 13
14 0.2724581519353868 17
15 1.3458032580878445 14
16 0.807093258087844 15
17 4.129784367128981 6
18 5.837691411034151 2
1 4.309870427533209 8
2 2.7542785349381855 11
3 4.629874081383624 7
4 5.616783897311956 2
5 4.072700855069604 10
6 8.304077356110646 1
7 4.6707722644032525 6
8 1.2218751846782765 15
9 4.9948697385199825 5
10 2.398183922284206 13
11 1.0360085724666703 17
12 4.262511447620281 9
13 1.605976830402131 14
14 5.43147735611055 3
15 1.0922704275337076 16
16 5.082482857613625 4
17 2.6725806308370634 12
18 0.0 18
1 6.411376741294479 1
2 2.9411199999987896 9
3 3.868833171575641 5
4 3.2901000000002645 8
5 3.4753915857934565 7
6 0.0 18
7 1.6208279666103311 14
8 2.609320003231227 11
9 4.08973603624185 4
10 3.829288763801344 6
11 2.6951690856811714 10
12 4.4238731715847806 2
13 0.2489688714922602 17
14 2.368034435746638 13
15 1.4026339784641817 15
16 0.9569441058721317 16
17 2.371652175501861 12
18 4.132143549145502 3
1 7.0821080210110186 2
2 4.189304801428921 12
3 4.729124204836714 10
4 7.39062244990128 1
5 3.964673982860774 13
6 5.505499992525353 4
7 3.565799046545414 16
8 5.113502885953718 6
9 4.797193833812067 8
10 3.9334612922813026 14
11 3.581944946746372 15
12 4.431536299512505 11
13 2.855274083148082 17
14 5.296200377896822 5
15 6.786091048728542 3
16 4.8825544965299414 7
17 0.0 18
18 4.78285411604658 9
1 9.936546666476847 2
2 8.117081666485966 5
3 5.940106666383805 10
4 4.328123333165541 13
5 2.9482633331102885 15
6 8.221453333492466 4
7 4.5224533330964825 12
8 6.924179999765677 7
9 6.008919166472633 9
10 5.544453333389211 11
11 8.865191666488116 3
12 6.495146666547727 8
13 0.0 18
14 2.2050466666666653 17
15 2.8396533322173108 16
16 3.3768433333859518 14
17 7.9088616664965325 6
18 10.513204166472633 1
1 6.227888285774309 1
2 3.6905218490212013 5
3 3.361376974313357 6
4 6.108238285774297 2
5 0.7177566933142034 17
6 4.853144148469502 3
7 0.8375066933141917 15
8 1.971597635156006 13
9 3.3418433739773787 8
10 1.956012193110209 14
11 2.056090171733792 12
12 0.8351141564788791 16
13 0.0 18
14 3.3572588438134434 7
15 2.5008533739773653 11
16 3.973094443970605 4
17 3.117688101177194 9
18 2.9720841644881926 10
1 5.996408461298904 2
2 3.4264315515239274 14
3 5.6519698127262465 3
4 8.048067983765325 1
5 5.375742450495957 4
6 4.535141294487447 7
7 3.6838412693839686 12
8 5.18192382736722 5
9 4.498480366969819 8
10 4.346567983765325 9
11 4.277032993114509 10
12 2.5596985045712093 15
13 1.7278833054517833 17
14 3.7293862439337437 11
15 3.4553238273672124 13
16 0.0 18
17 1.9743915387011008 16
18 4.838366154804398 6
1 5.381500000000003 6
2 5.826507305699521 4
3 4.74665181347149 13
4 8.559147564766832 1
5 5.140821813471584 9
6 7.2165283419689175 2
7 0.4810045595855108 17
8 4.678990051813461 14
9 5.31147331606215 7
10 4.825622797927476 11
11 5.568428341968915 5
12 6.314457305699478 3
13 1.471800000000004 16
14 4.952633886010378 10
15 4.122499999999999 15
16 4.753728341968907 12
17 5.259704559585444 8
18 0.0 18
1 4.76028120623912 1
2 1.7131960923727017 7
3 1.163710168979338 9
4 3.9072773007874764 2
5 1.116414977795029 10
6 2.531581206239124 4
7 1.0925335982450206 12
8 1.7823328342250926 6
9 2.5515634686346846 3
10 1.1107403848317532 11
11 1.7025610469645798 8
12 0.20680359824501515 16
13 0.16895707087894762 17
14 0.6747237386479699 14
15 0.9578105617186268 13
16 1.8388496364818692 5
17 0.631681206239124 15
18 0.0 18
1 4.6610523529411 3
2 3.2077705882355394 6
3 2.618509411764542 11
4 3.864393529411711 4
5 5.547610588235315 1
6 5.232350588235622 2
7 3.8569805882353956 5
8 1.0708505882357007 14
9 1.2010364705884375 13
10 0.32385235294196724 15
11 0.23281058823530953 16
12 2.9712505882352795 9
13 0.0 18
14 2.3597505882350376 12
15 3.1833105882356123 7
16 2.769550588235308 10
17 2.99955058823522 8
18 0.00734764705848745 17
1 7.143418181818637 3
2 5.897218181817868 7
3 1.5077000000001366 15
4 7.190613636363478 2
5 3.6153000000003215 12
6 6.205360000000103 6
7 2.7745781818181747 14
8 0.9729200000001019 16
9 9.611418181818257 1
10 3.7965781818183326 11
11 5.354886363636363 8
12 3.535172727272844 13
13 6.475878181818214 5
14 0.0 18
15 0.8235600000001355 17
16 7.009418181818452 4
17 4.872586363636497 10
18 5.0040781818186275 9
1 6.144582825179421 2
2 3.6304661048911817 7
3 2.159893132870542 12
4 7.20693080069894 1
5 1.9159311048947467 13
6 4.432228468548633 4
7 2.8681524230763897 9
8 1.7265999999989687 15
9 5.021599999999999 3
10 2.727396437066087 10
11 3.809831104896143 6
12 2.714933132850641 11
13 1.827832517476093 14
14 1.4790297867092452 16
15 0.0 18
16 4.33875374125921 5
17 2.99637313286636 8
18 0.8003862587426083 17
1 6.543155295674335 2
2 2.8784474556402606 9
3 3.1295657460978776 8
4 5.033228785604045 4
5 7.3776152956743335 1
6 5.519131735282064 3
7 0.0 18
8 3.2227200018697815 5
9 2.484837778545317 11
10 1.7450300112225512 16
11 2.460397724466251 13
12 1.7727240112225489 15
13 0.9810482401304044 17
14 3.146926806386477 7
15 2.2742680136708997 14
16 2.657087754256396 10
17 3.1793822755337544 6
18 2.4623686536804863 12
1 4.3518988074489835 1
2 2.183609453141994 8
3 3.291109453141954 4
4 4.201468423468412 2
5 2.2524423160068214 6
6 3.5126074477739273 3
7 0.6460304163912138 13
8 2.393707520420929 5
9 2.2223326551861584 7
10 0.0 18
11 2.158897520420929 9
12 1.0527283504482638 10
13 0.38288558769984404 14
14 0.8659335733669862 12
15 0.929794993950803 11
16 0.07182207618445591 17
17 0.1525922438959726 15
18 0.13963206474700662 16
1 6.979687160166684 2
2 4.951400130370472 7
3 7.267453389654056 1
4 6.640559125845366 5
5 4.604696681600481 8
6 5.010832246519836 6
7 1.1791242362029077 17
8 6.864290932113553 3
9 4.210836126556083 11
10 2.2011242362028782 16
11 6.670244551140412 4
12 0.0 18
13 2.458174279723705 15
14 4.258844551140351 10
15 4.500665000646153 9
16 2.8015027976358935 14
17 4.0824306747145265 12
18 3.353625720276159 13
1 4.712448299458649 4
2 3.0323350530475137 13
3 3.748034580695055 11
4 7.219098667528641 2
5 4.147535228019718 10
6 8.685167077553286 1
7 3.4163271684228347 12
8 2.4900091613901125 15
9 4.70225669208275 5
10 4.192591700541355 9
11 4.673351700541353 6
12 5.053311286311566 3
13 2.140851700541351 16
14 2.668407679805697 14
15 1.9640966355309586 17
16 4.557580803204602 7
17 4.518937519575624 8
18 0.0 18
1 8.401034583338955 1
2 3.660789583306692 11
3 6.298816666635036 4
4 6.2075441666430455 5
5 5.186390416642015 6
6 6.599127083315464 3
7 4.32803375012101 8
8 4.286545416688176 9
9 6.6589995833319655 2
10 1.8030000000022173 14
11 4.485534583306692 7
12 1.3304974999942831 17
13 0.0 18
14 1.571090416670958 16
15 3.048216666672073 13
16 4.056999583344142 10
17 1.711720000001693 15
18 3.412109999991127 12
1 6.59533973251731 3
2 5.6965213374134915 5
3 5.994700058090425 4
4 7.1034826826810455 2
5 4.673570943376613 9
6 7.797449615447308 1
7 5.4101002009454495 6
8 4.1904213374135155 11
9 5.15887005809044 7
10 4.048914916939589 12
11 3.894478799810316 13
12 0.0 18
13 3.799207719209861 14
14 1.4830787998103165 17
15 2.279899615447308 16
16 4.496566813028861 10
17 4.8782538713119195 8
18 2.4612005349653923 15
1 5.712115055008468 2
2 1.975447142538875 8
3 1.7683843547140956 9
4 3.5268976924315805 4
5 6.546575055009537 1
6 4.496726372001102 3
7 1.1889797062781804 13
8 1.2336043547146174 12
9 2.166918790195761 7
10 0.6814096001041989 16
11 1.481025970486186 10
12 0.8716100528703248 15
13 0.17782051274787403 17
14 1.127427142539055 14
15 1.3259287901945511 11
16 0.0 18
17 2.258684944990422 6
18 3.4762022037925 5
1 3.7455255222243515 3
2 1.1934607384120373 11
3 1.2946763346863066 10
4 3.6463136116415504 4
5 1.0151926693726083 12
6 3.803025987698254 2
7 2.2903361661497414 7
8 4.494401975396512 1
9 0.8088700000000002 13
10 3.4024550352371348 5
11 1.8699245650128695 8
12 0.43014199940228615 17
13 0.6713756782131455 14
14 0.46063000000000853 16
15 1.625734392261121 9
16 2.504873585808758 6
17 0.0 18
18 0.5691138528645034 15
1 4.15109364352702 2
2 2.739748733658809 7
3 2.2965190451487585 8
4 4.690566310987286 1
5 2.967306278724676 5
6 2.288069235614071 9
7 0.0 18
8 2.8357309548512646 6
9 1.8138694307391954 10
10 1.0219999999999958 11
11 0.8933305488793382 12
12 0.06958345088560658 17
13 0.4808477523280035 14
14 0.773731494740991 13
15 3.4876891506036314 4
16 3.8519487336587863 3
17 0.41103054887933466 15
18 0.07938160259799854 16
1 7.0458843265023585 1
2 6.051013565458669 2
3 4.252340159875983 7
4 4.870529378915206 5
5 5.359118621594587 4
6 5.472791375962269 3
7 0.0 18
8 4.544913565458668 6
9 2.729491168284636 11
10 1.7606391603883396 16
11 3.2894360564834737 9
12 2.689364964539763 12
13 0.15451516433648838 17
14 1.9374435563965853 15
15 2.022547892981248 14
16 2.6863108648491654 13
17 3.1171764436034164 10
18 4.0630535654586675 8
1 5.38150000047966 12
2 7.090359999278 8
3 5.747593332216845 11
4 13.736609999039318 1
5 6.2159599990405345 10
6 10.446510005276728 3
7 6.3357100049892 9
8 7.168386674125863 7
9 1.2400000000044944 16
10 7.357709975531133 6
11 7.838470004938301 5
12 4.34705999888352 14
13 1.0764999999894869 17
14 3.470500000091834 15
15 4.858810003790356 13
16 10.524110000240189 2
17 8.69581333670556 4
18 0.0 18
1 11.2692340709062 1
2 6.453143951786755 6
3 6.310928225594565 7
4 10.266380758664804 2
5 6.151020727026896 8
6 8.100709677978978 3
7 4.090806856555668 16
8 4.776899999999998 13
9 7.021380758664803 4
10 5.059554815522445 10
11 4.894071810980827 12
12 0.0 18
13 4.114938577163991 15
14 4.678337430354347 14
15 4.954392107197359 11
16 5.77237105388087 9
17 6.718550400172901 5
18 3.827632587974472 17
1 5.915357386776414 3
2 5.611074410162178 4
3 3.5419683131893933 14
4 6.646799702187364 2
5 4.477720609583277 9
6 5.505499999999994 5
7 3.708237031904659 13
8 7.563457386776417 1
9 4.403925577835382 11
10 3.4536143731968716 15
11 4.0995238323901315 12
12 2.773432033591024 16
13 2.3179635924283266 17
14 5.296396685322186 6
15 4.865294447127485 7
16 4.418392074657427 10
17 0.0 18
18 4.714770031003674 8
1 4.3100088080131 2
2 1.5929227864793252 13
3 2.650608806499033 7
4 3.333561225750359 4
5 2.46364022351346 9
6 4.355954403744086 1
7 2.459641023488833 10
8 2.3682273377712053 11
9 3.7910585828756176 3
10 0.7955578526385017 15
11 0.3104103493889738 16
12 0.0 18
13 0.9232001198221995 14
14 2.5256729906452113 8
15 1.7610623392125078 12
16 2.8188416402546577 5
17 0.07441967148785578 17
18 2.802919676014269 6
1 9.66289999999653 2
2 5.4037847621591 9
3 5.733304670633 7
4 12.178345135533128 1
5 4.750013977025786 13
6 7.434200000000634 3
7 3.368547181646298 16
8 0.0 18
9 6.004142818251115 5
10 4.802624994611269 12
11 6.723895177772232 4
12 5.3197343467953475 10
13 4.650545135323299 14
14 5.194214994646522 11
15 5.804226409242358 6
16 4.278673590775354 15
17 1.9286999999999548 17
18 5.53219281845114 8
1 6.692568793152052 1
2 3.1151681806281895 8
3 1.3295479076382166 16
4 5.308811235850856 2
5 4.900114217710266 3
6 4.5984424870647675 4
7 0.584442487061585 17
8 2.118059805494789 14
9 2.4164950992436127 10
10 2.8594142177113984 9
11 3.6741022493318054 6
12 2.008702249332313 15
13 0.0 18
14 2.3180122868681035 11
15 3.315341761360922 7
16 2.1356424870609034 13
17 2.1660279076379654 12
18 4.308186318033577 5
1 8.293873076927728 1
2 4.290510448718377 6
3 2.3143609615386413 11
4 4.825216987183174 3
5 3.0500851923169567 10
6 4.6883604487210775 4
7 0.8412104487204988 16
8 2.1267120512800592 12
9 1.0359604487204992 15
10 1.8632104487214416 13
11 0.0 18
12 6.232673076927728 2
13 3.6781851923093027 8
14 4.429575705128476 5
15 0.32897307692772637 17
16 3.5746609615580005 9
17 4.1652730769134365 7
18 1.7953339743585495 14
1 9.988645202495613 2
2 5.060125550569163 10
3 7.656005191714092 3
4 10.346088006129591 1
5 6.925088006129592 4
6 5.523981493049481 6
7 2.331105219133089 17
8 4.106766330834065 12
9 6.326778827823999 5
10 3.294308911941765 15
11 5.165518741188693 8
12 2.3703999999999867 16
13 3.9134708205450854 14
14 0.0 18
15 5.485788827823986 7
16 3.9633452024956113 13
17 5.133302621387909 9
18 4.616928945216734 11
1 7.517267032449006 2
2 4.530850295749465 8
3 4.646449196081012 7
4 10.088158329572389 1
5 6.211678392157889 3
6 5.154213477076193 5
7 0.6738600461412747 17
8 5.80992255694216 4
9 1.853368037506856 16
10 2.6806180375010875 15
11 3.2389967843397054 13
12 0.0 18
13 3.964499541777898 10
14 4.514052889996475 9
15 5.018437588234981 6
16 2.9585301698471342 14
17 3.7485033079801138 12
18 3.893899999975232 11
1 6.246609196511979 8
2 5.910155805045164 10
3 6.3956787667393336 6
4 8.13850336655248 1
5 6.2690744814699535 7
6 7.610122457178455 2
7 2.5098610370601184 16
8 6.149382500778573 9
9 6.976871247897854 4
10 3.108635518530048 14
11 6.9277542478978384 5
12 4.383290666459033 11
13 1.471799999999996 17
14 3.0769999999999973 15
15 3.617246066645908 13
16 4.154436066645907 12
17 7.453546066645906 3
18 0.0 18
1 5.494873948207659 2
2 2.25603350133408 13
3 4.023246724620457 8
4 5.71238652433617 1
5 4.323194427271179 5
6 4.803163667766528 3
7 2.9275155668761013 11
8 4.1531948640352265 7
9 4.595287316697733 4
10 2.9988071230061064 10
11 1.055836929314479 16
12 3.374896235532367 9
13 2.2861544000029834 12
14 1.1224920712488213 15
15 2.1756381231870785 14
16 4.1625503998159115 6
17 0.6618620712488235 17
18 0.0 18
1 6.089370999999948 3
2 6.093778499998761 2
3 1.8886999999994483 12
4 6.0983734999994255 1
5 0.6178909999994007 15
6 1.0525210000000138 14
7 0.12987099999946006 16
8 4.587678499999738 5
9 1.9478709999987776 11
10 3.666478499999736 6
11 0.0 18
12 2.309941000001778 10
13 1.2459909999995797 13
14 5.245758500001092 4
15 3.5726210000020497 7
16 3.4037584999951407 9
17 3.4346709999994607 8
18 0.03562099999812096 17
1 7.639354196698161 1
2 0.0 18
3 5.872956739033249 5
4 5.2103957441356314 6
5 6.267126739033739 4
6 6.601309980432482 2
7 3.726743773897614 11
8 4.7026537739042835 8
9 0.12587999999999866 17
10 3.0981343942300814 14
11 3.6635583933991693 12
12 0.4879500000000676 16
13 2.405849999999778 15
14 4.785823458964767 7
15 3.479439064269345 13
16 4.3469855666326005 9
17 6.500961152833268 3
18 3.7880822087549983 10
1 6.46432371030563 4
2 5.63785971337893 8
3 4.960801712413511 11
4 6.445325140909845 5
5 6.387662625668895 6
6 7.094189713378929 2
7 0.7453305695830927 17
8 6.199510972831849 7
9 3.1332933643411582 15
10 5.042593193881818 10
11 1.6654000000029905 16
12 0.0 18
13 7.015762625670691 3
14 5.407841838889097 9
15 4.615899999981555 12
16 8.36731097282657 1
17 4.396946955963096 13
18 4.232259426751324 14
1 9.939014251756628 1
2 0.0 18
3 1.107500000000278 16
4 6.171392060890186 6
5 2.3244079016398125 12
6 8.58361828103062 2
7 1.6222852224833209 14
8 6.98476925175664 4
9 2.926392060890033 11
10 1.1746906135831163 15
11 5.7574467517566905 7
12 0.6237727166279892 17
13 1.9861010304447233 13
14 7.18018175175682 3
15 3.2018182810310325 10
16 3.913714251756682 9
17 6.7195517517563745 5
18 4.103181751756649 8
1 4.905089356315198 1
2 2.2269552635100247 12
3 2.595177687459593 7
4 3.9350686411901163 3
5 2.3388360186039243 8
6 1.7587843205950162 13
7 2.3290383971115243 9
8 4.12613729538303 2
9 2.6603853140143703 6
10 2.308324132722283 10
11 3.621547295383018 4
12 1.0876108861517781 16
13 1.7563818353256895 14
14 0.0 18
15 0.2135420663611387 17
16 2.3014035191507904 11
17 1.2632036130438091 15
18 2.6713097923813107 5
1 5.634098962531205 3
2 5.436564363769963 4
3 3.2799817665210043 11
4 5.101438674690822 5
5 2.9995160240973444 12
6 6.318607630661139 1
7 3.8284310974222677 10
8 6.151352563169526 2
9 4.589844430718589 8
10 0.9588160240044457 17
11 4.781961827187355 7
12 4.951914431010542 6
13 0.0 18
14 4.104351099477288 9
15 2.1892182328252128 15
16 2.1250977641016604 16
17 2.636345361048016 13
18 2.362921432119376 14
1 11.858828177515228 1
2 10.612628177515045 2
3 5.668278804732971 7
4 10.141078804733969 3
5 4.077712236685475 13
6 5.133341621301248 11
7 2.1447628875742764 16
8 5.133498804739187 10
9 4.547841443787232 12
10 5.37509144378725 9
11 3.7066644378690525 14
12 0.0 18
13 2.169741443787311 15
14 6.035147550296401 6
15 2.076225668640314 17
16 6.928578804734196 4
17 5.574517550294373 8
18 6.4773281775142255 5
1 5.607899658784348 5
2 2.2086504956835284 17
3 5.927819823311324 3
4 7.522719823311324 1
5 6.442359658784346 2
6 5.8679387631107405 4
7 2.6592629601209126 15
8 4.035597833678577 9
9 3.635018815448542 10
10 4.173798878527994 7
11 3.489316656835748 12
12 0.0 18
13 2.528909973712125 16
14 4.063971334714311 8
15 3.0096366479311314 13
16 3.546826647931128 11
17 4.8079497114811325 6
18 2.697830391947959 14
1 5.542512963915865 3
2 3.18153602321059 9
3 3.1148784019149676 11
4 6.1897255326776754 2
5 3.8351359641271214 7
6 7.523735964127172 1
7 1.5377194723030823 15
8 4.281291506599178 6
9 3.154914589038555 10
10 1.019100734652827 16
11 2.648724351800084 12
12 0.4007906880353471 17
13 4.463235964127183 5
14 4.651135964127175 4
15 1.775886301436772 14
16 2.463570502386755 13
17 3.478547732043377 8
18 0.0 18
1 3.300705999998871 7
2 0.4504589811297055 15
3 3.77813252829858 6
4 5.006379735848061 1
5 0.8912493584871874 13
6 4.485995056601084 2
7 2.555428603769994 10
8 2.79447973584601 9
9 3.844135056600873 5
10 0.0 18
11 1.8563101132000257 11
12 0.8300686037749394 14
13 2.8322486037710255 8
14 0.40171452830348264 16
15 3.904977584904083 4
16 1.3198293584879672 12
17 0.034997471684168335 17
18 4.090798226414772 3
1 8.080166335322797 1
2 0.0 18
3 3.2491808075294535 11
4 7.0643508075294665 3
5 3.643350806862692 9
6 3.5750000000000135 10
7 0.4786399999422435 17
8 7.565683230047544 2
9 3.938666335402195 8
10 4.280249440972911 7
11 5.1662916771453276 5
12 3.1299325463776873 13
13 2.347022484563024 15
14 2.816594161483555 14
15 5.8390832297644515 4
16 1.1121999999097745 16
17 3.1953058387483306 12
18 4.861249441041433 6
1 2.3120199999999542 9
2 3.7600603800300374 5
3 3.7668770212597025 4
4 5.056311666116542 1
5 2.2771175970596604 10
6 3.2752121194036143 8
7 0.0 18
8 3.496792119403638 7
9 1.9137695538240658 12
10 1.6989757463552837 14
11 1.9777987217547282 11
12 1.3859315105886374 16
13 1.7193552426579781 13
14 0.2759199999999473 17
15 1.5997166203258835 15
16 3.5819209453092236 6
17 4.691028510629923 2
18 4.073375945309223 3
1 8.07537300002742 1
2 3.4642570000205453 11
3 3.456099999992019 12
4 7.3500309999797615 2
5 5.340616999979454 6
6 4.80537899998933 8
7 5.447824000042052 5
8 2.9213200000044743 13
9 4.022509000078017 10
10 2.5165849999937238 16
11 4.212366999846266 9
12 2.5442789999949635 15
13 0.0 18
14 2.393999999960072 17
15 6.34659900002954 4
16 6.99902399998523 3
17 4.850019999992021 7
18 2.747184999975579 14
1 4.981525331601765 2
2 4.9136079788073745 3
3 4.852878835357863 4
4 4.38519727631005 6
5 4.652370228523915 5
6 6.479687122260437 1
7 2.225324552618213 16
8 3.9453222240501313 7
9 3.7662656055795773 8
10 2.9300677528613375 11
11 2.8896417763100493 12
12 2.2489435422320305 15
13 2.2971222240500797 14
14 3.4180022240500803 9
15 2.218722224049894 17
16 3.1413611120252503 10
17 0.0 18
18 2.7284999999980437 13
1 3.3087927236075902 6
2 0.253340000000001 17
3 1.7906865610933997 11
4 6.712259374520947 1
5 0.0 18
6 5.446325964783141 2
7 1.243187276392407 13
8 2.0746585447410957 10
9 3.4896501870989467 5
10 2.389817008183833 9
11 0.5346912358110438 15
12 0.9994897480144991 14
13 1.508525633807462 12
14 0.3794729678071822 16
15 4.892559374520964 3
16 3.0957939918654285 8
17 3.2591571953262815 7
18 4.061863254902067 4
1 7.458854109222948 1
2 5.586415730996111 3
3 4.94200768455466 8
4 5.409915878934017 4
5 1.9889158789342465 16
6 5.078683140598508 6
7 2.010890659766213 15
8 3.1351614726911414 10
9 4.990310802410056 7
10 5.365915949577007 5
11 2.5633056444018734 13
12 0.0 18
13 0.9611295815753698 17
14 2.921022349647868 11
15 2.592626113467871 12
16 2.5473885273059533 14
17 6.371235785686826 2
18 4.60581826670274 9
1 8.546083099977169 1
2 6.558973027911097 4
3 3.2506000000000475 14
4 7.46577351407026 3
5 7.701680811027018 2
6 6.399002541753083 5
7 0.6241090219631684 17
8 5.052873027911304 7
9 3.648151956074204 12
10 4.343896174788434 9
11 4.799054647677934 8
12 3.293801769617896 13
13 2.2409531205673248 15
14 5.580252757950539 6
15 0.0 18
16 0.7916709780371045 16
17 3.989243065660248 11
18 4.012694000227841 10
1 9.630872924996469 1
2 3.8633645999967245 10
3 3.9487264250004688 9
4 5.880517162506962 3
5 4.9335403999974625 6
6 3.9940641374994206 8
7 6.6624645999996 2
8 3.4139464249929548 13
9 3.3522041374978215 14
10 2.1644525000000296 15
11 2.060026424998985 16
12 0.0 18
13 5.835132437497817 4
14 1.3240906499979403 17
15 3.587099999994285 12
16 4.668432437507507 7
17 5.0980566625000865 5
18 3.590729675000967 11
1 6.79031307737192 1
2 5.315033774198988 4
3 6.0221391741549 3
4 4.9572968137083295 7
5 4.008118615163186 9
6 5.108534219862295 5
7 2.679805012253473 14
8 5.044710945008493 6
9 2.916462148442059 13
10 3.2881283742430742 11
11 4.6207323211576625 8
12 6.176784574110814 2
13 0.0 18
14 2.5414390169992624 16
15 2.6507000000000023 15
16 1.2198784617678742 17
17 3.708989974066729 10
18 3.2262517836905653 12
1 6.2547030098282335 1
2 0.3254794527157663 17
3 1.528378371861637 11
4 6.150439761154989 2
5 5.085910425947397 5
6 5.032872877184798 6
7 5.205660425947386 3
8 0.0 18
9 1.4517139122886993 12
10 5.105549761154989 4
11 0.6760305472842654 15
12 0.789533351290161 14
13 2.6835372498645502 8
14 0.37819680182067295 16
15 2.400749761154989 9
16 2.9379397611549756 7
17 2.3886514863161743 10
18 1.102116781697736 13
1 8.467957524608561 1
2 2.635381190277445 10
3 5.45235752460847 3
4 3.8111418170306304 6
5 3.824653761033215 5
6 5.7810025692364775 2
7 1.051188182987246 17
8 2.7845704513314073 9
9 3.0696612881852534 8
10 1.8046072686000718 14
11 3.5636575246084483 7
12 0.0 18
13 2.40542874649483 12
14 1.481621504410016 16
15 1.8259836340213835 13
16 2.442657524608453 11
17 4.339357524608099 4
18 1.6382475934614351 15
1 5.798942426455246 1
2 2.89684999999616 12
3 3.3382956470662597 9
4 4.759064308803788 4
5 3.944677845591391 6
6 3.2947000000012525 10
7 3.240349977955316 11
8 5.262244058829519 2
9 1.7215621544103232 17
10 0.0 18
11 4.6048151691334125 5
12 2.083632154420358 14
13 2.072315169114764 15
14 3.8004407941102065 7
15 2.5813424264738734 13
16 1.95844079415658 16
17 5.0061456911687285 3
18 3.756805647022395 8
1 5.3641900000000025 1
2 1.3492358401267122 12
3 3.042268610489441 7
4 4.164055201644608 5
5 0.269941792800096 17
6 4.445665161965289 4
7 0.8785899999978861 16
8 2.4003354642525223 8
9 3.2346358401267716 6
10 1.525777580982604 11
11 1.2018301767544195 14
12 2.127627904912762 9
13 1.8847330697637268 10
14 1.1545100000000004 15
15 0.0 18
16 5.20645404083379 2
17 1.236779409133317 13
18 4.482528641511936 3
1 6.390505734127408 2
2 1.7720025359574025 12
3 2.5552388335777994 7
4 5.115942172176766 3
5 0.1635423168340382 17
6 7.231987682952514 1
7 0.16575561573469777 16
8 1.9810893478711535 8
9 0.5209490204388432 14
10 1.7977053700340373 11
11 1.8276485821921145 10
12 0.7138657240436468 13
13 0.0 18
14 3.374202867063704 4
15 1.8501876829525212 9
16 2.8842025359574035 6
17 2.900665753126399 5
18 0.4196015246806013 15
1 7.360513635126734 1
2 3.265047160929961 6
3 5.645963635126575 3
4 7.240863635126779 2
5 3.4552132166188674 5
6 3.950763635126735 4
7 0.17306363512757272 17
8 1.671473120648314 9
9 1.321864321881966 11
10 0.3983571396917718 16
11 0.8791171396889779 14
12 0.0 18
13 1.2657561115299707 12
14 0.876093860109658 15
15 1.3952835383690363 10
16 0.9083911587198699 13
17 1.823971482821079 8
18 2.3719071609236515 7
1 4.163698497472982 2
2 1.9280613687037595 8
3 2.5875759363814153 7
4 5.257428005045511 1
5 3.0925550454815216 4
6 3.2389138251901812 3
7 0.7244009357950185 14
8 2.890653982596341 5
9 2.861375846347374 6
10 0.6020286459562982 16
11 1.9207636150866763 9
12 0.773292395004346 13
13 1.8462066653996814 11
14 0.8900223167951946 12
15 1.8478074272233278 10
16 0.6112665571791855 15
17 0.03509849747298022 17
18 0.0 18
1 8.249092944687956 1
2 2.369131343284909 13
3 3.757040119988108 6
4 5.606693714935277 2
5 4.218316160374474 4
6 3.234935237348921 7
7 3.7634929446961585 5
8 3.20609827567844 8
9 2.9373719643045977 9
10 2.727569469715683 10
11 1.7624937149590274 17
12 2.274007923908644 14
13 0.0 18
14 2.4105203564506996 12
15 2.4762647626564886 11
16 2.1153289587400206 15
17 5.134798275681539 3
18 1.798114714954795 16
1 1.2087209270516386 15
2 2.1121272492400593 13
3 6.932589999999945 2
4 6.02655999999994 4
5 3.9545266109419255 10
6 9.47008999999995 1
7 6.2208899999999385 3
8 0.7072146048630366 16
9 1.651803389057683 14
10 5.115839999999935 6
11 5.596599999999941 5
12 0.0 18
13 4.343706854103218 8
14 5.019006854103219 7
15 3.8851399999999163 11
16 3.177006854103709 12
17 4.1710789513677 9
18 0.34814000000002165 17
1 4.543912128178922 2
2 1.0171797183923745 15
3 3.212652319657492 4
4 4.620969721476428 1
5 2.831342210643335 7
6 3.1106566224750223 5
7 1.044510449416006 13
8 2.1889694404123783 9
9 2.992753515317137 6
10 2.0313668092435333 10
11 2.4636542998803614 8
12 1.1025121281789299 12
13 0.48921815034466953 17
14 0.0 18
15 1.0282308229530641 14
16 1.642388613831707 11
17 3.4095543813774967 3
18 0.9107027955339826 16
1 9.381727692307638 2
2 6.642318846153845 7
3 3.907108076922886 13
4 10.997408076923062 1
5 1.873359615384639 16
6 7.707308076923143 5
7 2.224639615384638 15
8 7.214483846153877 6
9 0.0 18
10 8.192683846153876 4
11 8.251161153846182 3
12 0.362069999999977 17
13 2.501459615384502 14
14 5.839761153846036 8
15 5.487883846153745 9
16 4.8496365384617075 11
17 5.061359615384803 10
18 4.255970000000057 12
1 6.692954359859707 2
2 0.5274679494600476 16
3 7.660912054435531 1
4 3.245000004686566 5
5 1.7453220515736574 12
6 4.755013589873059 3
7 2.188012036863947 9
8 3.16392205502264 7
9 0.0 18
10 0.7948179483565896 15
11 1.275577949701388 14
12 1.3022820544375042 13
13 0.24313589870093377 17
14 2.1731728242462265 10
15 3.18459512885338 6
16 2.778653338053858 8
17 3.7635946153427406 4
18 1.980343333537963 11
1 7.136815163876555 2
2 4.3476486934954615 9
3 5.472900001752588 5
4 6.581326825680479 3
5 5.691601596304069 4
6 4.855405766697728 6
7 0.0 18
8 8.784915163899631 1
9 3.9593876729080715 10
10 3.2003460136344186 15
11 3.2417515306439886 14
12 3.299576739251869 13
13 3.606639414834061 11
14 3.540650624120605 12
15 2.2302781474619118 17
16 4.506982867311246 8
17 4.578332488282051 7
18 2.6149687303289473 16
1 6.206966878879504 3
2 6.35827699531898 2
3 3.9855579780351946 8
4 6.08731687978481 5
5 7.434677862262452 1
6 3.653836879644428 10
7 1.7213668836305214 15
8 3.875416879612663 9
9 0.34824000118744136 17
10 5.3939778625359835 6
11 3.5496022959878903 13
12 0.3731131228232498 16
13 3.590977861055975 11
14 0.0 18
15 1.9629262426143104 14
16 4.017889712498721 7
17 6.150056994781329 4
18 3.5852232947786224 12
1 10.969542857096581 1
2 2.667109285500461 16
3 4.422610715624131 10
4 8.055389281084544 2
5 7.076507141955704 3
6 6.604942856202623 4
7 0.0 18
8 3.095099999614907 12
9 2.9996999999732665 13
10 2.883150000067733 14
11 6.590798215558643 5
12 2.725975000419732 15
13 3.544442857314503 11
14 1.8190892868289787 17
15 5.473948215558658 7
16 5.26290000109802 8
17 5.023800000089203 9
18 5.588042857365647 6
1 6.003927121981166 2
2 0.6068549543363027 16
3 2.1922494418837624 11
4 3.170916090077701 6
5 3.640830570245371 4
6 2.0288116579483333 12
7 2.285678772932291 10
8 2.645415517285435 8
9 4.04076792658638 3
10 2.573401445027225 9
11 1.5306845022226514 14
12 0.0 18
13 1.941361140491733 13
14 3.457444620108203 5
15 2.9500638740130194 7
16 0.4421385609901929 17
17 6.786363874013016 1
18 1.0119116579483083 15
1 5.905318859585336 3
2 2.263154949527068 7
3 6.892618859585297 1
4 5.058527851945916 4
5 0.594937251273135 15
6 2.9522499345217312 6
7 1.4197188595852859 11
8 0.8499933007457761 14
9 6.056788859585295 2
10 1.568118859585115 10
11 1.6316033557658063 9
12 0.3866570921243948 16
13 0.1951086777009321 17
14 1.1238899645325988 13
15 2.1212388473082453 8
16 1.2923070921244673 12
17 4.594957851946195 5
18 0.0 18
1 5.001995105263684 1
2 1.9885193936912136 14
3 3.7938792586321224 4
4 4.925622037945172 2
5 2.5136758020138266 11
6 3.2326599359373733 8
7 2.633425802013826 10
8 3.259099258632122 7
9 3.496836109464183 6
10 0.9338449587989399 17
11 1.206356981670552 16
12 1.798225379853684 15
13 0.0 18
14 2.7317792586321232 9
15 2.3484702544416742 13
16 3.7215511151921365 5
17 2.3741454827056026 12
18 4.212389258632121 3
1 6.648214750822345 2
2 0.9601227156456669 14
3 4.365285338106098 5
4 7.175889066032007 1
5 3.9969522326922453 8
6 4.453185838125448 4
7 1.1438737816261062 13
8 0.23018780407104522 17
9 4.183332399365386 6
10 0.0 18
11 0.5017628924964188 16
12 1.8200792768855691 11
13 1.779213291126498 12
14 4.173213291126508 7
15 2.9644680688440572 9
16 2.331213291126457 10
17 6.45987573269867 3
18 0.5591919462482027 15
1 4.744614894805734 1
2 2.931635040327815 5
3 4.340307870402804 2
4 3.5550687201579247 3
5 0.5894478047156566 12
6 1.0240778047156558 10
7 0.3464997650311188 16
8 0.5601397525546126 13
9 1.8741026838990547 6
10 0.26120104323491966 17
11 1.823405778858577 7
12 0.0 18
13 0.5092331783259461 14
14 1.5168351858498963 9
15 1.717909961947031 8
16 0.39657544315767335 15
17 3.1089574783688185 4
18 0.8937426562640948 11
1 8.654366952387692 1
2 5.82696253450459 9
3 7.184458851298503 4
4 8.4203879106177 2
5 5.129435692907468 12
6 6.2248125344903675 7
7 0.0 18
8 6.548035692915928 5
9 5.655995692909073 11
10 4.359916969778586 16
11 5.756372950463161 10
12 3.661214958242426 17
13 4.550221370258717 15
14 4.721283030147163 14
15 6.3728822001954155 6
16 5.931116969892441 8
17 4.778700000022697 13
18 7.602968851317711 3
1 4.910000000000002 12
2 8.781311818182685 6
3 3.250599999999991 16
4 7.453054999999992 10
5 7.937317045454663 9
6 11.973432272728202 1
7 4.362184999999992 14
8 8.253354999999914 8
9 10.999142045454114 3
10 6.35401181818165 11
11 4.81266999999999 13
12 3.4764550000000574 15
13 8.565417045453943 7
14 2.0720850000000004 17
15 0.0 18
16 9.213566363635692 5
17 10.18205500000034 4
18 11.933543636363337 2
1 5.128575172703912 4
2 2.1789794293915934 14
3 3.3659151931713356 9
4 6.781644745149 1
5 3.5288191270190414 8
6 5.1668162773475395 3
7 1.1713565984223262 16
8 2.6150693980558577 10
9 3.5777196690925606 7
10 2.4628042094798426 11
11 6.017494834546222 2
12 4.352094834546395 6
13 0.0 18
14 2.3939999999991155 12
15 1.6654984927037002 15
16 2.299538227823196 13
17 4.450716351091557 5
18 0.9220894902981072 17
1 5.774563751123196 1
2 1.121195247669874 11
3 1.0376803745818923 12
4 4.913377169856254 2
5 1.7207647644621875 8
6 3.5246434234111867 3
7 0.0 18
8 0.9759100000000014 14
9 1.6684679725996603 9
10 2.0759156701255446 7
11 1.615562458963126 10
12 0.9367771698562547 15
13 0.3440015953399864 16
14 2.6151693614393228 5
15 3.0297900941395906 4
16 2.343990698027005 6
17 1.0165657815493767 13
18 0.09477232005283898 17
1 4.485600000005234 10
2 6.304539999959798 4
3 5.058619999959797 8
4 6.653520000147633 3
5 5.452790000012442 7
6 6.820574363641654 1
7 0.0 18
8 3.0171082727601943 13
9 3.155238727298306 12
10 2.1823200000124396 16
11 2.80931999992122 14
12 6.792490000012443 2
13 0.2768200000237262 17
14 5.456520000012443 6
15 4.833819999978697 9
16 4.357774363636099 11
17 5.476140454537129 5
18 2.6426199999786975 15
1 9.8520300000004 2
2 7.291070000000229 6
3 5.472900000000692 14
4 8.558499999999286 3
5 5.85707000000041 11
6 7.782399999999935 5
7 0.0 18
8 5.784969999999896 12
9 5.710529999999366 13
10 3.816370000000108 16
11 10.523000000000435 1
12 6.0726000000026765 10
13 7.990499999998926 4
14 5.192899999999346 15
15 6.634430000000103 8
16 6.8238000000004355 7
17 6.222970000000481 9
18 2.2295000000002028 17
1 3.0257233131364814 5
2 1.7795233131364832 12
3 1.4549294386676268 14
4 7.132882846097634 1
5 2.0160996203556314 11
6 3.9629164359094844 2
7 0.0 18
8 3.4346996203556306 3
9 2.7819249971335984 7
10 2.400511183845799 9
11 0.05521966261597999 17
12 0.9204637392780615 16
13 1.1605809952095403 15
14 2.2159099942671974 10
15 2.9998222947103197 6
16 2.601055697928073 8
17 3.0589295055322765 4
18 1.7335585669569213 13
1 6.859579343060699 3
2 7.09116193176269 2
3 4.052403078653055 5
4 5.477626707143873 4
5 3.5078594903805964 7
6 7.489011931762692 1
7 0.6519460910500388 17
8 1.9183825793645397 14
9 2.9701595899736315 8
10 2.9438798887527384 9
11 1.8991839089499631 15
12 0.0 18
13 1.083094950361605 16
14 3.8096589236256797 6
15 2.381071595541459 11
16 2.095187090579937 13
17 2.790264939899706 10
18 2.362244673417978 12
1 8.471745641137726 1
2 1.6416577353189576 12
3 2.0813912823135112 10
4 5.887266282577068 2
5 0.47939160296290484 16
6 2.5971662824817097 5
7 0.0 18
8 2.8187462825796934 4
9 1.955306282919595 11
10 1.2898311530071618 14
11 2.314156282562243 8
12 2.3785797235415034 7
13 0.15813692306548743 17
14 2.223102329403071 9
15 3.5460100431748782 3
16 2.4464456411275424 6
17 1.4334377353210332 13
18 0.7461831627600606 15
1 8.647014249899513 1
2 0.0 18
3 4.416946707614385 8
4 6.661490008528029 3
5 3.7330322932962683 11
6 6.176992024434201 4
7 2.7990999999999993 15
8 4.362595598755549 9
9 7.657595598755557 2
10 2.8850409272641997 13
11 2.3996968050237446 16
12 1.331729161388127 17
13 2.8443448469265786 14
14 3.2934048862290304 12
15 4.517897023808599 6
16 4.581875153073419 5
17 4.224348894826394 10
18 4.449809774865033 7
1 8.48521938426671 1
2 0.0 18
3 5.039913294917463 4
4 5.8164030987375055 3
5 6.377752651990916 2
6 4.1347281786985945 8
7 2.371506984137161 14
8 3.6045030987374256 10
9 3.0225028572353883 12
10 2.9139579339591846 13
11 1.175703015862677 16
12 1.3530220090643814 15
13 0.17516301068301443 17
14 3.0506881528002388 11
15 4.9401220090644085 6
16 5.009085669796061 5
17 4.356619384266739 7
18 3.638434348332766 9
1 4.12859999999715 11
2 4.329931265805268 10
3 5.849360000122789 6
4 9.90146593807826 2
5 4.963060000005483 8
6 6.683041221269076 4
7 7.12903126542794 3
8 5.7767000000000115 7
9 6.435898601692108 5
10 2.7994451945486647 14
11 3.960659999466483 12
12 1.4857966372948161 17
13 2.594233274290689 16
14 4.399337247790044 9
15 2.598759999969508 15
16 10.138460000096712 1
17 0.0 18
18 3.6883630974937187 13
1 4.607218226002383 3
2 1.9776518955649238 11
3 2.7929137506283688 8
4 4.022891130257445 4
5 2.9605229801226325 6
6 2.6677400405174656 10
7 0.0 18
8 1.810991130220914 12
9 3.9851463002313423 5
10 1.7839929801226733 13
11 2.81518447020681 7
12 1.1658182260280823 14
13 0.28951911299379685 17
14 8.526322980122856 1
15 0.5962229801228407 16
16 1.1632614900384586 15
17 2.7208229801235317 9
18 5.44932298012264 2
1 9.871852474226749 1
2 8.625652474226913 3
3 5.651325360824823 9
4 8.812371134020374 2
5 5.968400000000307 8
6 7.6431524742273265 4
7 3.346805154639769 14
8 4.776900000000086 10
9 6.34650515463913 6
10 3.507635567009902 13
11 3.7878207216493323 12
12 0.0 18
13 1.284571134022133 16
14 4.1436253608247995 11
15 2.888279587627977 15
16 6.817044432989726 5
17 6.034032577319733 7
18 0.4396982474223474 17
1 10.613419686225662 2
2 3.9750523405634395 8
3 12.65552826530795 1
4 7.396774190077188 3
5 0.23340049107124905 17
6 0.6680304910718768 15
7 7.182628265298293 4
8 2.0604764158163915 13
9 5.483449853308075 7
10 2.939455623726315 12
11 3.0823990178480507 10
12 2.967149623716643 11
13 0.0 18
14 1.5324995089310733 14
15 6.922874190052434 5
16 5.576589519137839 6
17 0.44672505740022705 16
18 3.3858741900454854 9
1 10.359787409581743 2
2 6.837255337125732 8
3 7.053159337606091 7
4 11.399664882494623 1
5 8.281446232467975 5
6 8.50689973947098 4
7 0.0 18
8 5.948082408675679 11
9 9.243082408686746 3
10 4.863629918917235 15
11 6.614444900246046 9
12 4.891323918905947 14
13 4.2998824087468375 17
14 5.6763673385470765 12
15 6.12632272546869 10
16 7.495780755355214 6
17 4.77869999999335 16
18 5.426117591282507 13
1 7.495112780818336 2
2 7.14899930153764 5
3 4.857183940578567 13
4 7.189935840500395 4
5 6.895659301537652 7
6 7.678855100338755 1
7 5.2845319051342265 11
8 6.189405616366896 9
9 7.461740560333572 3
10 5.580745603335917 10
11 5.141764159499702 12
12 3.0958905603335407 15
13 6.585589301537643 8
14 1.841999999999933 17
15 2.6655599999999993 16
16 0.0 18
17 4.496259520458653 14
18 6.989790560333583 6
1 8.104397868739818 3
2 6.858197868743151 6
3 4.494223318265553 11
4 8.144529390591726 2
5 6.842498305710424 7
6 7.6287233182642575 4
7 6.582790716557813 8
8 8.387167301189672 1
9 7.395722318768125 5
10 4.10511362966726 13
11 2.6055233182654987 16
12 0.0 18
13 3.067166666666666 14
14 4.1619953473967835 12
15 4.985555347396614 10
16 5.202581319269659 9
17 2.1232233182657967 17
18 2.7446333333334403 15
