1 2.490553348281743 6
2 1.3145915129730974 11
3 0.2597223482817428 16
4 2.723487520020362 5
5 1.8504116055221502 7
6 0.8624883034355716 13
7 0.0 18
8 0.35055101242383313 15
9 3.89153201356071 3
10 1.6378232110398725 8
11 0.22815334829835687 17
12 3.9665666816150753 2
13 1.293529724151934 12
14 0.6247798620764431 14
15 2.793540014948409 4
16 1.3713042213671625 9
17 4.926451012385275 1
18 1.340753515325305 10
1 2.7214243126519806 16
2 3.1793394879928476 15
3 6.200403396193804 4
4 6.103649999999077 5
5 5.094102749386254 10
6 0.7965499999987857 17
7 4.150537250623634 14
8 5.21711865176146 8
9 5.096949999999011 9
10 5.045767951186473 11
11 6.606693072786389 3
12 6.739178464040066 2
13 4.884839488013671 12
14 5.227839488013671 7
15 5.5067525078942285 6
16 7.287403396189358 1
17 0.0 18
18 4.522775687342933 13
1 6.816371693497723 1
2 2.613371815394622 17
3 4.803714723194015 4
4 3.789404715177874 11
5 3.361099705228482 14
6 4.12976024759716 7
7 3.591516949771013 12
8 3.3086345326785462 15
9 5.748553239489148 2
10 4.733885280973732 5
11 2.6953460983916346 16
12 5.264159058424906 3
13 4.559296528667778 6
14 3.81886065428254 10
15 0.0 18
16 3.9528496830863387 9
17 4.026071683493879 8
18 3.4306783667008744 13
1 2.0860191887529025 13
2 0.3397491663731249 17
3 3.9322937562003197 6
4 2.344744888761709 12
5 1.2817539717061208 16
6 2.6603553997534632 11
7 3.9930563066097275 4
8 2.837753971706145 10
9 3.0719388317778553 9
10 4.329840611150244 3
11 3.1279334512488446 8
12 4.798644694975201 2
13 3.1878230833406445 7
14 3.977273603724572 5
15 0.0 18
16 1.887667918244238 14
17 1.8638053997534003 15
18 5.018608399885543 1
1 1.3128816550032243 10
2 0.0 18
3 1.3284446550032243 9
4 2.4605351211169566 3
5 1.1907658570466404 11
6 0.44758930411737285 15
7 0.48477338518727353 14
8 0.2853893800567273 16
9 3.7502070357806025 1
10 1.962638561924242 5
11 0.11463464575128302 17
12 2.3282993850182208 4
13 1.5743893850182207 8
14 1.9497700029522314 6
15 1.0896567052114037 12
16 1.91970585704664 7
17 3.675076084864706 2
18 0.7928186701182017 13
1 0.0 18
2 0.9906334374854395 16
3 0.288750624989921 17
4 5.624719999994422 2
5 2.858135312498095 12
6 1.5443353125027854 14
7 4.4282653124990565 4
8 2.9441106249860356 10
9 3.1259999999922896 9
10 4.673399687493756 3
11 2.16170468751467 13
12 3.604265937535152 7
13 5.688235312501636 1
14 4.091960624998282 5
15 3.75294531249746 6
16 2.877055312504677 11
17 1.4763353124832124 15
18 3.189950625001747 8
1 4.590534730745798 6
2 2.117178120054294 14
3 8.208232634621492 3
4 10.238352634649194 1
5 3.67432430804435 9
6 2.7768874966239725 10
7 2.566155807968464 12
8 1.7303874968790374 16
9 5.209251214088679 4
10 2.613165902334541 11
11 0.8676900001907297 17
12 4.111944730941563 7
13 3.9290050262463954 8
14 2.0835026347869645 15
15 2.4447594604831258 13
16 9.29523263465442 2
17 4.896832634818955 5
18 0.0 18
1 2.1473661350386872 9
2 0.0 18
3 4.33089813092365 2
4 1.845435591385736 13
5 1.9025406704615566 12
6 1.9936799226113193 11
7 0.6997084886618086 16
8 0.9471799226113184 14
9 3.7036291805745325 3
10 2.7047726383693074 7
11 0.3444805798743251 17
12 5.064999386704001 1
13 2.8161084385377397 5
14 3.372999386703999 4
15 0.7047420400237718 15
16 2.6314806704615568 8
17 2.055591561462263 10
18 2.7505856527761754 6
1 2.58212824226488 7
2 2.447802552961134 11
3 2.5155291163856104 8
4 2.293983087708515 12
5 2.0332918488426888 14
6 2.754026110708448 5
7 0.0 18
8 2.6501896993322656 6
9 3.1129969676886486 4
10 2.153703393512276 13
11 1.9290299446028367 16
12 3.1791383027707822 2
13 3.1683278677538023 3
14 2.4678199707876938 9
15 2.4524813867435227 10
16 1.9427758057983988 15
17 6.69388138674352 1
18 1.3570026380331086 17
1 4.6617000000000015 1
2 0.0 18
3 3.91249403471509 3
4 1.971000124882685 9
5 1.1463268577069077 16
6 1.636705965284933 12
7 3.208880291583855 5
8 4.088252760814868 2
9 2.449156659895216 7
10 2.8442000000000034 6
11 2.268185230045875 8
12 1.96284848536791 10
13 1.9405806758382658 11
14 1.4038192850753284 14
15 0.26213880312691895 17
16 1.154961764397407 15
17 3.5460620165863954 4
18 1.5726417643974278 13
1 4.005305066307772 5
2 2.35300506630781 9
3 6.6611382340076455 1
4 2.294638234007903 11
5 2.4451454680147147 8
6 1.116950000000479 15
7 0.45185946374719066 16
8 1.479242783872982 14
9 4.364016143621038 3
10 2.580257662265168 7
11 0.0 18
12 3.380104103729444 6
13 4.111964664600748 4
14 4.9482950663077805 2
15 2.3338387635225595 10
16 2.1876376622645552 12
17 0.32040000000062374 17
18 1.4964868431718517 13
1 3.495796199999996 9
2 2.3902861999999954 13
3 5.770117299999978 1
4 3.1499107000000306 11
5 5.570241700000021 2
6 0.0 18
7 4.536341699999883 4
8 4.0698962000000005 7
9 3.954804885714303 8
10 4.409501700000019 6
11 0.6369910428571508 17
12 2.129366757142831 14
13 3.157636314285726 10
14 4.438786200000022 5
15 2.9639910428571055 12
16 2.1239872000000943 15
17 5.07769170000002 3
18 1.3453192999999575 16
1 7.421580909048468 8
2 6.824790000333947 11
3 5.749677272755419 14
4 8.034889999915745 6
5 6.9083972732748045 10
6 2.7277900000198345 16
7 6.730159090768419 12
8 7.020390000014635 9
9 10.028390000333626 2
10 6.603319090931581 13
11 0.8676899999938721 17
12 7.838477272559568 7
13 9.688142727549039 3
14 8.87328999864745 4
15 10.169590000254601 1
16 8.366389999917063 5
17 4.704777272755409 15
18 0.0 18
1 6.135464663030158 1
2 0.0 18
3 1.6577026903185312 13
4 1.9649089516218416 12
5 2.0084480917391105 11
6 1.4303186289014707 15
7 4.107748561840038 6
8 5.446199875167723 2
9 3.1984000000000012 8
10 4.225291645965807 5
11 1.6261336903185433 14
12 5.306511188495414 3
13 5.0130701314538335 4
14 2.310568245799543 9
15 3.8456376800945025 7
16 0.8787580485969393 17
17 2.2429561921416035 10
18 1.1697888115045725 16
1 0.928398096042464 16
2 2.385849568867727 12
3 3.710733444244909 4
4 3.3572863348758495 6
5 2.5666789811046957 10
6 0.0 18
7 1.5876415780443427 15
8 2.3128815780443452 13
9 2.7266226481165945 9
10 4.652113665124162 1
11 3.070931535088676 7
12 3.6555735565402365 5
13 2.2734253720795308 14
14 3.7973435483171025 3
15 0.6519855734560369 17
16 2.8707353289707704 8
17 3.903543665124158 2
18 2.4323427020148665 11
1 4.71034377098195 5
2 2.666616174301476 13
3 4.0119916908429785 8
4 3.337700000005481 11
5 1.7217066641224021 16
6 6.466243770992789 2
7 0.0 18
8 1.4818858460569584 17
9 6.016543333337582 3
10 4.1092030597992935 7
11 3.283662348600832 12
12 4.686551637405306 6
13 3.932641637405128 9
14 5.653333770995193 4
15 2.327843770994822 15
16 3.5749465025425744 10
17 6.781046502545692 1
18 2.63093972646197 14
1 1.322866666666667 16
2 2.91319548091408 13
3 4.896333333333332 4
4 0.529833333333332 17
5 2.9598929976224753 12
6 3.9520369899625893 8
7 3.0428945392479654 11
8 0.0 18
9 4.417354996458457 7
10 5.736433076994688 2
11 1.981760396600638 15
12 4.730642058182849 5
13 5.584689164026782 3
14 3.378769767853211 9
15 3.0817410496831448 10
16 4.605210032609527 6
17 2.5607856862193623 14
18 5.922857425123075 1
1 0.7396085401980126 17
2 0.0 18
3 2.87209815347344 10
4 2.8849205937629554 9
5 3.0282048315683348 6
6 3.1899752906684733 4
7 1.8970649043922707 15
8 2.325005666467975 11
9 2.8963078081732423 8
10 1.999104831568331 14
11 1.5945045688261312 16
12 3.04527601251083 5
13 3.5077360825008244 2
14 4.159876688479276 1
15 2.135429998052468 12
16 2.0991044275610435 13
17 3.418779046708859 3
18 2.962017080396039 7
1 5.49344298951346 2
2 0.0 18
3 3.297632131580741 7
4 4.7506506508802495 5
5 3.181062244066995 9
6 1.2936227715114383 15
7 3.2251805594520437 8
8 0.006855419489530057 17
9 2.3236124488172916 12
10 4.923212989511223 4
11 2.402058252461435 11
12 5.336503761542027 3
13 2.2699004364269033 13
14 3.0191440112266585 10
15 0.2130622440737331 16
16 2.0799997154114713 14
17 4.174642989529712 6
18 8.62854298951092 1
1 1.4635051200602045 16
2 0.5783578410680503 17
3 1.47906812006025 15
4 4.439371588241556 4
5 2.0154546139764653 14
6 2.7189608947991153 11
7 2.1172315042531564 13
8 4.989931386884827 1
9 4.899942885754234 2
10 3.674015363411178 7
11 0.0 18
12 4.237031386884927 5
13 3.200741789598318 8
14 4.701720240120528 3
15 2.1516061440722694 12
16 2.7443946139764757 10
17 2.869408192096414 9
18 3.7997102401206284 6
1 5.154969999995967 4
2 3.2708749998618414 15
3 5.223049999880914 3
4 4.513100000028312 9
5 4.67573000053947 7
6 4.8048750006282335 5
7 3.6418299987402154 14
8 0.0 18
9 6.069425000628229 1
10 3.6466299998809113 13
11 4.731479999656488 6
12 3.7071100000001183 12
13 2.9531999999804563 16
14 5.252029999889089 2
15 2.772469999994422 17
16 4.407424999861832 10
17 4.5758999999947365 8
18 4.350020000360629 11
1 0.9154081458002719 17
2 1.2082853248810674 15
3 3.7266172266243305 7
4 2.1670681458002714 10
5 3.124347987321687 9
6 4.543472377179015 3
7 1.4351797622820717 13
8 3.5741855784468437 8
9 5.222502060221796 1
10 4.248032060221851 5
11 0.0 18
12 3.9660543898573053 6
13 4.276454358161838 4
14 5.198902060221844 2
15 1.2625103961965003 14
16 1.1547162916006513 16
17 1.5819235499206716 11
18 1.5723962916005942 12
1 2.558407323037322 11
2 0.0 18
3 3.1532865559845535 6
4 3.6807482625482613 3
5 1.1920639897039877 16
6 3.1308788725868717 7
7 2.8231682007722014 8
8 2.7903906563706506 9
9 4.000364262548262 1
10 3.7836382316602277 2
11 2.359970061776056 12
12 2.0798173230373234 13
13 2.5674134440154317 10
14 2.0710534440154436 14
15 1.9396358223938202 15
16 3.3783731119691156 5
17 3.490646231660228 4
18 0.7880173230373217 17
1 3.8985680589308727 12
2 2.0697805701951815 16
3 5.013331134384652 5
4 5.60124513476025 4
5 4.944636096848681 7
6 5.002996363364032 6
7 3.163176596848438 15
8 4.745943748874769 8
9 5.691360115240794 3
10 6.4216311343852395 2
11 1.636168058935342 17
12 4.185921022151427 11
13 4.694378519897514 9
14 6.591036096847444 1
15 3.554834771020736 13
16 4.507271710585639 10
17 0.0 18
18 3.401678977854041 14
1 6.729735401574219 5
2 5.210992771532578 12
3 6.468751633955224 6
4 5.324356987017721 10
5 5.518970283371451 9
6 6.1406639724423 8
7 6.805872913023569 4
8 4.863557916153195 13
9 4.699852862306096 14
10 8.042304333582656 1
11 4.694220890654438 15
12 7.311149965945249 2
13 5.280515867928007 11
14 6.373170616766437 7
15 4.169375754141788 17
16 6.895587978164608 3
17 0.0 18
18 4.453900000000058 16
1 6.022710184324539 2
2 0.9410652505596115 17
3 3.8765877174420718 6
4 4.183331991432471 5
5 0.0 18
6 2.3653693955628046 10
7 1.9506220519140378 12
8 1.695697335380613 13
9 4.20742898000369 3
10 4.205210184324536 4
11 1.503577584971926 15
12 2.7579888277599856 8
13 2.1259911722400084 11
14 6.96570018432454 1
15 1.1977093093481237 16
16 1.665338691643152 14
17 3.2516939385117434 7
18 2.3869003906874124 9
1 5.019184637169609 7
2 2.5728736106140793 13
3 5.391005955746218 3
4 1.0245059557531957 15
5 1.7553789203536223 14
6 5.091558433626406 6
7 4.282157681421804 10
8 5.913065955752888 1
9 5.771273610620039 2
10 0.9935959557519083 16
11 3.3388923185837327 12
12 4.540594637167445 9
13 4.746184230093178 8
14 5.34836115928918 4
15 0.0 18
16 5.136361159292138 5
17 4.241399999997711 11
18 0.1807559557515317 17
1 2.155630164608317 12
2 1.190802032616479 16
3 2.2835684124693905 10
4 4.004030419336118 5
5 0.9599008733116923 17
6 1.8243815875319 13
7 1.6382984124699607 15
8 1.7777968249422667 14
9 4.620763092295855 1
10 4.512090307145122 2
11 2.4555990267608068 8
12 4.103148296601214 4
13 4.180366576954047 3
14 2.4111482965971693 9
15 3.5436904193368552 6
16 2.617427746373351 7
17 0.0 18
18 2.2753630922971655 11
1 7.177129457831364 2
2 0.43886668674699614 17
3 6.557849999999998 3
4 3.538833313253048 12
5 5.758064036144618 5
6 0.0 18
7 4.571530301204829 7
8 2.7603903012048336 13
9 3.6372666867470667 9
10 3.6111103012048344 10
11 1.5692103012048353 15
12 6.48295006024094 4
13 3.5571299397590552 11
14 7.762291746987955 1
15 3.8962103012048384 8
16 2.17492993975905 14
17 4.960246566265074 6
18 0.7015203012048357 16
1 2.2767163636363623 12
2 0.5897909090909046 16
3 11.710419486166042 1
4 8.104741660079085 6
5 0.7007654545454489 14
6 8.421470355731248 5
7 5.527863833992122 10
8 7.0139260079051615 8
9 2.1293654545454386 13
10 11.209922529644302 2
11 5.8005481818182005 9
12 9.302222529644297 4
13 9.309134703557344 3
14 0.6793654545454393 15
15 7.941082094861695 7
16 0.46736545454543954 17
17 0.0 18
18 4.932858181818188 11
1 8.16855200007188 3
2 6.516252000064968 9
3 9.330151999954733 1
4 5.307100000511483 10
5 8.001488000066068 4
6 0.0 18
7 6.96758800010096 6
8 1.1755000000883342 17
9 4.30039999998304 14
10 6.840747999954601 7
11 6.7515980000660685 8
12 5.276496000089704 11
13 8.221752000101057 2
14 7.725392000066081 5
15 4.6853040000895945 12
16 2.5215000000681287 16
17 3.0042999999999966 15
18 4.463349999999994 13
1 0.0 18
2 5.7764025 9
3 7.920975833333328 2
4 3.7403950000000004 15
5 5.2104091666666665 12
6 4.187742499999973 14
7 0.2834674999999871 17
8 5.364652500000024 10
9 6.3478758333333385 5
10 6.215372499999972 7
11 5.313472499999992 11
12 4.307672500000025 13
13 7.4819024999999755 3
14 6.3216524999999955 6
15 6.97559249999998 4
16 6.099702500000031 8
17 9.305802499999949 1
18 3.01587249999997 16
1 3.5805449557520426 4
2 0.17249106194683916 17
3 0.8470922123893205 14
4 5.924196194690211 2
5 2.0058122123892943 11
6 2.6498994690264084 8
7 2.586496194690366 10
8 3.3117361946902113 5
9 6.7065449557522125 1
10 2.733399646017744 7
11 0.5138530088495861 16
12 2.935892212389518 6
13 1.3569905309734223 12
14 3.6522122123893648 3
15 0.0 18
16 0.6902730088495186 15
17 1.3396722123893654 13
18 2.6076229203539043 9
1 1.7855410245572887 14
2 0.13324102455727083 17
3 5.197407341149674 2
4 4.02515323804853 5
5 3.04888605723185 8
6 2.46767909868793 12
7 1.3785409013120358 16
8 1.4211790986879853 15
9 3.9528970297987174 6
10 4.658257963851571 3
11 2.860503684378371 9
12 2.8143819908788092 10
13 4.474908973978297 4
14 5.937717652500618 1
15 0.0 18
16 3.748694924648396 7
17 2.382746057231836 13
18 2.771739984105019 11
1 6.32101117346179 3
2 4.917904581654718 6
3 3.580983183657011 11
4 5.622374382654115 4
5 5.063504581538208 5
6 4.009176591841706 10
7 2.9357131837628403 16
8 4.326528938776732 8
9 8.116304581628548 1
10 4.268957877573871 9
11 0.0 18
12 4.3636598877338235 7
13 3.3975432959172474 13
14 3.229923882653078 14
15 2.3269999999997077 17
16 3.0179238826526738 15
17 6.333846704083468 2
18 3.4356038826545183 12
1 2.6285974609386535 15
2 3.231751796873509 13
3 4.1089967317713585 10
4 5.163717018229459 1
5 4.832933424479138 3
6 4.373659947916196 8
7 2.7115480468730704 14
8 0.0 18
9 4.0912300520833575 11
10 3.8038334244785617 12
11 2.2653776106773957 16
12 4.374048046875222 7
13 4.753622610677396 4
14 4.374742096353595 6
15 1.2027599479183833 17
16 4.214897460937136 9
17 4.575899999999234 5
18 5.041832239582817 2
1 3.666588178043328 7
2 1.1646438945133195 15
3 4.195589680566853 5
4 1.1019167875400275 16
5 3.31370436121978 9
6 2.7071688933949516 11
7 1.4568781414604726 14
8 4.29019884751683 3
9 4.742304361219709 1
10 3.9541755010229185 6
11 3.0049386100418594 10
12 3.5868095169902996 8
13 4.206498034982706 4
14 1.909268141460476 13
15 0.0 18
16 4.609185935866316 2
17 0.6000689233583998 17
18 2.1650681414604978 12
1 3.373763035864348 12
2 0.6396267382917045 17
3 3.6736692555371655 9
4 1.3570677085984828 16
5 4.222258280632585 5
6 3.640679776136584 11
7 2.937569439049489 14
8 3.9478630358643443 6
9 3.7608307639127956 8
10 4.456126522768749 4
11 2.8646570104542635 15
12 4.7190800119128244 3
13 6.179376522768747 1
14 3.8734685429924207 7
15 5.343386522768747 2
16 3.225606522768747 13
17 0.0 18
18 3.643286522768747 10
1 5.296893233960974 7
2 0.0 18
3 7.279765349965874 1
4 4.8182976377124795 9
5 5.8848766169772455 4
6 5.6213472132237206 5
7 3.3599458943639284 14
8 4.085185894348313 13
9 5.543988421905582 6
10 5.146470000013234 8
11 2.743799850937292 15
12 6.230938532080463 2
13 6.153744086196504 3
14 2.048500000000832 16
15 4.517288421904885 10
16 1.8364999999999978 17
17 4.397899999997407 12
18 4.515442278039933 11
1 3.012964978480545 9
2 0.0 18
3 2.9672500270478763 10
4 4.213267326826363 4
5 0.7704719811040635 17
6 3.4678179933990276 7
7 2.7393375485936917 13
8 3.8730665614507123 5
9 4.251989685336362 3
10 4.358044968316364 2
11 2.3857579157177713 14
12 4.511982128044189 1
13 3.3680352045985362 8
14 2.8994339997513254 12
15 2.964466005022202 11
16 1.499411981104064 15
17 1.3641463236108018 16
18 3.5244046314215227 6
1 3.1171963718634927 5
2 1.513175240989207 11
3 3.010449916962477 6
4 3.182823047656255 3
5 2.463129916962577 8
6 3.147053551898403 4
7 2.06497774402791 10
8 0.0 18
9 2.5119842770322243 7
10 1.299696371863513 13
11 1.286953551898434 14
12 3.5899628267644976 1
13 3.268047357662901 2
14 1.0380136392683401 15
15 2.432057357662894 9
16 0.9070763718635098 17
17 1.4135169712978524 12
18 0.9310804819784171 16
1 3.826986168005665 3
2 1.865756595429434 11
3 4.17335603463237 1
4 2.72623832040029 7
5 1.494819999999998 14
6 1.3677397788784935 16
7 3.460815497231536 5
8 1.9996050639714835 10
9 0.0 18
10 3.874055473835449 2
11 1.5645861680054727 13
12 2.424900000000022 8
13 2.3065154972315787 9
14 1.4591102936445062 15
15 1.7670158586791223 12
16 2.869150323688959 6
17 3.8085102936444644 4
18 0.751854083921683 17
1 2.836236471819263 11
2 1.8260959290340133 15
3 7.402695929017091 1
4 3.0361959290131515 10
5 2.1460753444682648 13
6 4.947065386220773 4
7 2.5783229436166306 12
8 5.575944029224442 3
9 3.409170981206478 9
10 4.273395490606271 7
11 1.8537321085604377 14
12 4.823044029229917 5
13 1.4240229436324796 16
14 3.7132651148148033 8
15 0.8758899999838352 17
16 0.0 18
17 4.571405657614185 6
18 5.821784029225456 2
1 1.5284046268660607 16
2 1.6725391595152466 15
3 1.9729264505600077 13
4 6.845930780037564 1
5 1.8181391595148628 14
6 1.9758488432837666 12
7 1.4077494216421313 17
8 4.4191307800376105 6
9 6.028573919776344 3
10 6.17622256529877 2
11 0.0 18
12 3.403287108209618 9
13 5.509503919776541 4
14 3.078252565298803 11
15 4.4109786800374176 7
16 3.3089795550376584 10
17 5.427652565298757 5
18 3.5005504300373707 8
1 0.6645378906436825 16
2 4.123621789153824 11
3 7.092066968593181 1
4 4.601894109356564 8
5 3.18944378128729 12
6 0.0 18
7 0.6236600000000547 17
8 4.1848796007155125 10
9 4.6180437812872945 7
10 6.963215359475569 3
11 7.060497968593683 2
12 6.124942981525592 4
13 5.829121789153684 5
14 3.0223806679976493 13
15 2.8981366095948387 15
16 2.956043781287282 14
17 5.226117554708106 6
18 4.224592785220575 9
1 2.54634962322381 10
2 0.5336490725188452 17
3 3.475098472336837 6
4 4.626378417887781 3
5 2.79991898749339 9
6 5.472826381221591 1
7 1.9501426351737172 13
8 2.264433027480382 11
9 4.228518987492656 4
10 5.381300335649783 2
11 0.0 18
12 1.5115330274754513 14
13 3.0664784179059206 8
14 4.220989743810581 5
15 2.2562809274513316 12
16 3.4009995026456052 7
17 0.6730355265285017 16
18 1.168348745200115 15
1 4.762089577334999 2
2 1.3323654891560086 16
3 3.6560156747118278 8
4 4.570712209542605 3
5 4.381261819784642 5
6 2.8060609068730074 11
7 0.0 18
8 1.9688877895831938 13
9 4.214300000000067 6
10 3.3521618197846266 9
11 0.8694354891559457 17
12 4.459789651150144 4
13 2.890608860528231 10
14 1.9212298633323535 14
15 1.7578942375087698 15
16 6.236589651150235 1
17 3.7151218197845446 7
18 2.2127602325985225 12
1 4.82626578303375 4
2 0.0 18
3 4.6446090703574265 5
4 3.05860444281484 9
5 2.5880661632946715 11
6 5.438598551715916 3
7 1.5541661632881327 14
8 2.954083626069619 10
9 6.078983626063151 2
10 1.4806445043695575 15
11 0.8223044427029258 17
12 4.544895495367279 7
13 2.246804504346575 13
14 3.951011088813918 8
15 2.2676985515879746 12
16 6.3216954955880595 1
17 1.42083870054458 16
18 4.626728551587985 6
1 2.422746669323885 7
2 0.0 18
3 3.157868144746906 4
4 1.3981944121869117 13
5 1.6573269474002499 9
6 2.987827487652492 5
7 1.5753257674898509 11
8 2.914507372669841 6
9 3.8832989264609243 1
10 3.5135562877132953 3
11 0.8931588828969579 16
12 3.533796321628791 2
13 1.503742155050289 12
14 1.15332516883957 14
15 0.844716141327176 17
16 0.9413251688390625 15
17 1.78314816081507 8
18 1.6208622791908496 10
1 0.8458356059908492 12
2 0.8085154933932611 13
3 0.031568999999999514 17
4 2.551337147894366 4
5 2.150715302359808 6
6 1.1938207106216656 9
7 2.127820841033345 7
8 0.5062034072443973 15
9 0.6592594019097592 14
10 3.0443794350871123 2
11 0.0 18
12 3.0841594019097593 1
13 2.737482126073686 3
14 0.46404435500953756 16
15 2.498490549681172 5
16 1.3242648209298873 8
17 1.124254051793368 11
18 1.1473616974525884 10
1 2.8023083828823387 12
2 0.0 18
3 2.7911482118818602 13
4 3.0108214729628946 10
5 4.195680766893059 5
6 2.881880766893056 11
7 4.953077705481949 2
8 1.2553808890087879 16
9 3.3440346429299295 7
10 4.677302518755383 3
11 2.611602405659838 14
12 4.569467693684882 4
13 3.7987777054819434 6
14 2.4659951299736895 15
15 1.2472287890087859 17
16 3.0858305771822616 9
17 3.130253517250963 8
18 4.984042204396205 1
1 3.898639900218648 8
2 2.123228137286868 16
3 4.315444271562553 2
4 3.57782980480063 10
5 0.0 18
6 3.258371429064616 13
7 3.550561157962371 11
8 4.048728387819099 4
9 4.128163632885175 3
10 3.944143673449817 7
11 1.008300000000002 17
12 6.054118483237115 1
13 3.953899999999999 6
14 4.011992694911678 5
15 2.3457771055256136 14
16 3.8413479593969964 9
17 2.3182228944743852 15
18 3.505792504075645 12
1 7.744134698507747 3
2 0.5559346984773987 17
3 8.265234698504978 1
4 4.643892640286799 9
5 0.0 18
6 3.1535014551760003 13
7 7.908374698495216 2
8 1.555999999930941 15
9 4.737338523883687 8
10 4.809334989547015 7
11 4.196070582083504 10
12 7.265544698495214 4
13 7.1568346984957 5
14 2.6044346986085083 14
15 0.7652246776222191 16
16 3.382462640254452 12
17 4.9538346984616295 6
18 3.8001426402956384 11
1 6.6907203904168 4
2 4.59442039041717 12
3 8.609620390416723 1
4 5.875102227151366 8
5 5.119048873114651 9
6 5.893628491569348 7
7 4.085148873113826 15
8 3.911997355812695 16
9 6.500227222714854 5
10 7.060842857143393 3
11 4.465103806565885 13
12 3.1337000000004163 17
13 6.3143031943208445 6
14 8.011712857142841 2
15 4.30822039041883 14
16 4.910499999998457 11
17 0.0 18
18 5.031352227154235 10
1 2.0784181674158217 7
2 0.0 18
3 2.8640490200791264 4
4 3.3756896956234925 3
5 1.987257782620779 8
6 1.2432531246651244 11
7 1.128384357851309 14
8 1.6792249577809382 10
9 2.749257853737585 5
10 2.432674241193097 6
11 1.1465408107855426 13
12 0.8906254561087731 16
13 3.631109036450722 2
14 3.6336577826207774 1
15 0.32163667102444893 17
16 1.1737287079190535 12
17 0.8994664781135526 15
18 1.930256008120666 9
1 2.3119362073614305 7
2 0.327300749995477 17
3 2.327499207085683 6
4 2.0342018742438044 11
5 4.347287541468289 2
6 2.60639745925323 5
7 0.8220424585467729 16
8 1.81369071153282 12
9 3.4919649171479805 3
10 2.2067349170854835 8
11 0.915604334765936 14
12 5.277367541458592 1
13 2.9728949170720624 4
14 1.2744324585318947 13
15 0.8674874092532288 15
16 0.0 18
17 2.14366754151352 10
18 2.175261542500135 9
1 1.315567499735368 12
2 1.3404437166258498 11
3 6.5898650673883274 1
4 2.7488050646915285 6
5 2.8409740679676956 4
6 0.8910124999413358 14
7 2.9637850673881125 3
8 0.7988466890383796 15
9 2.832925878882666 5
10 3.986382365223319 2
11 0.0 18
12 1.9277983113809467 9
13 1.7796350000013452 10
14 1.2832749999364466 13
15 2.288465068243475 7
16 2.144846689139967 8
17 0.320399999933199 16
18 0.07914249991107347 17
1 0.9349575283043667 14
2 0.8939799192600562 15
3 5.305672552294777 2
4 1.4646125522948166 9
5 2.2838832633460555 5
6 0.0 18
7 1.2804412924730157 11
8 2.3237412924865786 4
9 1.8690000000486904 8
10 2.74046720496096 3
11 0.4310499189856867 16
12 1.9389125522948116 7
13 1.3499299996998864 10
14 1.9445330852134746 6
15 1.0042725542594995 13
16 0.1283825522948303 17
17 6.899641292403413 1
18 1.04252308567783 12
1 2.2815687532444304 11
2 3.3358127465877625 5
3 2.249974086575784 12
4 4.545912746580303 1
5 1.6253164198459067 14
6 2.052614086581511 13
7 2.676274086581154 9
8 1.4123995067106347 15
9 4.038475246536802 4
10 4.27790774666601 3
11 2.87288274655418 7
12 4.3387740865827755 2
13 2.3055027466979383 10
14 3.2717164199370896 6
15 0.2556102462452974 17
16 0.0 18
17 2.7280933333380504 8
18 1.037959753200515 16
1 0.1550998814715261 15
2 0.09745389596307596 16
3 3.3410880868895934 1
4 1.5406656027372758 12
5 0.0 18
6 2.767687699073301 3
7 1.6946410665757619 9
8 1.54067384934815 11
9 3.295853895963142 2
10 1.962032754010833 7
11 0.43747422503133593 14
12 2.234303489521113 5
13 1.5799514864997224 10
14 2.2922849446854774 4
15 0.06900599654646755 17
16 0.7289400000000257 13
17 2.1037439275031353 6
18 1.695545866979821 8
1 1.715135205782041 12
2 0.14720484558629554 17
3 1.7306982057820397 11
4 3.5020538065926337 4
5 1.8064003791802645 10
6 1.0958284192253647 14
7 2.4173407804819025 8
8 1.897496061717463 9
9 4.120130834205064 2
10 2.5013726171952024 7
11 0.2696512719472255 16
12 4.472699052773997 1
13 1.477344609759049 13
14 3.1735573250660893 5
15 0.0 18
16 2.7691075622416235 6
17 3.6000453902409517 3
18 0.8724656066926624 15
1 0.5532849821478052 15
2 0.0 18
3 1.4127636167445026 8
4 4.123575225959169 2
5 2.510709896374029 5
6 1.1469332489453357 12
7 0.9592366979355638 13
8 1.234591238206841 9
9 2.675465366274487 3
10 1.7595018364697643 7
11 1.1923083022396734 11
12 5.086200000000363 1
13 0.3043636167449064 17
14 0.7583130489004192 14
15 0.5286624863800691 16
16 2.231228069658676 6
17 2.5966409102828263 4
18 1.224553776564798 10
1 2.1880511597077006 7
2 0.8992551987602152 16
3 1.0652821562590788 14
4 2.3249364469389473 6
5 1.1574019041645545 13
6 1.3408839317436136 11
7 1.8586697768064642 8
8 1.0155523763088172 15
9 3.9877187013029287 1
10 3.1837978655792103 3
11 0.6938421171575435 17
12 2.443866446938948 5
13 2.601823702316639 4
14 0.0 18
15 1.296299999999999 12
16 1.7305248616668383 9
17 3.4032743982564284 2
18 1.6726238400731472 10
1 1.553345137256012 11
2 0.970512137910571 13
3 2.362855137257865 7
4 0.8437500000012181 16
5 4.0643948228781435 1
6 2.7505948228699224 6
7 1.7175851372554969 10
8 2.9046672457520213 5
9 2.0834278725417694 8
10 3.8147121379093125 2
11 0.8676900000057179 15
12 3.1579824019635367 4
13 0.3003100000002119 17
14 0.9283278725515396 14
15 1.8902999895445065 9
16 1.5489147620967398 12
17 3.5305215908514525 3
18 0.0 18
1 5.180559572429911 3
2 1.5217404275676627 17
3 5.421674572430506 2
4 2.490559572414473 13
5 3.636185073598096 9
6 3.9449975478951957 8
7 3.3410195724269425 11
8 0.0 18
9 4.399513037380085 6
10 5.009114572427806 4
11 1.6896445724299936 16
12 4.411076760511138 5
13 3.484108245325094 10
14 1.8830986051401928 15
15 2.3869136109821536 14
16 6.766859572427444 1
17 2.8861076378479953 12
18 4.196274572427294 7
1 2.4312752573398853 15
2 0.4487944476817187 17
3 4.334546751562555 1
4 3.302875631306449 7
5 3.9722656457444296 4
6 3.148525985712875 8
7 2.7276958746833166 14
8 2.8972892393160077 12
9 4.003940820590489 2
10 3.0725879519503256 11
11 0.0 18
12 3.976800004023266 3
13 3.92543408623363 5
14 3.5863678503934606 6
15 3.0805666201461603 10
16 3.1002245387807226 9
17 0.9074597650781511 16
18 2.752649158933873 13
1 6.055203333333372 14
2 6.2068933333333725 12
3 5.597700000000006 15
4 8.000073333333399 8
5 6.3524933333331655 11
6 10.566179333333347 3
7 10.655835333333307 2
8 5.573273333333321 16
9 11.6303213333333 1
10 9.190273333333302 7
11 6.136026666666661 13
12 7.282573333333399 9
13 10.306393333333432 5
14 0.0 18
15 1.2962999999999942 17
16 6.684699999999978 10
17 9.769629333333329 6
18 10.55916733333334 4
1 2.727596209161722 6
2 1.5108088844849812 14
3 1.098147458355444 15
4 5.35822584077121 1
5 3.1115453668864443 4
6 1.7429631326084531 12
7 2.372667362628126 7
8 0.6942635077945607 17
9 3.5447109394696885 2
10 2.0824453668861174 10
11 1.0665784583550253 16
12 0.0 18
13 3.4461843189152175 3
14 2.1634812908386305 9
15 2.2503897466076497 8
16 1.776800000000108 11
17 3.005776372515944 5
18 1.5672917538974531 13
1 0.41861808716666404 17
2 1.604861823071052 15
3 6.0745919128335135 1
4 3.8268447562809627 7
5 1.8297861743338637 14
6 4.632318245834 5
7 0.795886174333226 16
8 3.0340751712060863 11
9 4.729137471808958 2
10 4.683504936454964 3
11 0.0 18
12 3.2616400000000016 10
13 4.679302033940628 4
14 3.574037471808802 9
15 2.3269999999999866 12
16 2.004918087166546 13
17 3.653207723845639 8
18 4.617562094485498 6
1 3.9640016358543413 4
2 3.453106330532208 6
3 0.6310877058823641 17
4 5.3942129691876595 2
5 3.932055162465006 5
6 3.248566414565836 8
7 1.3438283557421924 13
8 1.0903696918767456 14
9 2.90819522969208 10
10 2.9026048571428196 11
11 3.3569552296918332 7
12 2.719887705882246 12
13 1.0777530308123633 15
14 6.1331429691876735 1
15 0.8758899999999463 16
16 0.0 18
17 4.05914305322128 3
18 2.943336330532209 9
1 3.3043582792205313 5
2 1.4004625713604337 17
3 3.755155615234503 4
4 3.2461805548816947 7
5 2.249855179237711 13
6 2.3364459015737657 11
7 2.960105901573766 9
8 3.298485737324886 6
9 3.777032627469185 2
10 5.920343617450131 1
11 2.2406678815356575 14
12 2.9828557780216802 8
13 3.7681443847655034 3
14 2.7543232282277303 10
15 2.3219193533646028 12
16 2.0451567837735984 16
17 0.0 18
18 2.1283258187184773 15
1 1.4283631043437268 12
2 0.0 18
3 0.6169637496239149 16
4 1.45931485547198 11
5 0.2648676046044527 17
6 1.5339999999999991 10
7 3.261012713907447 1
8 1.5720651851723306 9
9 2.187653543835338 7
10 2.8441999999999994 3
11 1.0526868861331518 15
12 2.2249502635144163 6
13 2.8706776873981212 2
14 1.191541031465414 14
15 2.5856927139074477 4
16 1.3578148810136004 13
17 1.6760840102203898 8
18 2.408183566421591 5
1 3.268421666666877 8
2 0.0 18
3 2.4171891666671548 10
4 4.447309166666771 3
5 3.8354812500005906 5
6 2.927410833333441 9
7 2.3543183333335986 11
8 1.2580874999996643 16
9 4.79641083333329 1
10 2.227478333332484 13
11 2.0713812500007522 14
12 3.5608508333339 6
13 4.67932166666668 2
14 1.580337500002095 15
15 4.398381249999962 4
16 3.5041891666666194 7
17 0.7410033333333637 17
18 2.2690508333307746 12
1 2.382500000014549 15
2 4.429969946819139 10
3 6.885122712767683 4
4 7.455109734055547 2
5 2.9680000000663096 13
6 2.8563850000193103 14
7 6.0729537766341 6
8 3.166942499999002 12
9 6.4484097340542705 5
10 0.5650000000114948 17
11 4.473747819155491 9
12 7.57403973404973 1
13 5.94362164897045 7
14 5.293309734054539 8
15 0.0 18
16 3.8518124999428185 11
17 7.089462074491728 3
18 1.1318000000025203 16
1 2.3995179721617923 9
2 0.0 18
3 1.5114189257246404 14
4 1.8662101208229642 11
5 2.653477960397211 6
6 3.065558520578723 4
7 1.5906549389082416 13
8 2.141502723470487 10
9 4.1668729527085535 1
10 1.751626361735244 12
11 0.7305227174427174 17
12 3.569150970121602 3
13 3.6478029527085534 2
14 2.6051401208229636 7
15 2.4266644513057134 8
16 2.736567644093902 5
17 1.2923897154345998 15
18 0.9387863617352434 16
1 2.6301447644201192 7
2 0.9718043357147921 15
3 1.6915791927861998 13
4 3.1208031928779043 3
5 2.778426560782613 5
6 1.5130933776854008 14
7 1.826988671429584 12
8 2.165022035649306 11
9 2.748098285281653 6
10 2.9394797763229104 4
11 0.8676900000000005 16
12 2.605738100474155 8
13 0.7972937473003943 17
14 3.637492200968561 2
15 2.2953071736585806 10
16 2.563055675887576 9
17 4.946700265800161 1
18 0.0 18
1 2.183263000000011 13
2 1.5084735000000113 15
3 2.747369666666694 9
4 5.0810673333333725 1
5 0.0 18
6 2.9638575000000453 7
7 2.3475030000000294 12
8 0.26077350000001065 17
9 1.1742696666666887 16
10 4.395730500000052 2
11 2.7158006666667043 10
12 3.227956999999998 4
13 3.213973500000101 6
14 2.38632650000004 11
15 3.222069666666692 5
16 3.8343696666666895 3
17 2.907233999999977 8
18 1.5219696666666889 14
1 0.0 18
2 2.120159639070085 15
3 3.757932730243223 9
4 5.119884740997006 3
5 4.058705997425572 8
6 4.948749586921429 4
7 3.4448483379641024 11
8 5.614705997425572 2
9 4.59544543360198 7
10 6.2119375329604685 1
11 3.6405059974255747 10
12 4.859290087734564 5
13 3.2801864435996344 12
14 2.4177909107411835 14
15 1.3682425728670995 16
16 0.4825483379641038 17
17 4.7671909107411805 6
18 3.1350999999999978 13
1 3.8918642565617394 4
2 2.0574601460052193 14
3 4.381695277919249 3
4 5.102338166785503 2
5 2.3903420552782553 11
6 3.107639853994763 7
7 2.7427529313096355 10
8 1.4465657026926002 17
9 3.825233049132454 5
10 2.371714748904947 12
11 1.6294642565617432 15
12 3.320422055278257 6
13 6.344242055278256 1
14 2.959327429968422 9
15 0.0 18
16 1.5173711276357316 16
17 3.069943284438554 8
18 2.139657506706059 13
1 4.184989756779167 1
2 0.0 18
3 2.8326397567116426 3
4 2.0659949394104973 8
5 1.567482441930912 14
6 1.7523574394836559 11
7 1.2140000003488098 15
8 2.2229102438107526 6
9 3.308719938919844 2
10 2.0178619504635162 9
11 2.5757824389837323 5
12 2.1849249388329093 7
13 2.7840219516698004 4
14 1.6445880490930493 13
15 1.8024897563542481 10
16 0.5320158543253977 16
17 1.744317560347727 12
18 0.1023897564217573 17
1 1.4714300747818634 10
2 1.09664246774982 15
3 1.5243840093821062 9
4 3.377116123747274 2
5 1.242242467749821 12
6 2.9657948767132956 3
7 1.334314964084085 11
8 0.6195214878911415 16
9 4.5974300747818635 1
10 2.4293244416735496 7
11 0.12679723439906576 17
12 2.0533433506377037 8
13 2.80214246774982 4
14 2.7483225747936046 5
15 0.0 18
16 1.136857399589339 14
17 1.1762333777097929 13
18 2.59086870470858 6
1 1.301658184258411 14
2 1.2981348305761522 15
3 2.1457822021869255 9
4 3.5980335120150544 1
5 1.4966480041114938 13
6 1.7379185141047881 11
7 2.8559656835789595 6
8 0.5318208014298906 17
9 2.964992677587694 4
10 3.191784740884475 2
11 2.114213202186925 10
12 2.87392095011383 5
13 3.1721700249696774 3
14 0.0 18
15 0.7419291626510376 16
16 1.5208769990604292 12
17 2.3494 8
18 2.587078844226596 7
1 2.723475623667835 8
2 2.458504410347179 11
3 3.080014247335997 6
4 4.4812682453657935 3
5 2.5280117017525408 10
6 2.8299243763322743 7
7 3.5314375059849135 4
8 1.695397953331657 15
9 5.7864178726960755 1
10 3.368511496312583 5
11 2.2449682453669246 12
12 0.942497953330891 17
13 2.0340156230109847 13
14 4.5070044103493 2
15 0.0 18
16 2.6423962786006476 9
17 1.1669912463506196 16
18 1.9412379533308908 14
1 2.4302667855839184 11
2 0.506976827635738 17
3 4.180149529233045 3
4 4.7974432997205465 1
5 3.3051350487223576 7
6 2.570709771805351 10
7 2.341285930121997 12
8 2.2336281176980535 14
9 3.9831208245211984 5
10 2.251450305274111 13
11 2.1941325172891313 15
12 4.378285916174325 2
13 3.8233960125403605 6
14 3.0130005682116714 8
15 0.0 18
16 4.034075048722359 4
17 1.350177526436412 16
18 2.8099652627729115 9
1 2.752262366315262 9
2 3.288220473264401 8
3 3.9489573663152506 3
4 1.8814109999999293 14
5 1.9735800000027117 13
6 3.687565576189864 5
7 0.9396799999854337 15
8 2.566288683092869 11
9 0.8747110000003815 16
10 0.8128400000027127 17
11 3.703500658478942 4
12 2.6021800000741644 10
13 3.385262468810521 7
14 4.473152263328689 2
15 2.5492724691810595 12
16 3.630778847797924 6
17 7.142188683132657 1
18 0.0 18
1 1.8277026813535682 10
2 0.5789234156980279 15
3 4.951581573533618 1
4 2.0300582538227645 8
5 1.7906684934860067 11
6 3.308791803523324 5
7 1.8955909785867444 9
8 1.3591523417196254 13
9 3.4759069777666323 2
10 2.0442996900426924 7
11 0.0 18
12 3.359101538744356 4
13 2.7306236451575003 6
14 1.49150672193357 12
15 1.2863996244789115 14
16 0.17642002973262394 17
17 0.20200693708295692 16
18 3.447421739706675 3
1 3.787695397489621 8
2 1.8461435843797933 14
3 4.456796917712803 5
4 0.09029691771267512 17
5 4.18349320781035 6
6 3.6913967921895883 9
7 3.8608342259414696 7
8 4.5860742259414184 4
9 3.5896900000000005 10
10 6.431785885634666 1
11 3.276986066945672 12
12 5.523334225941223 3
13 3.348396917712316 11
14 5.525696917712676 2
15 1.3092373640166044 15
16 0.0 18
17 3.2061000000000326 13
18 1.1800826220362888 16
1 5.07728886792413 3
2 3.0834288679245367 10
3 2.3539088679242632 12
4 3.353408301885786 8
5 1.806588867923859 14
6 0.49278886792423515 17
7 0.7726888679242956 16
8 1.4979288679240184 15
9 1.950447547169572 13
10 3.7622088679241417 6
11 2.814888867924266 11
12 3.979086792452639 5
13 4.10141226415047 4
14 6.020278867924176 1
15 3.1549345283015042 9
16 5.808278867924163 2
17 0.0 18
18 3.513779433961688 7
1 2.988591911385579 6
2 1.2885466162113342 13
3 4.966079340016604 1
4 1.8827382188331172 11
5 0.1571512319724766 17
6 1.9149876134242032 10
7 3.1533822366389352 5
8 1.0374119938546456 15
9 4.321647860054709 2
10 4.249366478903415 3
11 0.8676899999999992 16
12 3.396357634670056 4
13 2.8105172195580623 7
14 2.259829727616564 8
15 1.5065333223132753 12
16 2.246802416491132 9
17 1.1532638067121008 14
18 0.0 18
1 2.790300000001443 17
2 5.854164971428617 15
3 11.775390171429088 1
4 7.408890171427089 5
5 9.382839771428351 2
6 6.15409172856924 13
7 6.6587342285817 10
8 7.264956728569239 6
9 6.0386000000011855 14
10 8.353739771431288 3
11 7.818614171429572 4
12 6.393039228572689 12
13 6.438965771430767 11
14 6.846958514284378 9
15 6.873117142857278 8
16 4.376599999994781 16
17 0.0 18
18 6.950924171424349 7
1 4.800399634241691 2
2 1.7708474670264898 13
3 3.5941055065361285 4
4 2.3497824815469746 9
5 1.9190760031952725 11
6 1.8676995932906126 12
7 1.7696131873248628 14
8 1.4629293157248249 17
9 4.251438159400201 3
10 3.2769681594002 5
11 1.6547918846663539 15
12 5.6829055065361285 1
13 2.9061205164131163 7
14 3.092525320473588 6
15 0.0 18
16 1.6422324899256466 16
17 2.6539245365117416 8
18 2.0821616643251115 10
1 3.6442493657823034 6
2 1.7271641254784134 13
3 2.6351261004864712 11
4 3.9928720797932127 4
5 1.3055301304596152 15
6 3.2793332764576766 7
7 4.371418508224939 2
8 2.1112087456924766 12
9 5.23610874569248 1
10 2.935087733134386 9
11 1.2504688114062081 16
12 4.111802079793213 3
13 3.7800476506675658 5
14 3.169452279237291 8
15 0.0 18
16 2.7198896435755087 10
17 0.15424752085341442 17
18 1.6542542335107084 14
1 1.5244034304287921 8
2 0.0 18
3 1.0105203532131675 9
4 2.840398742660672 2
5 2.216232991187472 6
6 0.22909156180948065 17
7 0.8574822953899928 10
8 0.5376737784352499 14
9 2.382977912177185 5
10 1.8953803938301406 7
11 0.26988862639810685 16
12 2.8184148736992976 3
13 0.6776940857139618 11
14 2.391533851122837 4
15 0.6051875085616382 13
16 0.5243570953055969 15
17 3.1661999999695496 1
18 0.6295646831425482 12
1 5.469593199999704 11
2 0.0 18
3 3.0279612000416205 16
4 6.07304360004397 4
5 4.186681200041018 14
6 5.510261199986202 10
7 2.624850000062577 17
8 5.62386000004285 8
9 6.009738799976281 5
10 9.417533199997171 1
11 5.629087600022013 7
12 5.1167611998141425 12
13 5.588355999975903 9
14 5.700308799980821 6
15 6.354226799996213 3
16 4.915621199988837 13
17 3.166199999981339 15
18 8.604693199996422 2
1 1.895683314766632 8
2 0.8157967570838236 14
3 0.3627319242073732 17
4 2.28458193134005 4
5 2.1929733147666326 7
6 1.262484183569454 9
7 2.2004602018328505 6
8 1.1576259506600155 11
9 2.2796144668289466 5
10 2.7671510406621227 1
11 1.130202171663794 12
12 2.7397424459638087 2
13 1.057023956010068 13
14 0.6644315771609665 15
15 0.5243979120201486 16
16 1.176897897754741 10
17 2.5765415120825192 3
18 0.0 18
1 3.521383413060195 2
2 0.0 18
3 2.3218129304076203 8
4 2.0030023499598597 10
5 1.7286950665606806 12
6 3.7041899705162127 1
7 1.8887851256441284 11
8 2.569544492752993 7
9 3.4404550558947324 3
10 2.9270495901092852 5
11 1.561756156318309 13
12 3.1414674717729567 4
13 2.3153324883880213 9
14 2.7982915091232052 6
15 0.0068513339589075795 17
16 0.306499987997336 15
17 0.09334847293187942 16
18 1.5616724883880222 14
1 5.624836316572741 11
2 3.99639583596405 16
3 5.679299999999355 10
4 6.087481503945921 4
5 5.035517473280963 12
6 6.273661706538936 2
7 5.789076316572649 9
8 4.74319167192779 14
9 6.224914534610692 3
10 5.880548089966343 8
11 5.936950071476999 7
12 8.208957267305697 1
13 6.0734631378805854 5
14 5.944721741149851 6
15 1.3779000000000998 17
16 4.910979735287718 13
17 0.0 18
18 4.453900000000116 15
1 1.9066103397786391 10
2 1.3045399530384012 14
3 3.830876735278588 5
4 1.5265083411535953 13
5 3.7085683128604456 7
6 4.39309935642919 1
7 2.07085033977864 9
8 0.3861391410862065 16
9 3.369997930374183 8
10 3.7266703238652745 6
11 0.06590914709599849 17
12 4.240913211110955 2
13 4.016019356429192 3
14 1.5308001698893186 12
15 0.8711143261710734 15
16 0.0 18
17 1.8872998301106831 11
18 3.9315991664667713 4
1 0.21214581871345106 17
2 0.6061640058479554 15
3 3.3924744152046697 3
4 2.6308190350877165 6
5 2.4475852339181308 7
6 0.6481458187134517 14
7 1.1542999999999979 13
8 3.7531171345029204 2
9 2.0823664035087766 8
10 2.6494635672514617 5
11 1.3721235964912146 11
12 2.749749035087716 4
13 0.0 18
14 4.461374415204678 1
15 0.4789799999999995 16
16 1.7984458187134462 9
17 1.695650000000001 10
18 1.3357540058479556 12
1 2.3824999999999985 15
2 5.751200000000172 11
3 5.523358362500044 12
4 6.96129999999994 7
5 2.9679999999999964 14
6 1.6542000000000106 17
7 7.461440212500018 5
8 4.412122274999905 13
9 10.11828089999997 1
10 7.028261587499983 6
11 6.045548199999896 10
12 1.903910000000001 16
13 9.45954089999999 2
14 8.963180899999992 3
15 0.0 18
16 6.056599524999904 9
17 7.676985237500044 4
18 6.215421587500028 8
