1 10.424852499985077 1
2 3.6741133333075493 14
3 0.0 20
4 6.387713333321633 9
5 4.835669999993276 13
6 7.7895474999850105 5
7 9.727942499984529 2
8 7.154842499984598 7
9 6.587247499982035 8
10 7.602713333317215 6
11 2.969183333338674 16
12 3.0040566666728354 15
13 2.347799999905669 18
14 0.765600000000001 19
15 8.508303333318112 4
16 5.309724999985553 11
17 5.603326666644392 10
18 5.043852499982044 12
19 2.4063560000000046 17
20 9.459713333317007 3
1 3.5196275268355963 6
2 0.17610077046728678 19
3 3.363042573068301 7
4 5.28579957182659 1
5 1.0128995718266285 16
6 4.084069149139497 3
7 3.0748603497327074 8
8 2.002177619300904 12
9 1.7625391833616733 13
10 4.775635530875112 2
11 2.2046343192688735 10
12 0.37727916022154684 18
13 1.3055081538954338 15
14 2.049879400507842 11
15 1.517336434520399 14
16 0.7069364345204718 17
17 3.920218337987535 5
18 0.0 20
19 3.973059960291331 4
20 3.0340668423853074 9
1 2.3730916050446496 11
2 0.4242658025223238 19
3 3.033805412215389 9
4 3.5623269172633156 6
5 2.3765403009242583 10
6 3.056701998709976 8
7 3.1339714340914564 7
8 0.7071618253970673 18
9 1.8223714340905617 14
10 4.082345673027012 5
11 0.0 20
12 0.8083400000001231 17
13 6.145571434091458 1
14 1.1661682881778757 15
15 2.3707587764517175 12
16 2.1173823720802627 13
17 4.274298712486265 4
18 1.0789904342586103 16
19 4.9095269172632445 3
20 5.5634054122152 2
1 3.424335833334585 3
2 0.3868450000012018 19
3 1.6386525000023595 13
4 0.44268833333567015 18
5 0.7407908333341109 16
6 2.806988333328886 8
7 2.9162883333340144 6
8 0.0 20
9 1.6046883333361603 14
10 2.742252499995721 9
11 1.818326666666932 12
12 3.701999166667079 2
13 2.9827816666695544 4
14 1.2310000000013057 15
15 2.918263333336268 5
16 2.809717500002911 7
17 2.7199091666707083 10
18 0.45682666666791305 17
19 5.051354166667137 1
20 2.536752500002359 11
1 4.48616836563579 2
2 3.2653117534988185 9
3 3.9561685395898674 4
4 1.2795725152939148 18
5 3.3247748569829962 7
6 2.392154862310133 10
7 0.8496969288228609 19
8 3.439988246573467 6
9 1.280648484762814 17
10 3.3115473160845657 8
11 1.5530699212867196 16
12 2.0952117535053754 12
13 1.5821999999840353 15
14 0.0 20
15 3.6051861100343467 5
16 1.8385812397790349 13
17 4.906778539569344 1
18 1.8030448622988322 14
19 2.2112949855642583 11
20 4.2937440207075825 3
1 4.563878211862267 1
2 2.6391879810095125 11
3 3.043508534099215 6
4 4.113104588549634 3
5 1.7124502054239374 15
6 2.8893870412065783 8
7 2.921144402464778 7
8 0.1517008893338585 19
9 3.337650205420198 5
10 4.461399999999999 2
11 1.2393029587927114 16
12 2.3465970412059964 14
13 2.3824727691658554 13
14 0.9230047117165037 18
15 0.0 20
16 2.6962029587941476 9
17 2.6694535538193063 10
18 1.0205062183028952 17
19 2.5986000000001948 12
20 3.5519666719303613 4
1 2.3012467519484563 10
2 1.2714350382401012 16
3 3.058446836133346 6
4 1.2141398852772998 17
5 1.7965210611888158 12
6 4.7198928579378245 1
7 3.588981728974404 3
8 1.3987329923515497 15
9 3.469656959560661 4
10 2.709639471047033 9
11 0.0 20
12 0.4669853503039345 19
13 0.5580799617590728 18
14 1.4932190152963345 14
15 2.1617706000114394 11
16 1.5341810544778776 13
17 2.896767007647183 7
18 2.732696959561641 8
19 3.307379646128704 5
20 4.038596959561467 2
1 2.9195999999999263 8
2 3.366721791884239 6
3 0.07752802732015551 19
4 6.080321791884241 2
5 1.8074217918842308 11
6 0.8351412109280023 17
7 1.5131093202088695 12
8 7.607421791884242 1
9 1.4776358650059618 13
10 4.473121251908333 4
11 1.8461304001606489 10
12 0.0 20
13 2.5730962249898957 9
14 1.4705331836078297 14
15 0.9474156054639635 16
16 0.758689999999925 18
17 0.9726048437122643 15
18 5.180221791884241 3
19 3.5460156054639826 5
20 3.134255091201229 7
1 2.7202200000016408 10
2 1.3098999999999987 18
3 1.4782999999985795 17
4 1.9923166666673189 13
5 4.7959600000000355 4
6 2.779020000004157 9
7 1.6415200000002783 14
8 2.283320000003745 12
9 2.2911933333329797 11
10 3.8917199999928567 7
11 0.14486666666731995 19
12 3.3883199999989713 8
13 6.442814666666738 2
14 1.581120000001641 16
15 4.327100000000375 5
16 1.6017666666638324 15
17 0.0 20
18 5.13051999999995 3
19 7.526395333333411 1
20 4.0079000000004426 6
1 2.5249282520089977 7
2 0.0 20
3 3.8157199625915528 2
4 2.9813402309999404 6
5 0.3592099750609523 18
6 1.0230673544599913 13
7 1.5129679640778133 10
8 0.5302093166989454 16
9 2.3327896941835142 8
10 5.164967964077872 1
11 1.5387591448976192 9
12 0.906239011764125 14
13 0.08396177292988316 19
14 1.2646291448973785 12
15 0.3614956971559591 17
16 2.995659144897566 5
17 1.4014973544600124 11
18 0.6937699750610842 15
19 3.148564241504329 4
20 3.596079621633929 3
1 3.8182399438768457 5
2 0.0 20
3 3.8457218561704645 4
4 2.398360056123144 13
5 2.4972777149683565 12
6 4.762660056123142 1
7 2.7247384002087762 11
8 2.8924571514638004 10
9 2.083892548151573 14
10 3.814757730812458 6
11 1.872276485468166 16
12 3.394993168153137 7
13 1.071774359050743 19
14 1.1260654918084894 17
15 3.1369948032664388 9
16 1.8924651148743004 15
17 3.286827525479658 8
18 1.12317383507154 18
19 4.061183191611542 3
20 4.0884048032664335 2
1 5.907336666666655 10
2 0.7507366666652144 19
3 5.591766666666997 14
4 5.639116666665718 13
5 5.701211666667006 12
6 6.408351666666138 6
7 9.417176666666293 2
8 5.826861666666386 11
9 5.253766666666879 15
10 7.040611666663585 5
11 4.766836666666394 16
12 6.134181666664231 8
13 0.0 20
14 7.434676666667193 4
15 7.89502416666734 3
16 0.9470733333333321 18
17 6.269236666669764 7
18 3.399661666666599 17
19 6.082064166667342 9
20 10.277136666665577 1
1 3.04582029270097 5
2 2.8560999999999486 8
3 3.763836996109701 4
4 2.8967325620600954 7
5 1.7263123934788813 14
6 0.44716253890324076 19
7 2.1880108540197503 10
8 2.497599999999655 9
9 2.0147065477954147 13
10 2.980486099481201 6
11 1.4897543488332419 16
12 1.7232114885141783 15
13 2.1639026843275526 12
14 1.3589825389032613 17
15 2.1734856511672036 11
16 0.642100000000017 18
17 4.871684147832186 2
18 4.434911488514216 3
19 0.0 20
20 5.554099999999927 1
1 3.9729037308199446 3
2 0.5205133871593715 18
3 1.2014632184859384 15
4 0.0 20
5 3.5856993530736334 6
6 1.947385319375421 11
7 1.1636521396365833 16
8 1.077115414827913 17
9 2.1340133867298863 9
10 2.5428689510456683 8
11 1.5994767964468595 12
12 1.4045953194720697 14
13 0.2482953194565769 19
14 1.5213940748535588 13
15 3.649583200399878 5
16 5.115494074965439 2
17 3.239784641726237 7
18 1.9891640749639325 10
19 5.714704074949847 1
20 3.80135213964463 4
1 4.558156545689158 2
2 0.5789503311415145 17
3 1.5790025222710953 12
4 1.4885350119892666 14
5 0.0 20
6 2.586546879689653 10
7 2.8943618235858066 9
8 3.500158273267314 5
9 1.4912830878545598 13
10 3.747660000020843 3
11 1.7060902787815582 11
12 0.7366594358603686 16
13 3.37936455807752 7
14 0.9118618208590084 15
15 3.74010758280573 4
16 0.4989000008743951 18
17 2.898749987653352 8
18 0.3345600064768779 19
19 3.4379205556846264 6
20 8.927956547146309 1
1 3.776629999927215 9
2 0.914729999571827 18
3 2.3492300000000146 16
4 6.532561747009135 1
5 5.396623565450369 2
6 3.8307499286982285 8
7 4.046137201473985 7
8 4.8385288776931334 4
9 2.5282300000142293 15
10 4.942529999926509 3
11 2.0402081461491877 17
12 4.763986293689138 5
13 3.5699910731376074 13
14 0.0 20
15 3.5951399290320962 11
16 2.5568300000146733 14
17 4.517791853400135 6
18 0.15360926820769194 19
19 3.5745092683824224 12
20 3.6127300000000218 10
1 6.652955627789117 1
2 2.3738497395442772 16
3 3.2354817822902353 11
4 3.035201654656354 13
5 4.035449739537278 9
6 3.923155627789509 10
7 1.602855627787202 18
8 4.199986674809414 8
9 2.7208556277782128 15
10 5.446071694969543 3
11 0.4254016546580095 19
12 3.042385697102028 12
13 5.087727780464034 5
14 0.0 20
15 4.537632592065692 7
16 2.962367407943125 14
17 5.589568974046095 2
18 2.16803578412415 17
19 4.575256596031067 6
20 5.260394737708917 4
1 3.09622242992635 4
2 0.6501356688287174 18
3 0.9372765827513426 13
4 2.429896934883636 8
5 0.6545684278971253 17
6 2.1516119925509773 10
7 2.2637220675990473 9
8 2.930452178948066 5
9 0.7922015586951083 15
10 2.8092824988060197 6
11 0.0760681298761634 19
12 0.6881402264923655 16
13 3.382441093864589 2
14 0.8247037107862799 14
15 1.3501746372193386 11
16 1.0749521789480743 12
17 3.1550524988060387 3
18 0.0 20
19 2.6169942535618484 7
20 3.972224339803254 1
1 0.8662000000012721 15
2 2.1895945454573758 7
3 0.1570560000001957 19
4 3.624099999995992 1
5 0.41802454545737633 17
6 0.0 20
7 0.6906000000008944 16
8 1.7952000000001886 8
9 3.477979090908272 2
10 3.0623236363600417 4
11 1.0143000000008944 14
12 0.30675454545737657 18
13 1.2452000000000083 13
14 1.2748645454400451 11
15 2.6246400000001913 6
16 3.233550000009302 3
17 1.7726790909147723 9
18 1.2452618181808455 12
19 1.3037560000001618 10
20 3.042856000000193 5
1 7.461130666610217 13
2 9.132930666610218 9
3 0.0 20
4 6.447416666646759 15
5 9.451244666528265 6
6 8.811716666732169 10
7 5.465400000006151 17
8 9.94241666636692 4
9 5.509283333332444 16
10 10.790644666690081 3
11 7.7810166667175915 12
12 9.786864666690082 5
13 9.17630266672468 8
14 8.749530666610218 11
15 2.848799999998408 19
16 4.105383333336707 18
17 12.196816666717595 1
18 9.337418666682996 7
19 7.379399999998658 14
20 11.830930666994838 2
1 6.219246450620938 8
2 5.742775568925273 11
3 6.046112320209161 9
4 6.400512041457875 6
5 3.211200000000001 18
6 4.4947574250054485 14
7 6.250104779918458 7
8 2.004899999999998 19
9 0.0 20
10 7.56387554511501 5
11 3.586657958542129 17
12 4.9931263579320895 13
13 4.245326891468768 15
14 5.117821202807436 12
15 7.644522021849425 4
16 5.7637666134022245 10
17 8.060052021849422 3
18 4.207714327430047 16
19 8.303049317625828 2
20 8.468866635594019 1
1 6.901963886243788 1
2 1.0692358366650814 17
3 3.2704738862437854 5
4 2.609800000000291 10
5 3.6420016128362454 2
6 1.934936113753778 12
7 1.3503546223069356 14
8 0.6845774143217753 18
9 2.96986388624758 6
10 3.5257245468133647 4
11 0.0 20
12 1.28830000000023 15
13 1.0867401917423058 16
14 1.9155774143208755 13
15 2.8203911735946026 8
16 2.806067111914074 9
17 2.0586144143210543 11
18 0.44221316004797906 19
19 2.9595002063393583 7
20 3.546012860205958 3
1 2.2176900307661374 4
2 0.8865763822738847 15
3 0.7753923753572082 16
4 2.7628352506204648 2
5 1.9611855503304991 7
6 0.7098787244041967 17
7 1.143160514664545 12
8 2.2553720846220466 3
9 0.5109004554792458 18
10 2.1377867689014325 6
11 0.0 20
12 0.47545710110847117 19
13 1.0597329311097687 13
14 0.955185951829852 14
15 2.1637810282597467 5
16 1.7910087297254869 8
17 1.5625990151944764 11
18 1.5780234661544237 10
19 4.1100352521646215 1
20 1.6512443158465557 9
1 0.2598818570706509 19
2 0.3705021907109667 18
3 1.2672908136874725 13
4 2.137163714147122 9
5 2.325566884158885 8
6 2.676143502824216 5
7 0.5853596879769973 15
8 1.566359813784338 10
9 3.236860859107164 4
10 0.49922994863216563 16
11 0.0 20
12 2.3321596879783315 7
13 1.3050627261190155 12
14 1.5034564922461615 11
15 3.240969859107191 3
16 0.6310799486313579 14
17 3.6728125571992996 2
18 0.43884190701217585 17
19 2.367150585416343 6
20 4.385749032212617 1
1 7.32677702680447 14
2 9.665394918320574 6
3 8.776588513557689 11
4 6.2003999999899655 17
5 11.326994919013977 2
6 9.142088918879905 7
7 3.266900000002164 19
8 6.927985810832968 15
9 6.3749929186633825 16
10 10.564491919071536 4
11 5.713648648643839 18
12 10.086065540359733 5
13 8.929765541687974 9
14 7.5994972972034 13
15 11.81639491901394 1
16 10.696341918893877 3
17 8.794811486483841 10
18 0.0 20
19 8.179095918974472 12
20 9.122255540359806 8
1 4.28507591656352 5
2 2.0656938632754 18
3 2.3147768121652175 17
4 2.3863531180351973 16
5 3.110944196312356 10
6 3.1665284349838334 9
7 3.60104786290214 7
8 2.9701251893466023 12
9 3.0161753627868184 11
10 4.720515047541913 4
11 1.5908441236511135 19
12 2.511461279317474 15
13 5.408868029607248 2
14 4.2011251893466 6
15 2.9358457760546783 13
16 2.609680919121759 14
17 3.3513757760546774 8
18 0.0 20
19 5.05784786290214 3
20 6.695947862902139 1
1 2.211116683509267 9
2 1.2724711281324306 17
3 1.9716719404655403 14
4 1.7764540915500457 15
5 2.184243174236979 11
6 2.541050669819452 8
7 0.29097263024582487 19
8 2.9061716532719966 7
9 2.0933540915500473 13
10 3.206016913763646 5
11 0.9812038768126117 18
12 2.190259445300996 10
13 3.9155544236497075 3
14 2.177861061305844 12
15 3.4895910701159565 4
16 1.5766057749872875 16
17 5.160571653271997 1
18 0.0 20
19 2.941928346728006 6
20 5.022465259337762 2
1 5.567259473684181 4
2 2.209914736842125 16
3 2.838114736842091 14
4 3.3066496842105053 12
5 3.4991365263157723 11
6 0.0 20
7 4.343148842105247 7
8 6.498736631578931 2
9 3.7500211578947136 10
10 6.738759473684198 1
11 6.289159473684193 3
12 1.9851496842105463 17
13 0.159069999999919 19
14 0.257914736842094 18
15 3.950229368421028 8
16 3.85201473684208 9
17 2.568845578947374 15
18 3.2074090526315673 13
19 4.865264210526303 6
20 5.430436526315771 5
1 0.0 20
2 0.044299999999999784 19
3 1.482270000004312 18
4 2.757900000032844 11
5 2.371410000005166 14
6 6.162150000005559 1
7 5.047860000005393 5
8 2.474760000002223 13
9 5.856090000005559 3
10 4.083160000017202 6
11 2.273040000006841 16
12 5.619360000001272 4
13 3.858180000002783 9
14 1.7725600000027828 17
15 3.060460000002875 10
16 2.367349999999999 15
17 5.911800000000001 2
18 2.705970000004001 12
19 3.9948399999924438 8
20 4.011870000007155 7
1 3.9561502486703946 6
2 1.0177587228065785 16
3 0.0 20
4 1.9233896152436647 14
5 2.998509296937641 9
6 3.9822592580992318 5
7 2.4959448589659146 12
8 4.8118622285772 2
9 2.5457199774884502 11
10 6.284103503626836 1
11 1.5375357840729065 15
12 4.242744850800227 4
13 3.2660798755319065 8
14 0.30319362588781784 19
15 2.8487999830011463 10
16 2.399507978728247 13
17 0.9506099190999413 17
18 0.7709636173471375 18
19 3.324635899725021 7
20 4.784596956973265 3
1 2.2355776448213445 12
2 1.759395683672948 14
3 2.023685847607629 13
4 2.857823407884739 8
5 1.2076075799239117 15
6 3.279409856162802 6
7 0.0 20
8 4.080653586356771 2
9 2.638614948377905 10
10 3.830604762098811 4
11 0.6715505302134634 16
12 0.41365244552649694 18
13 2.472239042962631 11
14 0.49550485993376636 17
15 3.484888826136856 5
16 3.2784391097354293 7
17 4.0383967921564565 3
18 0.40449566892081656 19
19 2.687723762663123 9
20 4.7500220377066675 1
1 1.7628524999716038 18
2 3.750606249991163 5
3 3.3573962500747223 7
4 1.9668822499938678 15
5 2.2722312499869117 13
6 2.0389812499869127 14
7 3.9104362499929337 4
8 3.6480629166582004 6
9 2.2837822499921874 12
10 3.181882249992187 9
11 0.12133999995156852 19
12 4.753062916664172 2
13 0.0 20
14 1.9279362499898482 16
15 1.8033712500225116 17
16 2.360129583312034 11
17 4.308006249972278 3
18 2.395706249999472 10
19 3.3140822499921865 8
20 6.5795629166376655 1
1 1.18369999995923 19
2 7.20346817915513 10
3 7.067720908178647 12
4 3.971300000224684 17
5 4.708196363900796 16
6 6.438207272412449 14
7 8.801882727065559 3
8 8.099551818550356 6
9 7.438609089762496 8
10 8.17132091376307 5
11 1.361499999890217 18
12 7.491576363889516 7
13 7.415696362086303 9
14 6.819382728107753 13
15 9.076573636135093 2
16 8.55587090969785 4
17 7.125199998864829 11
18 0.0 20
19 11.402468182297875 1
20 5.5534999999865855 15
1 0.9726934350019472 17
2 1.4730858225676131 14
3 1.1448469927929519 16
4 2.2845128171764184 10
5 2.675150244958061 8
6 2.8482592814405243 4
7 2.800690220820364 5
8 1.2440473392152438 15
9 2.949556386589603 3
10 2.750252640613608 6
11 0.0 20
12 1.7454222793338723 12
13 1.5958676146567292 13
14 2.6695398403862898 9
15 3.329344868402824 2
16 0.8199410881893034 18
17 2.282588211053767 11
18 0.5187763794974194 19
19 2.742130923684548 7
20 4.107639350946936 1
1 2.364433078391798 13
2 2.4662412399024864 12
3 2.5801999998542304 11
4 3.726884270609492 6
5 2.1118930290693045 16
6 2.2376942634575205 15
7 2.629863774292075 10
8 3.851992710397919 4
9 2.7432707272549695 9
10 4.18739422524191 2
11 0.8159696925626894 19
12 2.325127420910121 14
13 2.7889453989989095 7
14 0.0 20
15 4.025698960116705 3
16 2.7492523634014994 8
17 1.0446238435781752 18
18 1.296139930269825 17
19 3.7642903119220223 5
20 4.760763433151881 1
1 3.9632817808620926 7
2 2.534987441844849 12
3 3.6200633414879286 9
4 2.3897564382759175 13
5 2.8336060483785035 11
6 4.603171040417312 5
7 3.7505290029187996 8
8 2.3289546749228736 14
9 1.8065444410211768 16
10 4.093211542201949 6
11 0.1213400000001017 19
12 5.497329002918102 2
13 0.0 20
14 1.8019994715552263 17
15 1.810653441021288 15
16 3.3153633414879886 10
17 5.2626287393466304 3
18 1.754928973472229 18
19 5.100925699030879 4
20 6.557719120702652 1
1 5.137891846887808 1
2 0.6030274013908733 15
3 1.2508785154498805 10
4 0.0 20
5 1.2221505571419256 11
6 1.9044725166277356 8
7 2.5569803056513205 3
8 1.4329301666107783 9
9 1.2057918468881066 12
10 2.451090741585016 4
11 0.5601820966937532 16
12 2.416143648423558 6
13 0.401667847126677 17
14 0.33221363624561806 18
15 1.9123551612446255 7
16 1.0443274780382255 14
17 2.4436890175900987 5
18 0.01052223008890385 19
19 1.105112202509031 13
20 3.721527925466282 2
1 6.310300939078017 2
2 1.3277699106795597 19
3 2.506515174769989 13
4 9.068200939078018 1
5 3.648655213594924 7
6 3.0046713083000007 10
7 1.820107652439882 16
8 3.6286329458030293 8
9 1.4160223900442184 18
10 2.6206325592485005 11
11 2.255095207817403 14
12 1.8205868491721202 15
13 4.486966664561118 5
14 0.0 20
15 4.852895207817404 4
16 2.6161618679106002 12
17 6.168610939078019 3
18 1.5446817559037076 17
19 3.521383656399393 9
20 4.295415304879755 6
1 3.2980883125092184 5
2 0.0 20
3 1.3790660559262833 16
4 1.799366154036471 12
5 1.7201886583605357 14
6 3.5827347873818858 3
7 2.8718741997672095 7
8 2.4182690143115697 9
9 0.41336901431156825 17
10 3.544856717881188 4
11 2.173980886343427 10
12 0.16604256578841703 18
13 2.0021726519988543 11
14 1.7443455738230362 13
15 2.840240352215997 8
16 1.4047123588006762 15
17 3.678588339014847 2
18 0.06310294116026505 19
19 2.9294447873818847 6
20 4.284447176765146 1
1 4.472642857143157 7
2 1.5953357142861018 15
3 3.881797142857468 11
4 2.2374485714291064 14
5 3.958110476190843 10
6 1.3166000000004887 17
7 4.148084285714703 8
8 4.074497142857594 9
9 3.2088357142861255 12
10 5.644142857143272 5
11 0.0 20
12 1.1806914285719738 18
13 5.98415447619087 4
14 0.6806057142861079 19
15 4.903937142857522 6
16 1.4569000000004886 16
17 8.918054476190877 1
18 2.969983809524193 13
19 6.042710476190884 3
20 6.4113971428575365 2
1 3.5097970830108727 7
2 2.1379505983073495 17
3 6.513803384463172 1
4 4.4971033844626325 4
5 2.3688933739383957 15
6 3.0600243335913193 10
7 2.9043990783696665 11
8 4.5463715102680755 2
9 2.542280537509507 13
10 4.172724333588716 5
11 0.9098064584929872 19
12 2.517234333590808 14
13 3.114860476713602 9
14 0.0 20
15 3.2702235415052345 8
16 2.617249916215103 12
17 4.518494333591233 3
18 1.80532053750887 18
19 2.2657825438270844 16
20 4.168127872947183 6
1 5.399542191784877 3
2 1.8965421917848795 17
3 2.7938872606986465 16
4 3.6153969781356547 12
5 4.652550403553797 7
6 4.04266782153289 11
7 3.0290611970624175 15
8 4.244388458660732 9
9 3.47663691752222 13
10 5.183069047768454 5
11 1.3405418248019245 18
12 4.2235624860694365 10
13 4.535042119417152 8
14 0.5904421240675304 19
15 5.116721178014688 6
16 3.2524533503382447 14
17 6.103967807480464 1
18 0.0 20
19 5.280077985645006 4
20 5.6089054034834955 2
1 3.3033667367075634 8
2 0.0 20
3 1.4344999999990014 17
4 3.670991900266518 4
5 1.7573576664746398 13
6 4.450476551120207 2
7 2.1301765511210045 11
8 3.529929322866905 5
9 1.663361201978268 15
10 3.440108844597917 6
11 1.756506782592779 14
12 1.3856985503495054 18
13 2.8615919090245896 9
14 2.1312715306286956 10
15 1.9737194342256767 12
16 1.4914431674655684 16
17 3.3058180909790758 7
18 0.5070695982216868 19
19 3.8650403181014097 3
20 5.866829322866573 1
1 5.141020326488665 2
2 0.7899600162228708 19
3 1.2064300033067856 18
4 4.27378710200533 4
5 3.248694196038554 12
6 3.32302109921027 9
7 1.7177399994807223 16
8 2.6380599999987866 13
9 2.0874464494730023 15
10 4.025581615253622 8
11 0.0 20
12 3.2683006472407756 10
13 1.7107002171931793 17
14 4.23484109861044 6
15 4.265770324682141 5
16 4.026990648397541 7
17 4.6446002195343485 3
18 2.3081868855479692 14
19 5.304973543114432 1
20 3.2575690358320086 11
1 4.529970527273042 1
2 2.9973251739741285 6
3 2.483056748682941 9
4 1.5775930053581675 15
5 1.413634739862711 17
6 2.2035625362491706 12
7 2.2461573693306147 11
8 4.210370527273057 2
9 3.670394447532343 4
10 2.493000493881293 8
11 0.7137541552026201 19
12 1.4932498540670331 16
13 1.764672413324224 13
14 0.7220218812492061 18
15 3.1079464536029393 5
16 0.0 20
17 2.4358919527900356 10
18 1.642425173974107 14
19 2.6350643058630916 7
20 3.8066884754677073 3
1 3.95917958586797 3
2 2.853361925686273 10
3 1.6813034674961442 16
4 3.2732116049598883 4
5 2.753760413284694 11
6 2.698844100306879 12
7 0.37854410030688834 19
8 2.9728863021814522 7
9 3.1309824685810765 6
10 0.0 20
11 2.0634019256862874 14
12 1.5361999999999931 17
13 2.8579141003068878 9
14 2.9543197282998577 8
15 3.1529484788016635 5
16 1.3766034674961278 18
17 2.2559496247656114 13
18 1.7440369077382591 15
19 4.261152042137668 2
20 5.360137635300032 1
1 6.132457832512195 4
2 1.4035222660103046 19
3 8.680147832512318 3
4 1.6472691871922067 18
5 0.0 20
6 3.178505665024878 12
7 9.191457832512398 2
8 3.922 8
9 2.522713916256068 16
10 2.9324799999998525 13
11 5.858847832512337 6
12 3.212857832513068 11
13 2.707500000000064 15
14 3.2407581034481874 10
15 3.5642611330048743 9
16 2.7157256650234003 14
17 9.235091832512325 1
18 5.9245578325121455 5
19 2.365713645320214 17
20 5.693402561576796 7
1 3.549261845296331 5
2 0.08358719106447454 19
3 1.7628130155757336 14
4 6.307161845290436 1
5 2.1403245181761363 11
6 2.192368437486638 10
7 1.2734799762372473 16
8 3.301646118194207 6
9 1.8699487904170335 13
10 4.3011124073446645 3
11 0.8344282438469117 18
12 1.6014280502018876 15
13 2.2477565485931854 9
14 0.0 20
15 4.1503244910415855 4
16 2.0300743952074116 12
17 4.41203693374257 2
18 0.874446118194635 17
19 3.236542593839172 7
20 3.1047576206328875 8
1 9.203009999886927 1
2 2.9920968940800927 17
3 4.388489999177678 8
4 3.1601859978331657 14
5 4.181560289916251 9
6 3.8138893320165974 11
7 4.899800005204771 6
8 3.084135207237509 16
9 3.5881999990688103 12
10 4.422872701648738 7
11 0.0 20
12 6.646599999044473 3
13 1.95585884199985 18
14 6.802109999884743 2
15 3.0983876035427125 15
16 4.028097729194093 10
17 5.664510000047324 5
18 1.5141826653497747 19
19 3.2609004200425513 13
20 6.172523145116848 4
1 4.622982194787495 7
2 2.1964999991436187 18
3 3.1914426826350573 14
4 7.080998293177134 3
5 4.5164760973698534 10
6 4.583841219953033 8
7 4.542027316446247 9
8 3.0523373169522414 15
9 2.365402682635108 17
10 8.194027317033594 1
11 3.776785364082306 13
12 6.28882731705707 5
13 0.0 20
14 4.499158292782182 11
15 4.047616097820283 12
16 2.662256341236899 16
17 5.306737316924427 6
18 1.6284426837692068 19
19 6.646216097369722 4
20 7.574256341929495 2
1 2.4724219940344003 5
2 1.496185733339806 14
3 1.891136194018952 7
4 0.47779738935378013 17
5 1.6653298800499594 11
6 1.2782737156087678 15
7 2.9582819292378666 2
8 1.5815676457458696 12
9 0.462108457353144 18
10 2.2332335491446034 6
11 0.0 20
12 1.74622742584475 10
13 1.7603849967424696 9
14 0.9651015017401092 16
15 2.906491842233568 3
16 1.5408759636222302 13
17 2.8084183234633726 4
18 0.16588870440429693 19
19 1.8189409945248478 8
20 3.6528279976620808 1
1 3.202141220805772 2
2 0.7141130402751859 18
3 2.9638453305002574 3
4 1.4761820609192582 14
5 1.7947548949603622 12
6 2.7404913375863362 5
7 1.4658581687922974 15
8 2.5622130402761862 6
9 0.0 20
10 1.9852376842226866 11
11 0.6166330285405928 19
12 1.6534840308565633 13
13 1.0935833299013165 17
14 1.368669211821921 16
15 2.172633052014703 8
16 2.3562130402761867 7
17 2.7684877493467988 4
18 1.993910274703848 10
19 2.0701006104030104 9
20 4.678407544727499 1
1 2.606595012164246 3
2 0.4055399280738008 18
3 1.9594834860725365 13
4 2.0612348263966562 10
5 0.4550068341507436 17
6 2.007414884679628 12
7 1.4397086814664946 14
8 2.481558825294667 4
9 2.3781348263966557 7
10 2.7880881667786857 2
11 0.14112007072084487 19
12 1.2842697447304858 15
13 2.2237761719135745 8
14 2.1439148263966556 9
15 2.4745627820918132 5
16 0.9539068341507442 16
17 2.047347171792891 11
18 0.0 20
19 2.4732017498310155 6
20 4.1619027659097085 1
1 1.0668809703753939 18
2 3.5813422890094957 3
3 2.795255415875171 9
4 4.629664297376759 2
5 1.4800896293532322 17
6 2.2594499226594227 12
7 3.280520831750332 6
8 2.1874445841248247 14
9 3.1801767894617683 7
10 4.79014228900951 1
11 0.0 20
12 3.490195270918135 4
13 2.5159262444595227 11
14 2.945956789461786 8
15 2.222232781999109 13
16 1.9789896293532379 15
17 2.637879922659431 10
18 1.7308127209407445 16
19 0.5105409703753963 19
20 3.4265373566259565 5
1 2.4912554418470885 9
2 1.0454114510769072 16
3 3.050205404923104 4
4 2.6098000000000265 7
5 4.058016774769115 3
6 1.7094903913842503 13
7 2.7353715427696628 6
8 2.851716774770239 5
9 1.5621243532302296 14
10 2.389235195692373 10
11 0.0 20
12 2.3485905366164013 11
13 1.3095706030746044 15
14 0.7292929021539696 17
15 2.5978000000001664 8
16 0.4405767360010955 18
17 2.292722586461927 12
18 0.036855367999093946 19
19 4.534872482461464 2
20 5.276096619691849 1
1 3.267297561123255 4
2 1.512352916699327 18
3 2.029190596494148 14
4 2.3660694684896613 11
5 2.800629856357531 7
6 2.4583465493645877 10
7 2.065439537888039 13
8 2.0077774613583856 15
9 1.9085119546769498 16
10 3.1730674344455094 6
11 1.6342997419570047 17
12 2.576421717418431 8
13 2.468787160777494 9
14 1.0918861787524288 19
15 3.6580466230808266 3
16 2.1204387648417784 12
17 3.2548619440657545 5
18 0.0 20
19 3.979439536764998 2
20 4.089816454896571 1
1 4.866269584338176 10
2 2.888441641339532 18
3 4.824991684935705 12
4 3.7073052734707987 14
5 5.56154168492718 6
6 5.4739479212179605 8
7 5.003232538186264 9
8 3.644168905933088 16
9 4.833491685024247 11
10 5.928591684925212 4
11 1.8762304158248098 19
12 5.481911684925698 7
13 2.9646689059170663 17
14 3.66835927356337 15
15 4.2813689060023155 13
16 6.0604416849277865 3
17 5.898568905937913 5
18 0.0 20
19 6.327891684902908 2
20 6.582960831370369 1
1 4.673064091743626 2
2 2.684460159551535 7
3 5.400662125647557 1
4 3.3839621256475647 3
5 3.2162820030165777 5
6 2.3810256061996093 11
7 2.5731000000000344 9
8 0.0 20
9 2.7211867560007903 6
10 3.245529399632912 4
11 1.7425763499904119 17
12 1.9791417577548402 14
13 1.8716367227368038 15
14 2.4869667560007693 10
15 2.097233877630202 13
16 1.1569071206556485 19
17 1.618841878137014 18
18 1.778086632110568 16
19 2.259099490786739 12
20 2.5740566774237217 8
1 4.60301417308792 5
2 0.8869364652327034 19
3 0.0 20
4 2.034800000000031 17
5 3.3176599999993557 10
6 5.1496814237120585 3
7 4.03777587293711 9
8 6.657055688844455 1
9 2.500436465232321 13
10 6.522082450224737 2
11 3.1967061320658 11
12 4.308577704852443 8
13 2.3478000000000376 15
14 1.0493592776388274 18
15 2.848800000000177 12
16 2.4885451685830438 14
17 4.3286469184593175 7
18 2.20099005402784 16
19 4.536129953976844 6
20 5.132918491245661 4
1 5.381000000000169 9
2 0.4641835000001162 19
3 1.8986835000000526 18
4 6.65297346153851 5
5 3.7024161538462366 16
6 6.385460384615492 6
7 4.157616500000087 15
8 7.516160384615441 2
9 2.077683500000051 17
10 6.364158846153856 7
11 4.42884115384616 13
12 5.315392307692361 10
13 4.30750115384623 14
14 7.297280384615441 3
15 4.5057500000000426 12
16 6.0740823076924215 8
17 5.091967000000044 11
18 0.0 20
19 6.8661719230769815 4
20 10.986082307692364 1
1 3.220059076626989 3
2 0.0 20
3 1.3715396660452694 14
4 1.4882620696714188 12
5 0.9402526103782624 19
6 1.7911995829290301 9
7 2.924263987549539 4
8 1.3345037322649627 15
9 2.0588290477573135 6
10 1.442571352417196 13
11 0.9412720333010353 18
12 1.5691424733062975 11
13 2.02555064838486 7
14 1.1410874298747289 16
15 2.344809078433033 5
16 1.900955912502739 8
17 1.6833568272222612 10
18 1.1005574628435228 17
19 3.591486415069099 1
20 3.58729133912328 2
1 2.4445665063579494 9
2 0.0 20
3 1.8663752878984874 12
4 3.744805392200824 4
5 1.957314241850966 11
6 0.9073220840660048 18
7 2.4974867767823046 8
8 2.636508475415138 7
9 1.8141662937868501 13
10 4.959805392200826 2
11 1.4633783518409724 15
12 1.4453877524447927 16
13 2.6517520821894154 6
14 1.3485601973239958 17
15 2.283390657043427 10
16 1.6074958512532032 14
17 5.305575392200829 1
18 0.3365975880551053 19
19 2.818569922135885 5
20 4.302389673303488 3
1 4.5738849357673335 2
2 2.036131668814384 10
3 1.597571826538372 11
4 0.19830125396415688 17
5 0.027129943080731245 18
6 2.2839706904868073 9
7 1.5234251349131158 12
8 3.4146706904421373 4
9 0.0 20
10 4.210178401862942 3
11 0.987126374721943 15
12 0.01468489960619035 19
13 2.7263280556176364 7
14 1.4296848995963845 13
15 2.733388202707264 6
16 0.8740949864819942 16
17 2.9349859307076254 5
18 1.1955577628634249 14
19 2.714799769181803 8
20 5.179126374708908 1
1 5.484146653427592 3
2 0.18372126459608618 18
3 7.493446653427592 2
4 1.6293571657796377 12
5 0.0 20
6 2.4789398768765656 9
7 2.8080687242830633 7
8 2.7596564572246236 8
9 1.4518580538565204 13
10 0.6132096504885141 17
11 1.1623398768766486 15
12 3.214601555326065 5
13 1.2677687242831064 14
14 2.433191751529138 10
15 1.948361846850427 11
16 0.745059650488562 16
17 4.201668724283099 4
18 0.16326153546742095 19
19 3.0541200341568504 6
20 8.209568724283105 1
1 5.380999999999902 14
2 2.3630193633536365 19
3 5.800930580744368 13
4 6.370509341614849 10
5 5.0301099285699244 16
6 5.802308754660065 12
7 9.44086978571422 3
8 9.70031323291922 2
9 7.7472200714284245 6
10 10.161520071428574 1
11 4.240500000000399 18
12 5.255831906832503 15
13 7.819089857143144 5
14 4.5584616894417325 17
15 7.287799428571449 8
16 6.014521906832247 11
17 7.316529972049944 7
18 0.0 20
19 7.202713232919342 9
20 8.095994559005568 4
1 5.3809999999999985 2
2 0.4379775648715476 18
3 1.9682635996456042 10
4 2.2871015021889103 8
5 0.9634281627850174 15
6 1.4092950154037949 12
7 4.1294201864320925 3
8 1.166796995985107 14
9 2.003569813567914 9
10 3.0718635996456034 6
11 0.27773319080991477 19
12 1.3604844064602095 13
13 1.7891337610340143 11
14 0.5625476207480002 17
15 2.320364594318858 7
16 0.9500544347613702 16
17 3.567433475921966 4
18 0.0 20
19 5.481192390375476 1
20 3.274608390408937 5
1 2.7911852607009933 12
2 0.0 20
3 3.2569109185708234 10
4 5.586470160561662 2
5 1.313570160561757 16
6 2.169151304822501 14
7 5.476766686932958 3
8 2.9382245755374092 11
9 3.578088992771901 7
10 3.8895575473402886 6
11 0.09725971200539263 19
12 3.9138309185709543 5
13 5.404305603282749 4
14 0.4960598081918368 18
15 3.3190620690434027 8
16 1.7063713048224258 15
17 2.494577066972904 13
18 0.9022882582915601 17
19 3.311780287994557 9
20 5.596795603282782 1
1 3.1549399999946472 9
2 3.9416774998561905 6
3 5.156667500134375 4
4 8.381967500049157 1
5 3.221757500034024 8
6 1.4786950000474701 13
7 5.448467499856177 3
8 2.015457499930913 11
9 4.856057499992648 5
10 0.5458924999843311 15
11 1.3951425001059503 14
12 0.23534000002103417 18
13 0.3209125001369535 17
14 3.2464575003353087 7
15 0.0 20
16 5.5837775000491865 2
17 1.9459425001059556 12
18 0.03364249957536014 19
19 2.5986000000989105 10
20 0.3403925000231709 16
1 3.394498746558064 3
2 1.76636254286502 13
3 1.799474290169024 12
4 0.6926444388309478 17
5 2.553236515242656 5
6 1.4464677017155294 14
7 2.6787765152426553 4
8 1.3449554575767992 16
9 2.4505074557433284 6
10 1.9385883964561421 11
11 0.2692570483455621 19
12 2.4202286878655426 7
13 1.975515200631737 10
14 0.0 20
15 2.204122227288056 8
16 1.4161875170696359 15
17 3.762389234617241 2
18 0.46776999999999713 18
19 2.039844438830948 9
20 4.274821841798012 1
1 5.699440080198114 2
2 0.8166789759697002 17
3 3.7280726193409315 8
4 2.0075869018837333 14
5 2.4217356159036614 11
6 4.0261065059187136 5
7 2.0307672437775035 13
8 2.0353185799032163 12
9 1.7673400801981192 15
10 3.518801184426521 9
11 1.5014248960923877 16
12 4.0761499676511 4
13 3.7811303924964967 7
14 0.0 20
15 4.083756099185825 3
16 0.17981857990320416 19
17 3.3860610240302815 10
18 0.46776999999999846 18
19 3.9229494871442414 6
20 6.07969482515874 1
1 3.445616763738241 7
2 0.0 20
3 3.0875683570997987 9
4 2.968157808890765 10
5 1.488414099314482 16
6 3.624775143478895 5
7 2.5401694771519634 11
8 4.105149837966382 3
9 2.3326639630187347 12
10 4.430464093858218 1
11 1.7662033585156678 15
12 3.744488351064534 4
13 2.1435894725985962 13
14 1.4283449441072098 17
15 1.883602038924166 14
16 0.44689121002338794 19
17 3.2791271154807666 8
18 1.0101978675096435 18
19 3.4569203889186135 6
20 4.163682419898157 2
1 1.3234982598879725 13
2 2.3725184885305923 7
3 2.6257559530148336 6
4 2.812457416668435 5
5 4.0341184885305905 2
6 0.20299409831526316 18
7 0.2527728382782002 17
8 1.4682457489723308 12
9 0.3639766029477485 16
10 2.882297707610056 3
11 0.0 20
12 1.8072997890353713 9
13 1.5211965963451195 11
14 1.1054998031990757 14
15 1.8448559029626588 8
16 0.009907450640024518 19
17 0.5814240983152641 15
18 2.8764631926902453 4
19 1.7217999999999953 10
20 5.070518488530589 1
1 2.25591212885236 12
2 1.170617574179047 19
3 2.580199999999226 11
4 4.19271636126816 1
5 1.8740162191601422 16
6 2.639623041347384 10
7 1.982499999994922 15
8 2.9283692276280866 6
9 3.8053163243430843 2
10 3.4535165033809907 4
11 1.409911313631827 18
12 2.8518985827848278 7
13 2.1734323206519353 13
14 0.0 20
15 2.0890562607977956 14
16 2.702070899544679 9
17 2.8167040659011287 8
18 1.5657174826089937 17
19 3.052964065901714 5
20 3.8053162191576932 3
1 2.6824824878760336 8
2 2.0857899079255042 12
3 3.095482243026031 6
4 1.8992892156440266 15
5 1.746337947343645 17
6 2.3345912713158086 11
7 4.033133518089542 3
8 1.9506042197299447 13
9 3.2508067579040736 4
10 2.3415462833916223 10
11 1.127011693882899 19
12 3.0140767542440905 7
13 1.6640432098891624 18
14 1.8684475442277304 16
15 2.63569465104324 9
16 1.9211260282933127 14
17 4.133798855316887 2
18 0.0 20
19 3.131262143787363 5
20 4.339617840592861 1
1 3.323229233721777 3
2 0.0 20
3 1.2954757253741618 16
4 0.5313115399627983 17
5 2.7795770313853474 6
6 2.0922608212374114 12
7 2.5758458990874544 7
8 2.403967607081845 10
9 2.0155724205013748 13
10 6.227845899087473 1
11 0.19870729049899616 19
12 0.4623473545515173 18
13 2.9473032733058244 4
14 1.7711778932654747 15
15 2.508746294105184 9
16 2.2497571929683344 11
17 2.569006564453325 8
18 1.9153769595023098 14
19 2.8525864153953293 5
20 4.7585607336768 2
1 3.628554595943165 6
2 2.8781167144313438 12
3 2.6194287956159226 16
4 5.570815648496419 1
5 1.8514458331533477 18
6 3.4627392766732954 7
7 3.247581301029112 10
8 2.443860546350163 17
9 4.518546386751687 4
10 4.059987199754984 5
11 1.5872669794807335 19
12 0.0 20
13 3.3625723076536507 8
14 2.6525425036588084 15
15 4.926658629050795 3
16 2.805684336109416 13
17 3.3046582260307322 9
18 2.711699961000177 14
19 3.0037242260580346 11
20 5.309268780493374 2
1 4.839324737486755 3
2 1.8759024889549507 14
3 2.7338610596326234 10
4 2.803238861565449 9
5 0.9262335801572006 16
6 0.0 20
7 6.1119810596326385 1
8 3.5388810596326388 6
9 0.7216764198433097 18
10 2.8403407061441026 8
11 3.698824737486782 5
12 1.9197247374867816 13
13 2.110090785554787 12
14 0.9118199999998629 17
15 2.417117404488946 11
16 1.250457125153314 15
17 5.327386799526208 2
18 0.07639092360570032 19
19 3.03516648932848 7
20 4.686919630310374 4
1 3.468834074041271 5
2 0.0 20
3 1.6294186588674104 13
4 2.1453733384579206 7
5 1.6615999961817802 12
6 2.11484426610406 8
7 1.3307705257898603 15
8 3.710674304853546 4
9 1.3824196715773298 14
10 4.819696834770822 1
11 0.5157136770422281 18
12 0.2556466531654509 19
13 4.095339381040544 3
14 1.7148880208163542 11
15 1.9451103878124945 10
16 0.5521126238175327 17
17 2.4807119629721774 6
18 1.1438112784279877 16
19 2.035806326801419 9
20 4.257552448575831 2
1 1.1405000000028833 19
2 8.630370731814653 10
3 10.470424390236644 6
4 10.85042439003342 5
5 7.762990243928356 15
6 13.214724390297917 3
7 8.370139024395282 12
8 5.797039024392629 17
9 3.5882000000140764 18
10 10.329430243904707 8
11 0.0 20
12 9.035378048817343 9
13 7.9113999999496265 14
14 8.172940243898312 13
15 13.319224390297913 2
16 10.459874390286387 7
17 11.589780487779118 4
18 6.84322024390597 16
19 8.46663024390628 11
20 14.762524390236656 1
1 2.4442251350349795 5
2 0.21073380085470483 16
3 2.111762648251511 7
4 0.09569504629857617 17
5 1.9594476138481107 9
6 0.46229678760574755 15
7 2.7309359210230477 4
8 1.5923049535668055 12
9 0.0 20
10 2.0390847682208837 8
11 0.9755068881668743 14
12 0.007084768220063875 18
13 3.1221984400872853 2
14 1.4570576138481297 13
15 2.9770900928712836 3
16 1.8070626480862275 11
17 2.302535134834319 6
18 0.0021210117321646127 19
19 3.1559847682262196 1
20 1.8335847682211202 10
1 3.074928776632449 8
2 1.6453199999999968 17
3 3.0745719752208718 9
4 2.6511502661868436 12
5 2.0494502976618705 15
6 3.340433250518296 7
7 2.573100000000001 13
8 0.0 20
9 2.766032429688322 10
10 3.813919491165576 6
11 0.9175734776689193 19
12 4.073881370841928 5
13 4.331881104158205 3
14 1.8670423144489543 16
15 4.615104033581861 1
16 2.6787141823642595 11
17 2.3773121448349217 14
18 1.0562995982829548 18
19 4.260432429688336 4
20 4.335862337171809 2
1 3.7212995425843163 5
2 0.0 20
3 2.6903362405666718 11
4 2.946109165254757 10
5 0.054521004158322395 19
6 2.641790834745141 12
7 4.669579781302952 2
8 3.401699542584301 7
9 2.069163537655837 13
10 3.7939362405667616 4
11 3.131892843061724 9
12 0.5758794162943741 18
13 3.577051312182338 6
14 1.9948513121822997 15
15 3.182992843061728 8
16 2.0503082504234387 14
17 5.265992843061744 1
18 1.770392843061809 17
19 4.193236240567032 3
20 1.9858210041583044 16
1 3.830344210403754 4
2 2.112288368467176 14
3 2.6093822621694995 10
4 0.0 20
5 2.4080287714815856 12
6 4.414891391185021 2
7 3.23326307904237 7
8 2.112522554747649 13
9 2.546048084003705 11
10 3.73417566311456 5
11 0.48504578959592903 19
12 2.948316590903256 9
13 1.4740309196368544 15
14 1.1320877995405274 17
15 3.9899751771440934 3
16 1.4071915791923022 16
17 3.1539000000000916 8
18 0.5959664909427109 18
19 3.2740042104040628 6
20 5.390994413903023 1
1 4.755339999998805 2
2 0.0 20
3 2.087169522069478 10
4 3.025994227895519 7
5 0.995769522054617 15
6 2.713952757350776 9
7 3.801437463232655 5
8 1.74770874999956 13
9 1.7138912499938566 14
10 0.7904974632111739 16
11 0.34089746335438065 18
12 1.7797909926621813 12
13 3.7032695220581533 6
14 0.06676746320408533 19
15 2.803431874978614 8
16 1.8577662867290154 11
17 6.179894227948351 1
18 0.5345374632414133 17
19 4.198999999998475 3
20 3.9842174999939672 4
1 2.0316594057657134 10
2 0.4812116175717793 17
3 0.8948582085382888 13
4 2.4617584868120774 7
5 0.09999294878594434 18
6 1.2295984710420331 12
7 0.715290575059921 15
8 2.1663123164822564 8
9 2.765078683471745 5
10 2.683331064634366 6
11 0.004912316085524893 19
12 0.5948946254832987 16
13 2.0818399587238856 9
14 1.3330629099537041 11
15 2.769187683540258 4
16 0.8118594057696223 14
17 4.022420511677571 1
18 0.0 20
19 2.9929204167784107 2
20 2.800303121569115 3
1 3.473228111648243 14
2 0.0 20
3 4.405919032217959 5
4 4.49559140413581 4
5 3.3145190322179583 15
6 4.245051098512993 6
7 2.01717728016319 18
8 3.706944594005073 12
9 3.8813026561806887 10
10 5.1090049082453435 2
11 2.151303156190575 17
12 4.007070306639954 8
13 3.683749209144102 13
14 3.1527559974345403 16
15 3.986878804293467 9
16 4.961667400864001 3
17 4.032303820158047 7
18 0.6096894021467283 19
19 3.750378666046959 11
20 6.041597288780643 1
1 0.549290582418791 17
2 1.279422118225618 10
3 1.866624526060377 7
4 1.9821428867922897 6
5 0.4841685566040137 18
6 0.6685755892954591 15
7 1.2164514476132584 12
8 1.5074751130864814 9
9 1.8651023526873303 8
10 2.1289118643714158 5
11 0.3330383618005721 19
12 1.2580816686956535 11
13 0.9206857735848717 14
14 0.6030625871495419 16
15 3.0335512250121344 4
16 3.2101569060803303 2
17 1.0470055892957695 13
18 0.0 20
19 3.249987986836256 1
20 3.10066840715384 3
1 3.3779691001642758 7
2 0.9200083314547638 19
3 2.8212999999999986 10
4 3.6612259939470295 6
5 2.293950266579134 14
6 2.6979454899560054 11
7 2.580053558078793 13
8 3.671601141855346 5
9 2.604844564219662 12
10 3.354995783404566 8
11 0.0 20
12 1.0756018799316733 18
13 5.964747415399407 1
14 1.4653510755753318 17
15 4.504259579575892 3
16 2.1729935558486475 16
17 2.9856440042466987 9
18 2.2412193800913087 15
19 3.747587718913273 4
20 5.096421879747741 2
1 3.9320999999999855 10
2 3.5856973890081574 13
3 3.625150292711458 12
4 5.786627738338421 2
5 4.00658980490804 8
6 3.0413744220621832 15
7 4.005122032539489 9
8 3.5096314287445627 14
9 0.0 20
10 4.264365685640956 6
11 1.099769087124867 19
12 4.259056482324245 7
13 5.97295029271031 1
14 4.424344623777385 5
15 5.239635802365177 4
16 1.6541314287442712 18
17 3.790410000000084 11
18 2.1234293436827483 17
19 2.9402361518008813 16
20 5.587687881539753 3
1 4.656608457657859 5
2 1.6246978682522513 19
3 2.5555373917840187 16
4 6.621100397860896 3
5 3.534573234382336 11
6 3.030875900674924 12
7 0.0 20
8 4.098010198762196 8
9 4.056218770741006 9
10 3.6519999999999544 10
11 2.8249275613395604 14
12 2.7159343070996664 15
13 2.8535843756473787 13
14 2.2557084576578355 17
15 4.286382608216112 6
16 2.208870319964098 18
17 9.775000397860918 1
18 4.146744682036602 7
19 6.079082978590526 4
20 6.9412063854826656 2
1 2.5404393642596035 5
2 2.9837544226630452 3
3 0.0 20
4 1.0766460974632919 9
5 0.5066711486144578 14
6 0.85075750434119 10
7 0.1542212714807849 17
8 2.5354559899206466 6
9 0.234268689552666 15
10 2.8741677754758146 4
11 0.14913548574176394 18
12 1.8136544226630473 8
13 2.1630413409849023 7
14 0.7930655354683135 11
15 4.698965535468309 1
16 0.6198663172611758 13
17 0.7728200389665425 12
18 0.09202911282374959 19
19 0.1974675043411933 16
20 3.4554453145411266 2
1 1.7933649284221678 7
2 0.30107798097527794 17
3 1.8031302885441143 6
4 2.3875562324558817 4
5 1.6717648132285046 8
6 0.19719506959046895 18
7 1.946998405385663 5
8 1.344922307266118 9
9 0.31425751551203884 16
10 3.636355561430901 2
11 0.9404836181331593 11
12 0.0 20
13 0.3229554109020225 15
14 1.192284435145625 10
15 0.40077560535873236 14
16 0.015692415415418548 19
17 0.711788429082493 12
18 0.4011742059727822 13
19 2.9993755915220435 3
20 4.266191199995034 1
1 5.380999999999409 4
2 2.0784560385931705 17
3 3.508908624553429 14
4 3.2053259421204894 15
5 6.554775777192261 1
6 4.282338055079322 8
7 3.0062360385860964 16
8 6.18250033297139 3
9 3.522225942118864 13
10 4.165494250817578 10
11 4.805390651933347 5
12 1.8838259421124197 18
13 0.7275259421202107 19
14 4.274295845662223 9
15 6.357708624547524 2
16 4.312172291893095 7
17 3.8239800482315323 12
18 0.0 20
19 4.62420396140848 6
20 3.9599942508166537 11
1 3.794502384584134 4
2 1.1932533672788717 16
3 2.8802108737513206 8
4 4.501833792243799 3
5 2.2274309697185424 10
6 2.884539140672081 7
7 3.085671572487351 6
8 0.5066857096650399 19
9 2.112956055551904 12
10 4.7150188687804455 2
11 0.5571850557439326 18
12 2.343447846112185 9
13 0.0 20
14 3.5159323845841337 5
15 2.1928691417693216 11
16 1.2190236213197914 15
17 2.0532714193300787 13
18 1.1452337922438012 17
19 1.7696169230560903 14
20 4.971190777784075 1
1 3.5286731844449775 8
2 2.4417551642803716 11
3 2.4250556206888847 12
4 2.422786908838103 13
5 0.0 20
6 3.509042003691561 9
7 4.8769627259141215 2
8 4.0501254518259175 6
9 1.3415796175397061 17
10 4.126615958416288 4
11 1.9221185839836348 15
12 0.7287399357824182 19
13 2.7074999999747495 10
14 1.8160159584175193 16
15 4.0825094562699356 5
16 2.1946254518398103 14
17 4.768852468162657 3
18 0.7877857895545586 18
19 3.6211970053738645 7
20 7.514662725912073 1
1 3.379745477935265 7
2 1.5099389654690671 17
3 3.5873087407350432 6
4 3.1293088272195715 8
5 1.5852257703619375 16
6 2.643937169622838 11
7 2.305606942513643 14
8 2.6544911727804275 10
9 1.9332627345316238 15
10 4.4901823455608545 3
11 1.3273371696228327 18
12 2.4360091113331026 12
13 5.220004824690704 1
14 1.2513446440372467 19
15 3.9211810902079636 5
16 3.110781090207966 9
17 2.349240942513638 13
18 0.0 20
19 3.9685112801525655 4
20 4.4950032964015945 2
1 2.8541766218349838 9
2 0.12536839531382693 19
3 2.3855579791693113 11
4 2.019964071264207 14
5 2.6579519449119298 10
6 3.1211053907440975 8
7 2.2365404913146616 13
8 4.296393892560124 3
9 3.157983052888582 7
10 4.415430688839505 2
11 1.9155804913140642 15
12 1.6478143602941646 17
13 4.190450688839397 4
14 0.25404049131406303 18
15 4.143962972724358 5
16 1.845247206772246 16
17 2.280174491314064 12
18 0.0 20
19 3.4208999999997167 6
20 5.136203398508898 1
1 3.884273651171948 8
2 1.5185190597087421 18
3 1.3851809468874627 19
4 2.757154692591184 15
5 1.910080940153292 17
6 3.7745771982194865 10
7 4.829467819721714 3
8 4.30633519103734 5
9 3.074054692654155 14
10 3.249480939885326 13
11 2.144935191142469 16
12 4.86163345108819 2
13 3.732980947045434 11
14 4.016965573206741 7
15 4.125682614120922 6
16 3.3813309401536262 12
17 3.8518959555500834 9
18 0.0 20
19 4.522726355503313 4
20 7.098365573143621 1
1 4.030299999999983 8
2 1.354900000000065 17
3 3.252300000000039 10
4 6.788200000000022 1
5 3.016500000000089 12
6 1.9737700000000145 16
7 4.240566000000023 7
8 2.4272000000000244 15
9 2.9684000000000057 14
10 4.355899999999979 5
11 5.72144000000002 2
12 5.4667000000000145 4
13 5.600100000000002 3
14 0.4401699999999975 19
15 3.1550500000000246 11
16 2.997000000000006 13
17 4.284199999999984 6
18 0.0 20
19 1.3204800000000172 18
20 3.521570000000028 9
1 4.222511185841771 7
2 2.7343900554585425 18
3 2.8657602691067954 16
4 2.9334999999999742 15
5 1.2145571516495286 19
6 4.127643386564075 10
7 0.0 20
8 4.461233019311725 5
9 3.6074030831878225 12
10 4.195512731368312 8
11 2.8581548527816754 17
12 3.584073992111679 13
13 4.634222265162631 3
14 2.9732881325813216 14
15 4.633067379548791 4
16 4.412493179105827 6
17 4.176928604852042 9
18 4.006125463938325 11
19 5.123259220597474 2
20 9.324493179105822 1
