1 10.662962000000288 1
2 7.380299999999108 5
3 5.563360000002117 9
4 6.862590000002136 6
5 2.259089999990647 17
6 9.832896666666748 3
7 6.688289999999272 7
8 0.5608399999994083 19
9 10.332996666665597 2
10 8.066711333334005 4
11 6.013296666666744 8
12 4.059768666666867 13
13 2.5244600000016235 16
14 0.0 20
15 3.1427700000022387 14
16 2.572329999999509 15
17 5.210589999999499 10
18 4.639947333332643 11
19 4.4218900000000065 12
20 1.5121500000021508 18
1 5.042651814028182 3
2 5.472278647114509 1
3 4.2646664166286845 6
4 4.268941028535241 5
5 1.6144350897339312 14
6 2.293946125646436 10
7 2.6070773981033217 8
8 4.597101028535269 4
9 5.1404403523503115 2
10 1.4218185457015649 15
11 1.7767388911884012 12
12 0.202799172364569 19
13 2.1343874300263694 11
14 0.3152845861823437 18
15 2.963314853189612 7
16 1.7112058570850637 13
17 1.129377398103126 16
18 0.0 20
19 0.6825020570703708 17
20 2.496647430026443 9
1 7.746116353520334 5
2 9.82503921249727 2
3 10.728479469291898 1
4 7.006960787503413 8
5 5.9828809886581045 10
6 8.605779469290582 4
7 7.657978424993627 6
8 4.829629706826742 14
9 8.78723227049056 3
10 7.536145349883738 7
11 4.467532270489985 15
12 2.287700000000094 19
13 5.7273306120265435 11
14 5.398760612026615 13
15 0.0 20
16 2.864999430772971 18
17 6.3573392124977675 9
18 4.0751030686920355 17
19 4.151599999999677 16
20 5.706320436549575 12
1 4.703288444489597 3
2 6.906585579836474 1
3 6.387578147700541 2
4 3.5152131799506794 7
5 1.6480146576082761 12
6 0.7609646011659648 17
7 3.567913803852993 6
8 4.276952244576939 5
9 4.495871803145516 4
10 3.0971536374114437 8
11 1.60914076986167 13
12 0.0 20
13 0.5608558530540586 18
14 1.341990027378679 14
15 0.940324601165982 16
16 2.398327509055367 9
17 2.192682954320582 10
18 0.42645224457694386 19
19 1.1990446533854207 15
20 1.967684544723571 11
1 2.653895320996079 9
2 5.509527922253646 1
3 4.605911502437062 2
4 3.8623614504121218 5
5 4.098660482579786 4
6 2.86869976502439 7
7 4.4647078827537 3
8 1.9899347488961476 11
9 3.4457083593341356 6
10 1.3822052964076654 15
11 1.2220968577855909 18
12 1.8204912201621521 12
13 1.8142472014514834 13
14 1.5401557865154476 14
15 0.8626808257044691 19
16 1.2441953239503583 17
17 1.3427880796626868 16
18 2.5129130645777678 10
19 0.0 20
20 2.761696310691554 8
1 4.449478700437346 4
2 7.183555628249079 1
3 3.502156060748353 7
4 4.922189147156045 3
5 3.001855628255965 10
6 2.281308946556738 13
7 5.749889595705753 2
8 3.6775218323442216 6
9 3.029086013385186 9
10 4.148755628256183 5
11 1.4445160133824733 17
12 2.66431601338583 11
13 0.0 20
14 1.8704023635188156 15
15 2.1030787004418094 14
16 1.1196668722120864 18
17 2.473655628254826 12
18 0.7696088930082641 19
19 1.8296775186881284 16
20 3.2228550373792344 8
1 7.023599999407491 10
2 7.401816972134149 9
3 10.770916977663173 1
4 9.665916968442955 2
5 6.478337386352236 12
6 8.714191929215618 5
7 8.856574950477505 4
8 7.678276096298619 7
9 9.088097439152454 3
10 7.575957461027696 8
11 5.692046448911944 15
12 4.5054760973239905 18
13 5.937371745008549 14
14 6.129892436313472 13
15 6.9240317542214775 11
16 5.063576092994487 17
17 3.934116969721627 19
18 0.0 20
19 5.2544099270301 16
20 7.721496530752348 6
1 4.717056866359034 5
2 5.306723174519027 3
3 5.195497269219631 4
4 3.71023102024529 7
5 2.9429986497756886 10
6 4.612109124640344 6
7 6.340496201929055 1
8 3.486276840111726 8
9 5.994524219768108 2
10 2.7831657106671353 12
11 1.3050388996082012 18
12 3.269609131014519 9
13 1.6717318566986679 16
14 2.126595417655338 15
15 2.618518150987378 14
16 2.757940045659602 13
17 0.0 20
18 1.2904744261054764 19
19 1.3395522975983907 17
20 2.8827095819566853 11
1 5.145539104461796 12
2 7.10586805776982 4
3 3.3313499999999596 18
4 5.263650001090394 10
5 9.512356865680609 1
6 7.752956865757255 3
7 0.0 20
8 8.307256865168288 2
9 5.816159104075533 8
10 5.23837820874381 11
11 0.8965499995279904 19
12 6.891966865604072 6
13 5.267756865718158 9
14 3.620445670772165 15
15 3.512068059982172 17
16 6.4106568649681 7
17 4.251197314232999 13
18 3.556112835665755 16
19 3.646056867300948 14
20 7.073506865555379 5
1 3.611580750886106 8
2 5.034332449632 3
3 10.75328315094652 1
4 4.527746026963558 4
5 2.173846835538924 14
6 3.6945936592592643 7
7 4.064359490623269 5
8 3.569424148317911 9
9 6.320809938973321 2
10 2.398083147885879 12
11 1.920857798659665 15
12 1.4586188363142036 17
13 1.3176479826861294 18
14 0.03489367194357884 19
15 2.6874934847944925 11
16 2.20188075348857 13
17 3.916483150603577 6
18 0.0 20
19 1.5336831470242538 16
20 2.8392099447005767 10
1 4.049120917777401 8
2 7.372261432771696 1
3 5.6521027160883905 3
4 5.340657314044474 5
5 2.616781582226663 13
6 5.459950447667602 4
7 7.096998969894141 2
8 4.160115411827491 6
9 4.071530723437774 7
10 2.8058307234376336 12
11 3.5318853013677045 9
12 3.524862221611144 10
13 1.5550825279606648 17
14 0.0 20
15 2.1926653944197074 15
16 1.5454154118275742 18
17 1.8794307234377512 16
18 0.6666685672283146 19
19 2.465708381124328 14
20 2.8118723747859553 11
1 4.2748546666589675 6
2 6.817766666668354 1
3 5.2275386666591315 3
4 4.122538666659249 7
5 2.9249211999836655 13
6 3.4177726666602686 8
7 4.642842799983667 4
8 2.1102999999950725 18
9 5.707128399994298 2
10 3.29938333333377 9
11 2.282049999962056 17
12 4.374750666660224 5
13 3.242266666655187 11
14 1.0309999999798691 19
15 2.6099499999938005 15
16 3.2553683333241863 10
17 3.0911500000248577 12
18 0.0 20
19 2.450435599994298 16
20 2.6719386666587903 14
1 6.201221088779934 1
2 4.615605696777282 2
3 2.4347999730125283 13
4 3.911393302419339 5
5 3.5753479270403865 10
6 3.680531667253846 8
7 4.560112113475974 3
8 3.898608894806484 6
9 3.668669326016406 9
10 3.849378346649311 7
11 0.0 20
12 2.3824633026723 14
13 2.0960133190003054 17
14 2.5470933224416528 12
15 2.0998422467648585 16
16 1.2839089159739718 18
17 2.3801883674041604 15
18 0.6945746800906032 19
19 2.7790683841941517 11
20 4.164646711544876 4
1 7.025740942896489 6
2 7.778414515272748 4
3 6.396500000000001 8
4 11.492476241700068 1
5 3.7494400000000003 14
6 6.047272642762771 10
7 7.8015044754319165 3
8 8.09025330677383 2
9 6.123682709163027 9
10 6.448130371845668 7
11 7.1253762416989055 5
12 2.4741454183265796 19
13 2.98705458167322 17
14 3.213730836653901 15
15 5.40047444886911 11
16 0.0 20
17 5.372712642762237 12
18 2.7250198007969617 18
19 4.058809229747471 13
20 3.0025000000002566 16
1 3.661356295450993 6
2 4.232338963639936 4
3 6.607884987933406 1
4 4.99251236837477 3
5 0.7924177971329132 16
6 2.6114307628792135 10
7 5.364207294547612 2
8 3.2471205673774906 8
9 1.9061061256309721 12
10 0.6404061256309732 17
11 3.569798155175043 7
12 0.0 20
13 1.6024536648795915 13
14 1.1004289369193656 15
15 2.777004231769744 9
16 1.5524793524756086 14
17 0.11469168388445494 19
18 0.1347589260223927 18
19 1.945979208474975 11
20 3.751227101875112 5
1 3.595947790806692 7
2 6.359323461160017 2
3 6.008108859647281 3
4 3.547485167657877 8
5 2.2275506927019286 12
6 3.7117512233968046 6
7 4.214668709827935 5
8 6.727187033193657 1
9 5.207531830883996 4
10 2.8832617493444377 11
11 0.0446453088299954 19
12 1.2644453089386216 17
13 3.3842129553121167 9
14 0.0 20
15 3.307554246704355 10
16 0.5230011757914408 18
17 1.4018870634022387 16
18 2.012523460135629 13
19 1.9399542471952316 14
20 1.4459853107677803 15
1 2.8044433234612876 10
2 3.0381867436281653 9
3 4.497600008385873 3
4 6.164290318908736 1
5 3.7777263279278133 5
6 2.413246856342478 11
7 4.706849509542652 2
8 3.3765756036542873 6
9 1.4629417031176133 18
10 0.0 20
11 2.2918233234828422 13
12 1.1227573144749095 19
13 2.354844304702344 12
14 2.107440796454506 15
15 3.9162585633655773 4
16 2.185476109191667 14
17 1.7770337145960813 16
18 3.239157315430888 7
19 1.602286742473941 17
20 3.2169734849924225 8
1 4.33156410640774 4
2 6.157716596365445 1
3 5.395205019281102 3
4 4.290205019267445 5
5 3.1883841064223226 12
6 3.4985129041266316 11
7 3.7269841064260216 8
8 3.778208298187712 7
9 5.572286596394622 2
10 3.6864248523145737 9
11 1.2525658060376215 18
12 2.117984106321261 16
13 3.6251865963902605 10
14 2.811973609197385 15
15 2.839397835813598 14
16 0.4966508193227894 19
17 1.3273530391978898 17
18 0.0 20
19 3.981884106422852 6
20 2.857091701676418 13
1 2.487950211477254 11
2 6.696020370088321 1
3 1.3814002492422377 13
4 0.2764002492424922 18
5 3.2858406495302566 5
6 3.0489371827765637 7
7 2.5439900528644723 10
8 3.5282303700957907 3
9 2.661492473559822 9
10 3.6727003700867913 2
11 1.0498337160100337 16
12 1.1423002492377232 15
13 0.07620024924346991 19
14 0.0 20
15 3.1022203700887134 6
16 1.7066371827809466 12
17 1.3427974735598223 14
18 0.43799994713976975 17
19 2.665736661634181 8
20 3.3105790860997955 4
1 2.4849317445462042 8
2 4.562488282072635 1
3 3.9237396971474396 2
4 3.198814587059643 5
5 0.6309976550868501 17
6 3.3945652204698673 4
7 2.808221593526805 7
8 2.830393251291268 6
9 2.4705193714159734 9
10 0.5470857208468229 18
11 0.0 20
12 1.2390842826089954 13
13 0.8963676550868496 16
14 1.3472405024900092 12
15 1.3861412547319172 11
16 1.0848392965607652 14
17 2.3653700802549604 10
18 0.13649988900012988 19
19 0.9316826621314793 15
20 3.435008403327837 3
1 2.429259275405762 15
2 5.704935796951993 4
3 8.485916666777634 1
4 5.604066664386844 5
5 4.537916666769419 8
6 6.83189753692171 2
7 6.355328405696255 3
8 4.130159275847388 10
9 2.5430444927487956 14
10 4.627935797271725 7
11 0.6856357986265378 18
12 1.3541049270934589 17
13 3.791206666645125 12
14 2.2224357968831434 16
15 4.777866666808151 6
16 2.7646000007125004 13
17 0.5055297104028629 19
18 3.8756333338415514 11
19 0.0 20
20 4.153466667339144 9
1 3.38890097704566 10
2 6.233040146846014 1
3 5.8327249836372905 2
4 4.387636155744474 7
5 2.982918650976622 11
6 4.145218971618942 8
7 5.187979559232478 3
8 4.777282246760782 5
9 4.60582093192912 6
10 2.4537437381207674 14
11 0.9702649469326197 19
12 1.8587858967558528 16
13 4.0186191242448945 9
14 5.067634983637294 4
15 2.5244490383785254 13
16 1.5944957007389018 17
17 2.966065928241689 12
18 0.0 20
19 1.0945000000000036 18
20 2.178115897668266 15
1 1.9113028167374977 12
2 5.879839156196198 2
3 4.2239367798871985 6
4 4.578945007979764 5
5 2.309878501652656 11
6 4.864530087129643 4
7 3.126605254971265 9
8 3.3757482252627526 8
9 5.3646300871296395 3
10 2.321082123067317 10
11 0.6548216759283219 19
12 1.854069813905979 14
13 1.7530333813352503 16
14 1.4353673521009358 17
15 1.9031024387583773 13
16 1.4272301060433694 18
17 3.381983201588432 7
18 0.0 20
19 1.7623864574107906 15
20 7.045683201588436 1
1 2.2784641279986095 12
2 4.65225886311628 3
3 4.954820094818932 2
4 4.367100000000001 4
5 3.1590994913127157 9
6 3.2722944401733884 8
7 8.262153393340228 1
8 3.979364127998611 5
9 3.5996073133003224 7
10 2.3890733807318303 11
11 0.0 20
12 2.1956723085063516 13
13 2.0699803533202727 14
14 1.9257071306029303 15
15 2.775376674119079 10
16 3.6303533933402243 6
17 0.38252982797293766 18
18 0.12886412799861002 19
19 1.5353535982339483 17
20 1.5603333258809249 16
1 4.209978935246779 9
2 8.250570962300115 1
3 6.689421053279467 2
4 4.830978064752594 7
5 3.197672611482236 15
6 6.458220871299863 3
7 6.413360435657753 4
8 4.9956006942658435 5
9 4.78808350000349 8
10 3.9273950934413318 11
11 3.2041606836133023 14
12 3.57186063401781 12
13 1.6536605844293835 18
14 4.021003500002158 10
15 3.263019586068054 13
16 2.7646000000180195 16
17 0.958550584428441 19
18 2.1616605348356117 17
19 0.0 20
20 4.946460534838815 6
1 2.059159546007696 9
2 4.327126240593922 5
3 7.767350314468569 1
4 4.664806073841685 3
5 1.4905053788865135 15
6 4.339339992442838 4
7 4.315607825431099 6
8 5.03034215254532 2
9 1.065107825431097 16
10 2.9807169407272918 7
11 1.662771816345633 12
12 1.5174590995725536 14
13 0.9439414070422552 17
14 0.3991046178622799 19
15 1.7640415280582498 11
16 0.0 20
17 2.5248940102355664 8
18 0.7744646211134869 18
19 1.811412488745005 10
20 1.6519820982682323 13
1 3.436851866666765 12
2 4.514876400000053 6
3 5.694267066666734 2
4 2.795179733333393 13
5 3.761133333333336 10
6 4.082382266666627 8
7 5.540476400000041 3
8 3.488019466666757 11
9 2.2899764000000524 14
10 5.73787640000005 1
11 2.0458202666669085 16
12 0.5772764000000499 18
13 4.30518306666669 7
14 1.6909764000000531 17
15 4.722074266666757 4
16 2.086105466666618 15
17 4.062776400000053 9
18 0.0 20
19 0.11687973333338686 19
20 4.6674430666667295 5
1 4.122336330690158 10
2 8.391981820431667 1
3 6.780585308900024 4
4 6.822816408333203 3
5 2.9999233564709353 15
6 4.275598109923062 9
7 6.96711640833251 2
8 1.7948233564711225 19
9 6.2289485172296 5
10 5.616369900297947 6
11 2.383944958763567 18
12 4.871894761523943 7
13 3.724465390870656 12
14 2.6674896503654115 17
15 3.001707702616356 14
16 2.764600000000094 16
17 4.040104352180641 11
18 3.3261196503655346 13
19 0.0 20
20 4.560944775331729 8
1 7.0235999999991385 1
2 4.893749999999423 3
3 6.662125694712669 2
4 2.430499999999133 10
5 2.1313484473766913 13
6 4.0767016594543675 4
7 3.3152338508736188 6
8 3.864101442197502 5
9 3.1819282648487803 7
10 3.180720367031444 8
11 1.527506172460876 15
12 3.057654871532009 9
13 1.1879347873648889 16
14 0.8959604799128549 18
15 2.1745947873649767 12
16 1.0569761724611406 17
17 1.55014176492893 14
18 0.0 20
19 0.7785576576359339 19
20 2.3366021300538438 11
1 3.261890402230388 7
2 5.024995858426193 2
3 5.110434298167188 1
4 3.4550688849612423 6
5 1.8078646291715499 12
6 4.801920304466992 3
7 3.8021579128426852 5
8 2.192996757066391 10
9 3.932510402230389 4
10 2.4410320331741366 9
11 1.2756492933929122 17
12 1.0480056663563537 18
13 0.36110876183908225 19
14 1.7530310063396872 13
15 1.6188238027813653 14
16 1.284350738412475 16
17 0.0 20
18 1.5742603039689023 15
19 2.582863945800166 8
20 2.0635102067589663 11
1 4.316196149253457 7
2 7.7115381803776915 1
3 3.6145085357863915 10
4 4.342281967792235 6
5 4.7287161486972025 4
6 3.4269026324045173 12
7 4.486581967789104 5
8 5.188418297814255 3
9 3.785222932544854 9
10 2.828180211502852 15
11 2.3902454691542823 16
12 4.186415225814905 8
13 3.018764263932068 14
14 2.179796149257606 18
15 3.045065264821409 13
16 2.189770533951021 17
17 3.471884698870643 11
18 1.4089170715879886 19
19 0.0 20
20 6.139728297837722 2
1 7.552680065396042 3
2 7.38030000088304 4
3 7.027368571430564 7
4 6.369008441860597 10
5 5.458008441847511 13
6 5.050797580678078 14
7 6.513308440263764 9
8 7.202982402899529 5
9 6.8073879063392955 8
10 6.238091555738544 11
11 6.176637745015486 12
12 1.4464879058241742 19
13 8.064391558478821 2
14 0.0 20
15 9.661737743432267 1
16 4.102387905681904 16
17 4.376237582184709 15
18 3.562887905959237 18
19 4.021668570944702 17
20 7.193812743340368 6
1 5.71478201680759 3
2 7.112728095239209 2
3 3.9400888515403394 9
4 4.471272240896848 6
5 3.21773196078256 13
6 1.3425000000000429 19
7 7.427335406162465 1
8 4.753412016806804 5
9 3.858912184873837 10
10 4.897882016806533 4
11 4.264830028011191 7
12 0.0 20
13 2.8586720728293264 14
14 2.614882128851716 15
15 3.845332072828775 11
16 1.5755111484598432 18
17 4.056598739495799 8
18 1.8543300280115207 17
19 2.014777703082548 16
20 3.497622296917165 12
1 6.022924580267961 2
2 6.5338477471654475 1
3 4.247947747165445 4
4 3.731103903702456 7
5 2.73708243925619 11
6 2.3314765788252547 13
7 4.016603136524292 5
8 3.3557707706376334 9
9 4.602028270710255 3
10 3.85880313652436 6
11 2.0149954847444658 15
12 1.4216102846500958 17
13 0.0 20
14 0.761363157650703 19
15 2.4396000095864077 12
16 1.4174387841816831 18
17 3.659425778666508 8
18 2.3026202145282952 14
19 1.9942245802682201 16
20 3.0190629234659903 10
1 4.685804535005429 3
2 4.229776852573462 4
3 5.946625363766539 2
4 4.017699493855005 5
5 0.9912700000003343 14
6 6.26970044688921 1
7 3.759744721276817 6
8 1.7779768525738822 11
9 0.6836858364427667 16
10 1.8637922487106118 10
11 0.0 20
12 0.2921768525735411 17
13 0.9823209472735293 15
14 1.6841231474277625 12
15 2.6608843487325746 8
16 0.06293593547732446 19
17 1.9515170473500527 9
18 0.0730004468901444 18
19 1.2588148471961866 13
20 2.7124499703721683 7
1 10.010567326737254 2
2 6.913016333020109 8
3 6.836800002486459 9
4 8.233134649965443 6
5 5.217972926313806 15
6 9.418563694444401 3
7 10.410792735143229 1
8 6.380062357648674 11
9 8.440833694627035 5
10 5.594560891209474 14
11 4.454762353023776 17
12 8.076063694647925 7
13 4.084471804996568 18
14 6.071710000022097 13
15 6.628734650522249 10
16 6.361066333005725 12
17 0.0 20
18 4.022399991504347 19
19 4.730160897767498 16
20 8.739113695435309 4
1 4.0287000000575315 4
2 4.8925616692710685 2
3 5.264000472522456 1
4 2.4656462045418754 13
5 1.3160004725667136 16
6 3.5600627126138553 6
7 3.5722414606713926 5
8 3.3553585396525003 9
9 1.61365853940472 15
10 2.495277035528198 12
11 3.5160800000475767 7
12 2.7644170356834765 11
13 3.146717787526218 10
14 0.8465785394476002 17
15 2.0813467586724173 14
16 0.1716964816542652 19
17 0.8169116201848614 18
18 4.506817787557876 3
19 0.0 20
20 3.508977787557837 8
1 3.523939805380058 9
2 5.219541393126848 2
3 6.83680000000001 1
4 3.962097423994824 4
5 1.8669686465205548 13
6 3.8654662861682834 6
7 4.117630426116522 3
8 3.957260659737382 5
9 3.5969407629475993 7
10 3.246180075877456 10
11 0.8545352598556732 18
12 1.2015807397870084 16
13 2.146223601192122 12
14 1.8518165790879466 14
15 3.5592165790879595 8
16 0.9212557390705634 17
17 0.0 20
18 0.1022038106334815 19
19 1.692981838534796 15
20 2.508483601192127 11
1 2.338611932416615 14
2 6.76881991515506 1
3 5.236419915155063 3
4 3.290186297542423 6
5 4.332940275746047 4
6 2.6334802757460434 11
7 2.985072884727898 8
8 3.127840275746048 7
9 5.483280084844933 2
10 3.6289004242247156 5
11 2.2769398303101043 15
12 1.1568995713867758 19
13 2.525670980105327 12
14 1.85488643651257 18
15 2.066199999999995 17
16 0.0 20
17 2.9849588970157943 9
18 2.4220199151550568 13
19 2.7645004242246842 10
20 2.113185275746044 16
1 0.1807265001406706 19
2 5.854352999734731 4
3 3.5684530001198382 13
4 7.799067000330032 1
5 5.111867000302258 7
6 6.25691462493375 3
7 4.842873500404821 10
8 6.763599625083639 2
9 5.021899624826893 9
10 3.215241251270907 14
11 4.120596998112026 12
12 5.47829700003065 6
13 0.0 20
14 4.254819625090045 11
15 2.662024166221366 15
16 2.110545832888006 17
17 5.045135000279933 8
18 1.5303762512468406 18
19 2.350841249804364 16
20 5.659837000420176 5
1 2.707448207951926 8
2 3.106122052385198 6
3 7.0493284769669025 1
4 3.616446218756514 4
5 1.436163434860755 12
6 3.9043888864172844 3
7 3.5874468442988867 5
8 4.408348207951823 2
9 3.0649672604716636 7
10 0.792085174474769 13
11 0.0 20
12 0.13918184558223112 19
13 2.159959304667751 9
14 0.2350895648826321 18
15 2.0120462187565136 10
16 0.5258675650536992 17
17 0.6081699624772561 15
18 0.5578482079519256 16
19 0.6444462187565108 14
20 1.5068716362125427 11
1 4.616019450172664 6
2 7.780614501717352 1
3 6.684111752577502 3
4 4.03960000000004 9
5 3.0495395532640566 13
6 4.7160999999998365 5
7 4.256101443298372 7
8 7.133831890034307 2
9 5.262009553264056 4
10 2.405500000000069 14
11 1.8717499999999998 18
12 1.8704333333332952 19
13 3.3149095532676407 12
14 0.0 20
15 2.1778982130593 17
16 2.3154150515462195 15
17 4.253713951890088 8
18 3.8697117525763782 10
19 2.231166666667042 16
20 3.592262405496911 11
1 3.356293363863182 7
2 4.649069570577889 2
3 6.13094990291543 1
4 3.6658595967179464 6
5 2.4624191519457894 10
6 4.395582709130226 3
7 4.30450292892557 4
8 4.097168216514617 5
9 2.9978317706535034 8
10 1.9636061879398485 15
11 2.0227593562181614 14
12 1.5245912148721836 18
13 2.8576381076666246 9
14 2.1425181739361996 12
15 2.061459585115107 13
16 1.7982147239391901 16
17 2.4357637021812004 11
18 0.0 20
19 0.6268134698952856 19
20 1.7410315781117998 17
1 3.2277999999998968 19
2 12.013864545454332 1
3 11.21039272727344 3
4 8.797452727272901 6
5 7.935233636363954 9
6 7.977276363640318 7
7 7.945564545453421 8
8 9.562064545455025 4
9 11.428434545454579 2
10 7.444829090911103 11
11 6.994564545454594 13
12 6.38926454545285 14
13 4.665900000000262 16
14 4.337329999999042 17
15 7.515492727270178 10
16 8.863092727272548 5
17 0.0 20
18 4.293960909091023 18
19 4.701564545454528 15
20 7.188293636362012 12
1 6.776855116181139 3
2 6.295755116574554 4
3 8.523455116322108 1
4 5.062857209987643 9
5 4.223955116574551 13
6 6.855150929992782 2
7 5.221366976864353 7
8 5.216675814280151 8
9 3.4816000001361482 15
10 5.2279530238166725 6
11 4.66848395355908 10
12 5.888283953500329 5
13 2.263316511349866 16
14 1.9347465117039908 19
15 4.43045511666345 11
16 2.0389999995332118 17
17 3.549055116322103 14
18 1.9489551148129594 18
19 4.363553023177664 12
20 0.0 20
1 3.64249397155731 7
2 6.9295348146891005 1
3 3.867705138205207 5
4 3.8576738912465043 6
5 1.677300957335955 17
6 5.136107688091453 2
7 3.145648246263052 9
8 4.291425125394304 4
9 4.527130495799451 3
10 3.521789067884395 8
11 2.10194148493642 15
12 2.399467103044798 12
13 2.0330483115708105 16
14 2.133283858004218 14
15 2.2139172202089754 13
16 0.9287646944628984 19
17 1.397527518580172 18
18 2.741864694462922 10
19 0.0 20
20 2.672297133594684 11
1 7.084699673661911 3
2 5.2797649999999985 7
3 9.769571808817858 1
4 5.8969065662302445 5
5 2.382980834616859 15
6 7.686926843473238 2
7 6.558371670196371 4
8 5.576571670196371 6
9 5.239853060261837 8
10 5.231916774162478 9
11 0.5503826867539425 19
12 1.342164999999996 18
13 2.6636768203696546 14
14 2.8422008346168726 13
15 4.476971670196388 11
16 0.0 20
17 1.5221473132460468 17
18 2.3175191172506637 16
19 3.055999673661911 12
20 4.816076939738158 10
1 5.032684067366211 6
2 5.269331585812004 5
3 5.8862339087771485 2
4 5.437435577081597 4
5 2.3837929341117015 14
6 6.1139355770815795 1
7 3.962222624811426 7
8 3.6157601724681685 8
9 5.579640963371325 3
10 3.5748170683111513 9
11 1.9426803775177082 17
12 1.331731585811295 19
13 3.1408519487415103 10
14 2.3432053309584555 15
15 2.4961905638556816 13
16 2.7200479048802175 12
17 2.2355782200513294 16
18 0.0 20
19 1.5476290586280717 18
20 2.8197390761035064 11
1 4.234469281102283 6
2 8.289269280476613 1
3 5.739475898613438 2
4 4.18611820065092 7
5 2.4790786330943018 11
6 5.725802733826722 3
7 4.69790273371009 4
8 2.6873100000635493 10
9 2.9940272663275835 9
10 2.4054999999917115 13
11 2.089702733802492 16
12 2.2060970506541926 14
13 4.434275899387286 5
14 0.0 20
15 2.1619513669179784 15
16 2.436743741051713 12
17 1.2651754675125415 17
18 0.20407863304362106 18
19 0.19509683471075245 19
20 3.616154101038457 8
1 3.092284774984153 16
2 8.11796725943302 1
3 6.4809630033014685 2
4 5.251418258739575 6
5 3.044462905322222 17
6 4.66636290533696 8
7 5.235563035864427 7
8 5.468822807279998 5
9 5.613314710949426 3
10 5.601570337981892 4
11 3.6227679368992423 13
12 4.180367258178527 10
13 3.5939695498444113 14
14 2.9347152254405424 19
15 4.369222807563545 9
16 3.6302626067069164 12
17 3.99076632388744 11
18 3.566463067252125 15
19 0.0 20
20 2.9961703376407245 18
1 5.5100697891590595 3
2 9.564869789163591 1
3 5.844303443763732 2
4 4.832099789178756 8
5 2.5170990863822267 15
6 4.924998202836783 7
7 5.403697379546435 4
8 4.964879929726134 6
9 3.182700000044231 11
10 3.0179553213112307 13
11 3.0076443474226378 14
12 4.7409262650667685 9
13 0.46269978915977283 19
14 4.144197720889402 10
15 2.4532262650634307 16
16 2.2784965560971884 17
17 3.180099789159774 12
18 0.8557621385549501 18
19 0.0 20
20 5.324869789162656 5
1 4.970264651164239 2
2 7.537592997415733 1
3 4.739889328166499 4
4 4.774618759690098 3
5 1.8020195607237577 16
6 4.224922739018862 5
7 3.998025917310298 6
8 3.1130604651170453 8
9 3.871908165374359 7
10 2.606208165375099 11
11 2.571356485789107 12
12 0.448198992248126 19
13 1.7111799741604834 17
14 1.30909183462838 18
15 2.697839974160886 10
16 2.1800471834630475 15
17 2.4464208527128046 14
18 3.0712799741605474 9
19 0.0 20
20 2.4823430749344992 13
1 3.95541267018159 5
2 4.922939582991486 2
3 5.539903241626035 1
4 2.876048821128337 9
5 1.2598534059487625 19
6 4.636658648764444 3
7 3.2635767004517264 7
8 3.5280497312243133 6
9 4.191930883893395 4
10 2.763639306972084 11
11 2.4447657110909695 12
12 2.4300776165822975 13
13 2.8464440075619986 10
14 2.2461020445212383 15
15 1.4998034060366168 16
16 2.3817303317350955 14
17 1.4526769580598735 17
18 0.0 20
19 1.3720615222265184 18
20 3.233705775870658 8
1 3.6476641228107627 6
2 5.575266588743279 2
3 6.977052801804152 1
4 3.7735964400067643 5
5 1.5886670710457889 15
6 3.338795339816602 7
7 3.917896440006764 3
8 2.9283661064407602 8
9 3.8157307015071558 4
10 2.673238883125894 10
11 1.687390800726166 13
12 0.4377312732237635 19
13 1.6049016411789763 14
14 1.410765242273601 16
15 1.3510976806701227 17
16 1.2964374811124115 18
17 2.8498385749159585 9
18 0.0 20
19 2.3016312732237627 12
20 2.389024490679898 11
1 5.399742437543741 4
2 5.6228385914005035 2
3 5.424205217084949 3
4 3.8229469135492122 6
5 2.2648625288986812 11
6 1.9886519821503101 13
7 2.778236095742681 10
8 4.397187784452765 5
9 3.3937840214119284 7
10 1.3929305377679033 15
11 3.317533671116541 8
12 0.0 20
13 6.837842385003704 1
14 1.1139357361514932 18
15 1.2629800070259332 17
16 1.5146523943283092 14
17 2.0489671451560993 12
18 0.9070336606855312 19
19 1.315541297060805 16
20 2.879544183269739 9
1 2.7133356351598326 8
2 6.468423590164476 1
3 4.200438562431896 3
4 4.114928246189827 5
5 0.9293736328902393 17
6 4.123859394428376 4
7 2.018292503272104 10
8 4.32923108589279 2
9 3.8591353532103136 6
10 1.1619387297849333 16
11 1.5987569101986585 12
12 0.8154260474711537 18
13 1.3681905767250684 15
14 2.450662484102935 9
15 0.0 20
16 1.3833994510183891 14
17 1.6670353441360621 11
18 1.4373207224511153 13
19 0.6054751804085081 19
20 3.165932373396205 7
1 0.8814699999988127 16
2 4.423011179783907 6
3 8.423041629056359 1
4 3.943366910080523 7
5 3.0088983708619748 9
6 3.355411179740014 8
7 4.501819999998812 5
8 1.9110999999999994 12
9 5.544070000025048 2
10 2.055570000005734 11
11 1.2243699999919293 14
12 0.4854111797747791 18
13 0.3285700000057332 19
14 0.0 20
15 1.7142492134168554 13
16 0.8625480899037041 17
17 2.680851179941944 10
18 1.123382640441552 15
19 5.417341629241513 3
20 5.079546966286901 4
1 5.2107021045870905 7
2 7.452503157858997 3
3 9.069768946646445 1
4 2.1373999992861763 15
5 5.253513683720275 6
6 4.471126315718019 9
7 7.212068946780207 4
8 4.427698944985094 10
9 2.0019899994435204 17
10 4.572168947218356 8
11 2.513806315084465 14
12 3.666413683129564 12
13 7.7645689468140535 2
14 4.050606315897104 11
15 2.6187084204582303 13
16 0.0 20
17 2.0120689467802175 16
18 0.00010105194553133856 19
19 1.2511084204755312 18
20 5.675768946833151 5
1 6.86245400318883 2
2 4.023461999007665 6
3 8.438799999963088 1
4 6.184483999255427 3
5 0.4518699999476783 16
6 3.9274500002403894 7
7 2.899549999025308 8
8 1.5292619998947143 13
9 5.770261993247601 4
10 2.7417500030689372 9
11 1.4505620014046938 14
12 1.2480779994066986 15
13 0.24156600019657892 19
14 0.2677499998696313 18
15 0.429662000232649 17
16 0.0 20
17 1.6019999999471928 11
18 1.6016659988473314 12
19 2.587562003124095 10
20 4.091861999273618 5
1 3.3273068627457887 7
2 7.42261039215443 1
3 6.703655098055118 2
4 2.144471960784083 13
5 0.0 20
6 3.316671960784088 8
7 2.288771960800649 11
8 5.028206862756237 4
9 5.053004117656686 3
10 2.86471999994657 10
11 1.8449139215372328 15
12 1.8045598039055324 16
13 3.622905098055116 6
14 0.4592200000150779 18
15 1.0858519607625086 17
16 3.6976901960745514 5
17 2.151480000005675 12
18 3.0758103921600877 9
19 0.42440333331123403 19
20 1.98609980402558 14
1 6.37251773430615 5
2 8.225192605138627 1
3 6.551827237409925 3
4 5.720864218702589 8
5 6.5304 4
6 5.848139023313969 7
7 7.70684344648158 2
8 5.325300000000009 11
9 5.3907429171281205 10
10 5.190392605138612 12
11 4.544259613239492 14
12 4.204709341616541 17
13 4.621130606817456 13
14 4.2582261137078525 16
15 6.006310464642346 6
16 4.317441763795576 15
17 0.0 20
18 1.640711539786138 19
19 3.5546717747049703 18
20 5.476229876710453 9
1 3.6304490109874603 13
2 7.627218106372302 3
3 8.280352371562483 1
4 6.599510785948747 5
5 4.088666625453808 9
6 7.755466002457057 2
7 6.727566002595488 4
8 3.951066001977893 10
9 3.4770660024529385 14
10 3.7827523720362044 11
11 2.029897248066699 18
12 3.6315872030258216 12
13 2.283053740987543 17
14 2.871766002552053 16
15 4.184395119785968 8
16 3.425953739534756 15
17 5.261734369210528 6
18 0.23256600247911052 19
19 0.0 20
20 4.886352371647362 7
1 5.949612357719954 1
2 5.835771339862813 2
3 5.688448918163971 3
4 4.9911632076033 4
5 1.7404489181634035 14
6 3.356924562322684 7
7 4.792177625601455 5
8 3.716874544130157 6
9 2.315389934810615 12
10 2.8878632076030613 8
11 1.7842623577184915 13
12 0.3971672250667111 19
13 1.5201535468901002 15
14 0.9426776256017735 17
15 2.355389364784211 11
16 0.7738587802054702 18
17 2.7218123577202964 9
18 0.0 20
19 2.5257776256015134 10
20 1.4320214990433358 16
1 3.959341537897211 5
2 6.658225910692844 1
3 5.366427512918109 3
4 3.3037564002587123 8
5 1.8276651812492803 12
6 3.4495651853492206 7
7 5.596564518091919 2
8 4.066255102024174 4
9 3.7888283036296713 6
10 2.4231695554259596 10
11 1.6608633758615428 15
12 2.4211272323838164 11
13 0.8439371498046495 17
14 1.2027319480636025 16
15 1.7934183296964452 14
16 1.8017113021678255 13
17 0.5140464607033466 18
18 0.0 20
19 0.14813663833544943 19
20 2.4761889717173498 9
1 2.6999978822554014 10
2 5.127620156898999 3
3 4.355239725501155 5
4 2.586579098077399 11
5 3.1804400392256835 8
6 4.789291215714922 4
7 6.15322015686796 1
8 4.290010862752165 6
9 3.311732235333412 7
10 2.4786912156932237 13
11 1.6702845490586942 15
12 0.7933003529459475 17
13 1.3646322352997726 16
14 2.3037201568736867 14
15 5.155384549025423 2
16 2.7285700392269336 9
17 0.5937100392460133 19
18 0.0 20
19 0.6289094117695502 18
20 2.5208945490254235 12
1 2.7383344589745335 12
2 6.6274656727207635 2
3 4.7114793597134454 4
4 7.37538105327523 1
5 3.5830990360436292 6
6 3.07278047195856 9
7 4.716735118806545 3
8 3.789904138595567 5
9 3.2921336006178126 7
10 1.921434458980273 14
11 0.517585211084691 18
12 1.4965412227065016 16
13 3.0059810532764457 10
14 1.404653894777921 17
15 2.481500000000517 13
16 0.5045614107742451 19
17 1.7399945622507977 15
18 0.0 20
19 3.2074172968184493 8
20 2.9353147889127524 11
1 3.6029510920809846 4
2 4.58259668963456 2
3 5.971708666909314 1
4 2.9178956424343476 6
5 2.655502268746965 8
6 4.471166241737496 3
7 3.0095450523020264 5
8 2.765675582871762 7
9 1.146794508470765 15
10 1.2688439646394396 14
11 1.6642322687469793 12
12 2.0252900583032156 9
13 1.9639844791908043 10
14 0.25109342080828356 17
15 1.0794400390945889 16
16 0.19685642535380188 18
17 1.7988564253536543 11
18 0.0 20
19 0.174636638172883 19
20 1.467295642434231 13
1 6.983570734935317 6
2 9.226461701662766 1
3 7.623234916631423 4
4 8.139767493437988 3
5 7.149286956186701 5
6 5.742738730017395 9
7 9.069787188293256 2
8 6.9488503220179965 7
9 4.398530653308381 15
10 3.1256349166311805 16
11 5.153353590355612 10
12 4.400238730017117 14
13 4.7857897716103555 12
14 2.210694118325046 17
15 4.4049863214421725 13
16 0.0 20
17 1.8944174583156204 18
18 1.8130999999993591 19
19 4.812487688425729 11
20 6.379986321441164 8
1 5.117021374798455 5
2 8.358662845541952 1
3 4.914855308566641 6
4 5.466936734197223 3
5 2.5315013258327044 13
6 5.119939011695677 4
7 5.6281326720262435 2
8 2.832270171180723 12
9 4.0507566485929 7
10 4.013961350315579 8
11 2.1748090578907044 15
12 0.0 20
13 1.4487701711807244 16
14 2.967557820891746 10
15 3.020939808243254 9
16 1.1134516686061162 18
17 1.1584446220949345 17
18 0.26396537790506347 19
19 2.214401559242579 14
20 2.932647769188152 11
1 3.453331992358775 11
2 7.930071083792791 1
3 5.901477871071245 3
4 4.45854728146845 6
5 3.549593122454974 10
6 3.8179084634665625 9
7 4.707756003622111 4
8 4.1693758938068095 7
9 3.275813943081569 12
10 2.6104221289283087 15
11 1.6473863741398889 19
12 2.1831127878807437 17
13 4.475605113882923 5
14 3.0900758938042117 13
15 3.9972684634660944 8
16 1.997814756990354 18
17 0.0 20
18 2.9189898605740527 14
19 6.45528809883782 2
20 2.497996374139672 16
1 2.4041500000023746 12
2 7.858100000001132 1
3 5.415320000006393 5
4 4.76188000000552 7
5 2.4886200000040892 10
6 7.2561300000027735 2
7 4.631800000006791 8
8 6.3166500000036 3
9 6.211230000002708 4
10 4.945530000002848 6
11 1.8915300000029611 16
12 0.901520000002503 18
13 1.1060500000036027 17
14 0.2677500000038693 19
15 2.0662000000034983 15
16 0.0 20
17 3.1319900000008314 9
18 2.466149999998816 11
19 2.387509999998964 13
20 2.3401300000027723 14
1 2.346399999999998 9
2 3.7358152790344707 4
3 4.332055244008467 2
4 3.7403813567782347 3
5 1.79017600018281 11
6 2.209355244008497 10
7 3.263469197674521 6
8 3.612922618250121 5
9 2.983094920051869 7
10 5.325488309575602 1
11 0.7989060001828112 15
12 1.2961613603944246 14
13 1.6705489287966429 13
14 1.7015149345657 12
15 0.0 20
16 0.32606278545526757 18
17 0.7457758733460254 16
18 0.4946946251229125 17
19 0.20138656348844486 19
20 2.7200883095756154 8
1 5.965780838701315 8
2 8.258295263499761 1
3 7.99944319719833 2
4 6.479928112247118 5
5 3.583441866793547 17
6 6.193099318905616 7
7 6.813438144503034 4
8 6.931141747575388 3
9 6.275215736320651 6
10 4.871733965742664 10
11 2.583836772908697 18
12 5.140873965742645 9
13 4.579490345106948 12
14 4.683274228676988 11
15 3.836867563125046 15
16 3.7632879663391994 16
17 3.943298354922783 14
18 0.0 20
19 2.1523191612986836 19
20 4.530039925008477 13
1 6.958727272727072 9
2 7.5418818181814995 7
3 6.880200000000004 10
4 9.233885050504714 2
5 5.1621583838384195 13
6 9.202626161616092 3
7 7.640356161615978 6
8 3.850499999999028 16
9 10.343927272727093 1
10 7.30657060606049 8
11 1.8583363636365666 19
12 6.7240417171715245 11
13 8.396827272727103 4
14 2.8380636363636738 17
15 4.61232727272716 14
16 2.4987728282826827 18
17 8.151827272727095 5
18 0.0 20
19 4.5067672727269255 15
20 5.501272828282512 12
1 1.2145996923242888 19
2 5.269399692213592 9
3 7.316615202101028 6
4 7.703672116779584 4
5 4.259900305793041 12
6 8.07798807056195 3
7 7.059091797516586 7
8 9.117299384613613 1
9 7.545501176970699 5
10 5.456200315363476 8
11 4.427636477939929 11
12 0.0 20
13 4.920350839789282 10
14 3.050700305787458 17
15 8.257348073948176 2
16 3.095395185584711 16
17 4.244697286312498 13
18 2.116399997583168 18
19 3.8334996929063045 15
20 4.233802965740935 14
1 2.863161341008857 9
2 7.090064593909114 1
3 5.622485162276344 2
4 3.9741421049761385 5
5 1.0131282721745816 19
6 4.435361341733188 4
7 2.0576521198631426 12
8 4.705825227264877 3
9 3.435208982481962 6
10 2.7991841199247443 10
11 1.8070449388440488 15
12 3.0683241200073117 7
13 2.041106898407198 13
14 1.6531913552750457 17
15 3.027766898219835 8
16 1.3854413548517817 18
17 2.744594938782769 11
18 1.7329331487392423 16
19 0.0 20
20 1.8494086453600098 14
1 5.749465000000163 7
2 10.613585000000453 1
3 8.327685000000255 2
4 7.090985000000307 4
5 4.4211099999995325 11
6 1.0279000000015803 17
7 0.0 20
8 8.161785000000064 3
9 6.420085000000876 6
10 5.617410000001306 8
11 5.424115000000307 9
12 1.8521100000012005 15
13 0.786009999996534 18
14 3.285434999999845 12
15 7.019785000000254 5
16 4.953585000000296 10
17 0.09090000000120035 19
18 2.146110000001728 14
19 1.3606600000007392 16
20 2.9384849999993765 13
1 3.558754186624624 7
2 6.779271527790314 1
3 5.390990215500219 3
4 3.896292489944374 4
5 2.2196096548414435 16
6 5.762335908807709 2
7 3.497383338291169 8
8 3.807814713394741 5
9 3.7608824898574764 6
10 3.0379477818112566 13
11 2.1262359088774954 17
12 2.8013099444247205 14
13 3.3525007034173093 9
14 1.277739402348783 19
15 1.53436409126795 18
16 3.0436902151738225 12
17 3.2094394023424773 11
18 2.3349577084859274 15
19 0.0 20
20 3.2461070179382996 10
1 2.012205238980308 15
2 6.3104000225307075 2
3 4.341505156515462 6
4 4.35931567198316 5
5 4.7572703130317135 4
6 3.7413783055318617 9
7 6.99435408059356 1
8 3.876208138699939 7
9 3.7438540806031715 8
10 2.1130339418953574 14
11 1.9067051565155335 17
12 3.1265051565154605 11
13 3.3371169821869713 10
14 0.9920065379651315 18
15 2.9917609746973137 12
16 0.35911045549120724 19
17 5.778483643862586 3
18 1.9288156719585743 16
19 0.0 20
20 2.757315156515252 13
1 4.296382393959924 5
2 7.061883424877907 1
3 6.520769984663007 2
4 5.137908506626875 3
5 1.8133202963944195 15
6 4.425041196980902 4
7 3.4982149118276027 7
8 3.768606937685266 6
9 3.4816000000026697 8
10 2.517620528868869 11
11 1.8376436170401218 14
12 3.1666194404546086 9
13 0.7685085066143111 18
14 1.5928139217037276 16
15 2.44159107307495 12
16 1.3614502963973585 17
17 2.020514911837418 13
18 2.6727474093010564 10
19 0.002019915606024547 19
20 0.0 20
1 4.360829494798541 8
2 5.458087853168006 3
3 4.975694688404327 5
4 3.816650122096099 9
5 1.107193124404016 18
6 4.786706295066978 6
7 6.256664140033029 1
8 5.677284736965945 2
9 5.2938911621590155 4
10 4.475221995839252 7
11 2.5949392547125583 13
12 3.523871609089049 11
13 1.2084329578420312 16
14 3.215879843682594 12
15 2.291996183085432 14
16 1.6248641400330308 15
17 1.194364562202007 17
18 0.0 20
19 0.8146384271601947 19
20 3.7673398436825942 10
1 2.631281916640896 7
2 6.067019124114676 2
3 6.595525966033167 1
4 2.6858287674172705 6
5 1.886841398951063 11
6 4.746976209879239 3
7 3.7190762098811647 4
8 1.9272706994822295 10
9 2.3088397634970033 8
10 2.0979259660315512 9
11 1.7277549395293863 13
12 0.0 20
13 1.662313255526669 14
14 1.5502647730723644 15
15 3.565009922519418 5
16 0.8662397634994308 16
17 0.5194105331050431 18
18 0.12544645097649898 19
19 0.8360836351576681 17
20 1.7701734280854242 12
1 7.210282544022176 1
2 6.083610551303256 3
3 6.801514797358102 2
4 4.571247352318823 5
5 2.373913770546074 12
6 4.091163517066921 6
7 5.086237034130505 4
8 3.906393159519914 7
9 3.1506582117001174 11
10 0.0 20
11 2.1156715214298476 14
12 1.3768862965321391 18
13 1.826300000019248 16
14 2.145307499461122 13
15 3.451637462045842 9
16 1.3854374621361398 17
17 3.6596874104339676 8
18 1.315160127331396 19
19 2.053104961399235 15
20 3.4075147973683566 10
1 7.250763670678805 5
2 9.583475092816126 1
3 7.690899999999258 2
4 6.585900000000135 9
5 7.25691013585617 4
6 7.13768173867927 6
7 7.468072402078646 3
8 4.661200000000155 18
9 6.203574123288058 14
10 6.204779869087984 13
11 4.778891331113426 17
12 5.240038132325658 16
13 5.266295998033951 15
14 6.5884462668099735 8
15 6.475670803884607 11
16 6.875276799056737 7
17 6.226747070379568 12
18 1.9492522485414039 19
19 0.0 20
20 6.5099701358563475 10
1 5.330295834254054 5
2 7.821661955801059 1
3 5.812676629834273 3
4 5.986266729281698 2
5 2.7396206519336994 13
6 4.951761823204757 7
7 4.071835325966883 8
8 5.7406840552481615 4
9 5.035959834254193 6
10 3.416912850828536 10
11 0.0 20
12 3.3325667292821675 11
13 2.677663281767855 15
14 1.5367999999999926 16
15 3.9509472817681544 9
16 1.2690500000000293 18
17 2.871049999999908 12
18 0.18770597790055987 19
19 1.2995003867404136 17
20 2.6955913038674044 14
1 1.4626115483689617 11
2 4.43955300870457 1
3 2.5663163977379875 8
4 2.632796745701036 7
5 0.27564151135180626 19
6 3.9637890310631527 2
7 2.8564928883779563 6
8 3.2076530226968485 4
9 3.0813835124390474 5
10 1.1592045340420207 15
11 0.2960961844940353 18
12 1.4283445340409522 12
13 1.224129115940113 14
14 0.7348615113536301 17
15 3.75579196047722 3
16 1.6641877364578674 10
17 1.039291756224289 16
18 0.0 20
19 2.1297145579748373 9
20 1.305097348711742 13
1 3.1419898225359977 5
2 5.429804109878148 1
3 3.9132059856753045 2
4 3.8671645272117194 3
5 1.0568712307264536 15
6 2.8850280946472493 6
7 2.3604659631463565 9
8 0.9298069205002071 16
9 3.202268163424524 4
10 1.0742769205002052 14
11 0.6876261523829339 17
12 1.2844208698180852 13
13 1.686641816311337 11
14 2.8819999269067766 7
15 2.663576310929484 8
16 0.5793094523027773 18
17 0.2523103461770406 19
18 0.0 20
19 1.541273701430622 12
20 1.978411432123003 10
1 7.601688894685304 3
2 10.176818894730037 1
3 6.564794737698616 6
4 6.9237188934471785 5
5 2.541548213432619 16
6 7.3580940942891 4
7 6.066491468357588 8
8 5.672533878237387 10
9 7.700394750802332 2
10 5.90869146931979 9
11 3.3806947548237645 13
12 2.499733878441385 17
13 2.714527286032359 15
14 4.03969343748134 12
15 6.092556822557719 7
16 2.764600000472719 14
17 1.1808894756425636 19
18 2.498062072375803 18
19 0.0 20
20 4.226559542398052 11
1 3.1581467611333958 9
2 5.891551583445748 2
3 4.815355602038989 6
4 6.313351583445856 1
5 1.7098515834459138 12
6 4.8239515834459 5
7 3.796051583445861 8
8 5.104202953966038 4
9 5.86313654520904 3
10 1.8763035927425713 11
11 0.671390791723014 15
12 0.5170817663819354 17
13 3.9357854655876414 7
14 0.16490793072431087 19
15 0.5992671929825266 16
16 0.0 20
17 0.2012035927427922 18
18 1.0386204423452912 14
19 1.6087415834458565 13
20 2.36178762483166 10
1 4.2951000000000015 6
2 4.649850133067932 3
3 5.1979510912457645 2
4 4.508429370586002 5
5 2.2750000000000012 14
6 3.871575505293788 7
7 3.3464377755118497 8
8 5.272183210242649 1
9 4.577474417869099 4
10 1.6152668695609187 16
11 2.5378000256123734 11
12 2.4555295859001873 12
13 1.5433649984835576 17
14 2.789745626958658 10
15 2.4195764057498854 13
16 0.9130134784181307 19
17 2.833213002570312 9
18 0.0 20
19 1.4988700512247464 18
20 1.9993940032230513 15
1 3.439661896965271 6
2 6.706674614261901 1
3 4.806765522194244 3
4 4.114990831629033 5
5 1.3948334969705825 17
6 4.793732711621014 4
7 5.455026155053764 2
8 1.7292143572859324 13
9 3.1428689955618263 7
10 2.9982861616504226 8
11 0.7496123803382881 19
12 1.5781364595831262 14
13 0.8690779782541713 18
14 1.5567483376039677 15
15 2.5595277924680326 9
16 1.9318007293982116 11
17 1.4870694969703253 16
18 0.0 20
19 2.133886161650063 10
20 1.731212559517978 12
1 5.96550000000063 14
2 10.020299999999846 4
3 6.903100000000082 11
4 6.771530000002177 12
5 8.347612500000345 7
6 7.448029999994221 9
7 11.967562499994692 1
8 9.191062500001957 5
9 6.636119999999088 13
10 2.4054999999999627 19
11 7.265762499999311 10
12 10.87526250000218 2
13 5.505862500006885 16
14 0.0 20
15 8.587562499998633 6
16 4.555799999999765 17
17 8.203312500000173 8
18 2.951607500002914 18
19 5.74638499999681 15
20 10.562562500000347 3
1 4.253177365638892 8
2 5.665836916088686 3
3 7.105675193875268 1
4 4.549751705244763 7
5 1.6556229729067675 15
6 5.137475075519026 4
7 5.692744310666724 2
8 4.983412193002666 6
9 5.101301506989028 5
10 3.3223539955476813 9
11 1.501375075519027 17
12 2.6115938653705033 11
13 1.7450313971487772 14
14 1.4328017227247318 19
15 1.8955729729067674 13
16 1.553855984227226 16
17 1.4497648153477278 18
18 0.0 20
19 1.921920088398057 12
20 2.832903829594104 10
1 4.505542013867203 4
2 4.078825454180971 6
3 1.941048009554088 10
4 4.080494618512748 5
5 1.3210244479010098 14
6 5.267951045641933 1
7 4.857111959721458 2
8 2.1518705649272096 9
9 4.6938722002701185 3
10 3.102780936655676 7
11 0.8224777054285979 15
12 0.7918782158545343 16
13 0.6358480095540884 19
14 1.6399293009301648 12
15 1.3217669179335843 13
16 0.6898824096319192 18
17 1.7436844009418384 11
18 0.0 20
19 0.727191190373421 17
20 2.3702996267925687 8
1 4.678203170436876 9
2 4.3468000000207745 12
3 6.9684764798430425 3
4 7.54731771348272 1
5 3.606468454266647 15
6 5.287473229143901 6
7 4.823621688628927 8
8 2.224245071403879 18
9 7.011619613903076 2
10 4.665821688684784 10
11 5.752678311334352 4
12 4.394728199772325 11
13 4.031779798914279 13
14 5.481128199778456 5
15 1.1246450714187937 19
16 3.718258141017104 14
17 2.9907216886753014 17
18 0.0 20
19 3.4596783112902614 16
20 4.9804929870902175 7
1 3.7599446488253467 10
2 7.758754786146573 1
3 3.839797014294955 9
4 4.367099999999956 4
5 1.463384102475022 18
6 4.021318178489671 8
7 5.5799919604396475 3
8 4.230683987482221 5
9 4.1633192654544775 6
10 5.966178385701368 2
11 0.0 20
12 2.2058727839205403 15
13 2.216043582584909 14
14 2.092916003025392 17
15 3.0253183479664956 13
16 2.106608139874669 16
17 4.024616003025359 7
18 3.246001985256162 12
19 0.21998588871522706 19
20 3.4800959802198417 11
1 1.244523586380274 11
2 5.5914555198218165 2
3 4.1106776262933185 6
4 3.28586039645255 8
5 0.458087690952629 19
6 4.526882756038443 4
7 5.867836381891691 1
8 3.6504269133349645 7
9 5.2042674047593405 3
10 0.9199215077319811 13
11 0.8845674047593519 14
12 0.7058002594255333 17
13 0.7781080569814263 15
14 4.437187404759345 5
15 3.0372172439615883 9
16 2.034162431888926 10
17 0.7319981156102338 16
18 0.0 20
19 0.5387827560385319 18
20 1.140368056981448 12
1 2.9405894612830585 13
2 5.230266666666665 4
3 7.202924135742065 1
4 6.6678710831138 3
5 2.1451466778449273 15
6 4.474663125783831 6
7 6.812171083130651 2
8 3.107237513994425 11
9 4.974763125743036 5
10 3.0789333338804017 12
11 1.3547116949059823 16
12 3.910344556782538 8
13 0.9052207969151076 17
14 0.6904201291615535 18
15 2.4467750056203386 14
16 3.1323631257758717 10
17 0.09634146479675465 19
18 0.0 20
19 4.093397609532016 7
20 3.76004146470991 9
1 3.2651859134474446 10
2 7.848930630990239 1
3 5.423677674266514 6
4 4.598269092842462 8
5 0.8331941526283795 18
6 7.668403907132577 2
7 7.2011213886518615 3
8 4.985238870171197 7
9 4.023913825175976 9
10 5.569544583180168 4
11 3.02440827221884 12
12 1.1579266554152605 16
13 2.78540909284246 13
14 0.880522391809313 17
15 2.1051388371332393 14
16 5.553745749565612 5
17 0.7862473376906491 19
18 0.0 20
19 2.04500375838401 15
20 3.1476690928426208 11
1 6.2866699999999405 6
2 10.49475000000385 1
3 8.20884999999905 2
4 6.431628705896028 5
5 3.7966534117897757 15
6 5.773754117646742 8
7 7.144543411764203 3
8 5.325299999999995 10
9 6.629054823505795 4
10 5.469770000000017 9
11 5.774050000000241 7
12 4.515533058824268 12
13 3.449433058819629 17
14 3.924471294092232 13
15 5.06314341176682 11
16 2.5127434117648026 19
17 0.0 20
18 2.6010434117663297 18
19 3.6955434117560486 16
20 3.811693058839562 14
