1 5.2757330514948055 1
2 0.9513212304698935 16
3 5.0653202787474125 3
4 1.5302135202053995 12
5 2.0567630235690513 10
6 2.6235758686140307 8
7 3.7414422543911923 5
8 0.9670630476571687 15
9 5.066370696206677 2
10 3.8484999999999987 4
11 3.509274877663911 6
12 0.0 20
13 2.5172668753145326 9
14 0.9221839666471539 17
15 0.897909562947603 18
16 1.2938606152349483 13
17 1.8801935750624288 11
18 1.1811083611959918 14
19 2.6893839666471537 7
20 0.6147281697042055 19
1 5.418446845599753 1
2 1.783243977582845 14
3 4.627920833612318 3
4 1.9374283116302826 11
5 1.915614861337605 12
6 2.7232824909243334 6
7 4.086896121053494 4
8 1.272736977343283 19
9 5.049681218364693 2
10 1.5048630449376263 17
11 2.145509849688833 10
12 1.9117469773432836 13
13 3.943676201333535 5
14 0.0 20
15 1.516036244872188 16
16 2.4110543523485277 9
17 1.4682689780692293 18
18 1.6517591763003012 15
19 2.450672327986543 8
20 2.4633886697090936 7
1 11.479930344250823 1
2 6.067598196493266 11
3 10.04183613357091 5
4 5.318388189932842 14
5 8.752147812132268 7
6 4.701400000191544 16
7 9.509030345653564 6
8 5.386213123990953 13
9 11.191943735830268 2
10 5.9644942732634565 12
11 10.557770345710331 4
12 0.0 20
13 10.741820345521775 3
14 3.786498573405478 18
15 4.834870918992815 15
16 4.593528057982588 17
17 2.200449094586334 19
18 7.5145524724051835 9
19 8.527773693308182 8
20 7.119310753973452 10
1 9.352255182891415 3
2 6.900822590906138 8
3 9.525736628667541 2
4 6.111188658713248 12
5 3.3138728157164534 18
6 4.319686939593768 17
7 7.642374164566645 4
8 5.6710800343590115 15
9 10.508233017418249 1
10 6.656271886709801 10
11 7.015172815715652 6
12 6.310090034359643 11
13 7.610922880725339 5
14 5.908698490139991 13
15 4.767013060408487 16
16 6.950538886899643 7
17 0.0 20
18 0.5915499999994704 19
19 6.807238003063506 9
20 5.7702955785901215 14
1 7.606739642947129 1
2 2.8070306757874404 10
3 5.2900772485850975 3
4 2.1300439896094256 14
5 3.3176732340438133 7
6 3.6865965254407675 4
7 3.2624462738998936 8
8 1.28875201480594 19
9 6.040959183720386 2
10 1.6201016408121247 18
11 3.3979645237344034 6
12 1.9752247674271315 15
13 2.6562269414670436 11
14 1.6949982666483494 17
15 1.900900000021954 16
16 2.8367261262644763 9
17 0.0 20
18 2.641844523731848 12
19 3.506639094795133 5
20 2.2692491694169794 13
1 6.1034898599117 2
2 2.1987809370797704 16
3 4.9638702271408786 4
4 2.5448149415251264 14
5 0.0 20
6 3.337310804336939 6
7 5.295351381079286 3
8 1.8477422717388312 18
9 6.360725142252106 1
10 2.7756992350040783 12
11 0.8623809369024227 19
12 3.263624917697961 8
13 3.2905000000942994 7
14 2.191093606591571 17
15 2.621451381437954 13
16 3.218171881084998 9
17 2.2400059405605646 15
18 2.954340647008956 10
19 4.401718904711759 5
20 2.905518940399112 11
1 4.689298096760528 2
2 1.1565213870806228 18
3 4.896641136705059 1
4 3.002403032240671 10
5 3.0646561935210523 9
6 3.737174196294443 7
7 3.5587345957397645 8
8 1.5381690470320881 16
9 4.255414806440431 5
10 2.7761753946304086 12
11 4.563398349062056 4
12 3.940928349062056 6
13 2.811730241130928 11
14 2.618606654597282 13
15 0.6681520322791883 19
16 1.3460931612803835 17
17 0.0 20
18 2.4844149601325074 14
19 4.575114960132508 3
20 1.8069193455567985 15
1 7.235664670045529 1
2 2.153222379550109 14
3 5.616109892658279 2
4 2.765919793062837 12
5 2.8112077299639013 11
6 3.180313300632765 7
7 3.6992396258954274 5
8 1.0336672015856707 18
9 4.360874935211042 4
10 3.276035480511885 6
11 2.860739006091415 10
12 2.323430149114361 13
13 5.182264689243688 3
14 0.0 20
15 1.5359951068807973 15
16 3.114020811591108 9
17 1.1969968363381165 16
18 0.9746500964202354 19
19 3.137639475040208 8
20 1.05018914076818 17
1 7.388079101550499 1
2 2.5476571931714975 12
3 5.9543991446622355 2
4 2.9102031473608774 10
5 2.1744827470817873 15
6 2.817379101550217 11
7 3.6135266535776616 8
8 0.4551980689876265 18
9 5.73313301549614 3
10 3.356745104333941 9
11 4.02287696411866 6
12 4.013803147361086 7
13 4.0659571931727205 5
14 0.6774716357474713 17
15 2.30781725291794 13
16 0.031138068987403678 19
17 0.0 20
18 1.4323345378879406 16
19 4.874445865529882 4
20 2.2164845378884 14
1 5.778879999991481 3
2 3.255066666667858 8
3 3.5718799999992448 6
4 3.4467366666678587 7
5 1.4216133333325813 15
6 1.627406666658352 13
7 0.011289999999371858 19
8 0.43927999999751766 18
9 8.256693333325305 1
10 0.0 20
11 4.305206666705131 4
12 1.078290000000494 16
13 1.5092800000000013 14
14 2.1711066666599486 11
15 2.875706666656172 10
16 3.98279666665995 5
17 2.1091800000016994 12
18 2.911689999999373 9
19 6.09169333333412 2
20 1.0148466666682627 17
1 5.229729984179198 4
2 0.8552609103078932 14
3 6.098630600584211 2
4 2.6477901150055474 10
5 0.021156372155355374 18
6 3.5183391438481153 6
7 3.9386948223196576 5
8 0.0016391438480320986 19
9 7.827857194839963 1
10 2.752730600584123 9
11 3.3248571948398866 7
12 5.606857194839946 3
13 3.039466378848394 8
14 0.6509181726907836 15
15 0.35093914384811065 17
16 1.1056663654617789 13
17 1.6968935895095312 12
18 0.6208554551539232 16
19 2.1459281793841822 11
20 0.0 20
1 4.707399999999948 3
2 0.0 20
3 4.786853961718579 2
4 1.9601533999999692 11
5 2.369846800000113 9
6 3.4683731999994643 5
7 3.096786598437502 6
8 0.4548789812500349 18
9 5.548246600000164 1
10 2.728180895312467 7
11 1.472684791796854 15
12 0.16690782890655065 19
13 1.4107406023437536 16
14 2.052146599999961 10
15 0.6570135808595239 17
16 2.6982464128905894 8
17 1.6481308074216756 12
18 1.5607033999999955 13
19 3.7284981902344496 4
20 1.5047423894532672 14
1 8.489293059350802 1
2 2.708235114209963 12
3 6.619390723262646 2
4 1.3851193267497357 16
5 3.0121041422207266 10
6 3.9185930593457776 7
7 4.852927220496614 4
8 0.0 20
9 4.91812504258459 3
10 1.49593161012059 15
11 2.822883362170587 11
12 4.319951004457915 6
13 3.875429914824409 8
14 0.17204739760201937 19
15 1.749008949576374 13
16 1.6145072556468525 14
17 1.0938250425693816 17
18 3.5666749574134133 9
19 4.8033498364177065 5
20 0.6434351142365133 18
1 2.9997517876344166 11
2 0.0 20
3 5.331820142473111 4
4 1.2459834771504945 13
5 1.5829523185484022 12
6 3.072904637096784 10
7 4.986704637096768 6
8 1.0236904811828167 16
9 4.9821904811827435 7
10 6.2423977284946535 2
11 5.021608501344019 5
12 4.39913850134411 8
13 0.9463517876344354 17
14 1.1560201424732182 14
15 0.02303589381721105 19
16 5.463856955645193 3
17 7.237757728494629 1
18 1.0441194690860116 15
19 3.1472608198925545 9
20 0.11275231854839074 18
1 4.8486475469696195 9
2 3.4242107036029337 14
3 6.190119042367387 3
4 4.966478642649942 6
5 3.3691796606558726 15
6 5.754281566808146 5
7 4.227619042367559 13
8 1.7633190423676175 18
9 6.7749475469637 2
10 6.158015104721783 4
11 4.69877552146996 10
12 1.3893509530774573 19
13 4.949620339329774 7
14 0.0 20
15 4.552092772001022 11
16 4.376365521472512 12
17 4.863713128830808 8
18 2.603933294669207 16
19 7.294864847818072 1
20 2.4224190423675713 17
1 5.818182410438352 3
2 3.2433196563104416 9
3 4.214249054455083 5
4 3.507322016556428 7
5 3.1045453994311476 10
6 1.6874752697431397 18
7 6.235596178135607 1
8 2.977934623256088 12
9 5.536912387788423 4
10 1.7656659162302006 17
11 5.88014159734602 2
12 0.0 20
13 3.501444306822176 8
14 2.017612736370448 15
15 2.258239294286988 14
16 2.5315681675396284 13
17 3.0313490544550925 11
18 3.941149164598976 6
19 1.7916340837698155 16
20 1.0749152697431357 19
1 9.50717015755872 3
2 6.2529438900196865 8
3 8.845630713020139 5
4 5.674470158774835 9
5 0.0 20
6 2.9464400032016975 16
7 9.509513094884007 2
8 2.9940701587741887 15
9 9.328370476589132 4
10 8.376670475913066 6
11 5.142474676637842 10
12 4.264170162177887 11
13 7.294461508102486 7
14 3.15013134998392 14
15 2.3032550797275357 18
16 3.9446002371438347 12
17 3.509618016650513 13
18 0.46993999915331575 19
19 9.68029230152554 1
20 2.679075077393614 17
1 4.185601599239667 4
2 2.7499282583499016 9
3 7.079163888484846 1
4 2.881459035300438 8
5 0.627822947418633 17
6 3.8263779710618024 6
7 3.63716388848485 7
8 0.011896906823165576 19
9 5.454131248691471 2
10 1.4471062503113206 15
11 2.659712749407692 11
12 0.20410079961983252 18
13 3.8802108764896124 5
14 1.1968373438570754 16
15 1.5872740352071042 14
16 2.7331551075179705 10
17 0.0 20
18 1.699020044264015 13
19 4.390977141109398 3
20 2.483170044264015 12
1 7.343034646667502 1
2 3.708639357349022 11
3 7.046161617923948 2
4 3.7669527751976384 10
5 4.2275060780720475 9
6 4.761678739801724 7
7 4.930034449604692 6
8 2.4560000000000266 18
9 6.588792045939458 3
10 3.0688677143216623 16
11 3.1099700702899966 14
12 4.320174078072073 8
13 2.91113444960461 17
14 3.093674078071961 15
15 3.2733834504832435 13
16 3.6347872248022925 12
17 5.863261617923934 5
18 0.6125440868582723 19
19 6.132771617923987 4
20 0.0 20
1 10.38546782858441 1
2 6.553795657094597 11
3 4.175799999990023 15
4 8.17294042855836 6
5 7.257096971295448 10
6 8.115768685874372 7
7 9.367452171341887 2
8 6.241035657288765 12
9 9.31803217127138 3
10 1.6924700000001272 18
11 5.883300000076739 13
12 4.153429999992079 16
13 8.072095657144702 8
14 0.0 20
15 5.5220678284794875 14
16 9.188067828558921 4
17 2.687829999989495 17
18 8.339415657132536 5
19 7.592479571486695 9
20 1.5546999999589577 19
1 6.275522354729349 1
2 2.1880628088600185 13
3 5.414297365107963 3
4 1.926239388139058 16
5 3.9050496058487187 7
6 3.16893938813906 10
7 4.685057375877967 5
8 0.6825567824975556 19
9 5.247200000000001 4
10 3.7074748029243603 8
11 5.62571477153616 2
12 1.9367606276553586 15
13 2.772871437303907 12
14 1.6067854913138389 18
15 3.211819212909322 9
16 0.0 20
17 2.1669251934399845 14
18 3.025325003025587 11
19 4.05451768116783 6
20 1.868049609885241 17
1 4.426940302683244 5
2 4.0254940582915175 6
3 5.072911049698332 4
4 0.30780255367747067 19
5 1.4372926651668148 12
6 2.4262383569075743 8
7 3.695619972832967 7
8 0.0 20
9 5.570470037782747 2
10 0.5888298102048375 18
11 1.067470037948194 15
12 0.9961068011970418 16
13 5.543794058311664 3
14 0.8971110488905525 17
15 7.461213908108873 1
16 1.2980583059589634 13
17 1.1688940584078982 14
18 2.0341139083365674 11
19 2.101020151402635 10
20 2.35434194065699 9
1 8.146298275865771 2
2 5.513018103431092 8
3 7.030427413789161 4
4 3.359437931032789 17
5 5.12689910344661 10
6 3.504148103435009 15
7 6.072531206892103 6
8 0.0 20
9 10.070948103441467 1
10 4.142618103435008 14
11 5.691327413812422 7
12 4.463037931041811 13
13 6.85887577011492 5
14 3.236537931002341 18
15 5.13365810345217 9
16 4.700368793111926 11
17 4.47659827584039 12
18 2.990599999998258 19
19 7.460252436781586 3
20 3.4482181035178163 16
1 8.865030504257492 3
2 4.032465409300249 17
3 8.572560176818474 4
4 5.078482030124833 12
5 5.581407413229579 10
6 4.70140000000268 14
7 6.356983719712938 7
8 2.1646820301248515 19
9 9.169341103471108 1
10 3.0522840864448644 18
11 7.588165340537195 5
12 0.0 20
13 4.898712030124796 13
14 4.064584086441901 16
15 8.868731267190977 2
16 6.9698312671910125 6
17 5.464046751801797 11
18 5.704131267190879 9
19 6.193065409296676 8
20 4.2743794171586025 15
1 5.598254428728821 2
2 1.0988617534248797 12
3 4.158597267216329 3
4 0.7092469938753427 16
5 1.6296983554769042 11
6 1.9371040274752638 8
7 3.0805729473829677 4
8 1.019788355476904 14
9 6.567946275713416 1
10 0.4527249324882643 17
11 2.79813794753407 5
12 1.7055382734065592 10
13 1.8889339203631328 9
14 0.3717295529377722 18
15 1.033017566735566 13
16 2.353320457119239 7
17 0.0 20
18 0.3309464508773541 19
19 2.6991956531813273 6
20 0.8442994437374782 15
1 6.439931740449278 4
2 6.270436411236403 5
3 7.676262858433598 3
4 5.835800360676732 6
5 5.65179493258989 8
6 4.480407162922447 11
7 4.23426285842903 14
8 1.419311843821966 18
9 7.867055992137313 1
10 0.0 20
11 7.790300360677634 2
12 5.528264310114753 9
13 4.939244248318634 10
14 3.0100364112526403 16
15 1.8836643101169277 17
16 4.446913873021315 12
17 1.2590608292172245 19
18 3.509999170802277 15
19 5.746400360672915 7
20 4.242244248309006 13
1 8.601259397508274 1
2 3.54320560010604 12
3 6.204416934618269 4
4 3.0253774401299847 14
5 4.4079843951512245 8
6 4.490575528086046 6
7 3.732952848551054 10
8 7.827919397508272 2
9 3.7199835023960697 11
10 3.1986755078813593 13
11 2.8400684008333297 15
12 0.28833775394067906 19
13 4.459118795016543 7
14 0.0 20
15 2.589512834546556 16
16 7.403859397508272 3
17 1.0055522544886424 18
18 1.0836002185071694 17
19 4.56467505726159 5
20 3.7621187950165447 9
1 5.897788867402829 1
2 1.1903888674031986 12
3 5.018204487891176 2
4 0.6991029837932807 14
5 1.5019652188109305 9
6 1.8297896117113863 7
7 1.1098299998154508 13
8 0.42499906474493865 16
9 4.21709364160234 3
10 1.2513851642645415 11
11 2.6861967960219006 5
12 1.7967785866674653 8
13 2.9748966776468437 4
14 0.5815004572745002 15
15 0.10192213591087951 19
16 0.19366182070717852 18
17 1.490696677646932 10
18 0.2328847602953248 17
19 1.8572177212797578 6
20 0.0 20
1 14.338231053540564 1
2 1.2876567618649521 16
3 6.382881726182893 3
4 3.5875825536069406 6
5 2.101631797572963 14
6 4.541586404629267 4
7 2.9408817261149665 10
8 0.0 20
9 3.4328025535436524 9
10 1.3160317977605565 15
11 1.2637999998838687 17
12 2.575489999983178 12
13 3.5506182024125925 7
14 3.6482310536078617 5
15 2.6265515119135823 11
16 0.9413900000051094 19
17 1.2155166190357547 18
18 3.4768287023096525 8
19 2.284289999976938 13
20 8.925831053556081 2
1 7.600157090910939 2
2 2.7797075000007467 14
3 7.854325727270503 1
4 1.9004492272730629 17
5 4.136776545454941 7
6 6.183525727273581 4
7 3.725255454546434 9
8 0.5738851818185084 18
9 6.6537023181825505 3
10 2.1453023181821753 16
11 3.8549492272730728 8
12 2.383008454544057 15
13 5.546757090909132 5
14 3.1576023181820583 11
15 0.0 20
16 3.456044636366548 10
17 2.829402318180653 13
18 2.8774149090906214 12
19 4.855275590908785 6
20 0.3758200000020344 19
1 7.113381978027082 1
2 2.90984899443129 12
3 6.435200002141359 2
4 3.8995255059636293 7
5 2.9493261098916514 11
6 5.075974498776428 5
7 5.280566510141082 4
8 1.5495999999879206 17
9 3.147386114206794 9
10 1.941296406054203 14
11 3.116589021879015 10
12 2.4941190123886208 13
13 3.6684314562978075 8
14 0.46489050629075557 19
15 1.8989000006629362 15
16 0.0 20
17 0.6826205134881049 18
18 3.9867149636820827 6
19 5.988851008340307 3
20 1.803526389895232 16
1 8.338225877168867 2
2 4.4174938751760315 10
3 7.703528770417297 3
4 4.114547208510436 12
5 3.5016794976101453 15
6 1.8763098380064882 19
7 6.041476322593665 5
8 2.8917694985936206 16
9 8.725635136574816 1
10 2.439676322593105 17
11 5.234296916996868 8
12 2.218584284856858 18
13 5.442384285137229 7
14 0.0 20
15 5.707289676033524 6
16 3.8083896762460157 14
17 3.8896733557374086 13
18 4.295423875231905 11
19 4.522321382075342 9
20 6.209928770170917 4
1 7.5053590000000145 7
2 2.797959000045684 13
3 9.113091500020964 1
4 6.21774650001225 9
5 0.0 20
6 7.460446500007455 8
7 8.810159000123475 2
8 2.485198999996985 15
9 7.7357589999328535 5
10 2.045919000010703 16
11 1.436258999996956 18
12 8.519158999987525 3
13 1.6203090000107228 17
14 4.937291499950726 12
15 0.006759000045740926 19
16 7.685391500020966 6
17 5.1550215001278845 11
18 5.74657149979024 10
19 8.227959000101919 4
20 2.783621499981822 14
1 9.34717870822221 1
2 2.7438639239852605 11
3 6.111688833273661 2
4 0.3108541528637634 19
5 3.778051551100269 6
6 2.672094005720619 12
7 5.888423709541812 3
8 2.281445847175722 13
9 3.596899178102576 7
10 2.1578170028964885 14
11 4.86476328043717 4
12 1.4144541528092687 17
13 3.531583494965208 9
14 1.9358888329754977 15
15 3.535157155208618 8
16 1.5892639240660382 16
17 3.900022997107886 5
18 3.4609632806432553 10
19 1.1232541528648068 18
20 0.0 20
1 5.383095282684964 4
2 1.949730358487653 16
3 6.784348083243062 2
4 4.472503636170855 7
5 1.4040323578917433 18
6 0.612559999750657 19
7 4.156601793601774 10
8 2.024924938329999 15
9 5.648884741798696 3
10 4.784929188975108 5
11 4.394767640947353 8
12 1.4967003586497525 17
13 4.694532358649225 6
14 2.0650402946536497 14
15 2.3742249383702227 12
16 4.18569528228328 9
17 2.195025847343361 13
18 3.1804619654322193 11
19 6.854432358486795 1
20 0.0 20
1 9.474996218102566 1
2 4.990956218065486 10
3 8.10613590193298 3
4 3.390984954368254 16
5 6.404356218305898 6
6 5.890571404504149 7
7 5.636019405701745 8
8 3.458148075551584 15
9 8.22004564001926 2
10 4.805491280024891 11
11 4.328600000005607 14
12 6.600021811824178 5
13 5.391236920043305 9
14 3.344773063378111 17
15 4.611596218110845 13
16 2.972845640011525 18
17 4.660619908617162 12
18 2.9247999999745877 19
19 6.803091280021247 4
20 0.0 20
1 6.689484832005093 2
2 2.1971989137527803 14
3 5.924221775518799 4
4 3.2842198990602345 10
5 2.4150639006037498 13
6 4.480929971484276 6
7 6.798192523416867 1
8 1.4047051323837987 18
9 6.27657043292894 3
10 1.177057296807464 19
11 4.655791515674159 5
12 1.4464848320050938 17
13 3.903966763828792 7
14 2.5247556588242532 12
15 3.571514613904804 9
16 2.8597100356110996 11
17 2.067060743579219 15
18 1.5114956857117252 16
19 3.772758362764808 8
20 0.0 20
1 5.801578137499392 6
2 2.8607474124932715 14
3 5.731999999999818 7
4 6.338593312497502 5
5 3.791858137500752 13
6 4.703688612489428 9
7 3.8306781374992593 12
8 2.4559999999991318 16
9 8.530438012496457 1
10 6.738763312507938 4
11 4.583763312497503 11
12 1.239899999996649 19
13 5.701311387512796 8
14 2.719039999998336 15
15 1.6414127125015607 18
16 4.6041781374988755 10
17 7.591701387500038 3
18 2.2271886125013047 17
19 7.861211387495594 2
20 0.0 20
1 11.016935146375506 1
2 3.66029999997167 16
3 6.945900000204142 4
4 3.486959913096242 18
5 4.385600000008007 11
6 2.404900000009124 19
7 5.616959913153771 7
8 4.806717630390572 10
9 8.32239569427189 2
10 3.5999999999563848 17
11 6.79124329014147 5
12 5.445727630322026 9
13 4.074295693861602 12
14 3.6912179001803356 15
15 0.0 20
16 8.129426523306464 3
17 5.673061015500127 6
18 3.974483297301874 13
19 5.537434132113456 8
20 3.822921128926611 14
1 7.025305112633707 2
2 2.801199051567573 8
3 5.458565964710387 3
4 2.6150187299216787 10
5 1.939258730000698 14
6 1.681726832918284 15
7 2.6818395820798164 9
8 0.36649234737333636 17
9 7.0737254341558184 1
10 2.0820536656030124 13
11 3.4099781994414444 6
12 4.852725434170656 4
13 2.825625434170662 7
14 0.0838670001005557 19
15 0.7157923473481316 16
16 2.5247051128297313 12
17 2.5841518168076894 11
18 0.0 20
19 3.8676051125785618 5
20 0.3199180547050986 18
1 7.654473406276438 1
2 3.2208587863970832 15
3 7.5423020662653455 2
4 4.952849366166314 9
5 4.1577000000115465 14
6 6.654156993023798 4
7 6.906787699192963 3
8 2.908098786393384 17
9 5.389291388113687 6
10 4.660031612903319 11
11 5.1260826313922205 7
12 2.1821151996497488 18
13 5.472474585899192 5
14 0.0 20
15 4.82116906003393 10
16 4.547422106954268 12
17 5.010113731422419 8
18 2.132691266127013 19
19 4.509432042154297 13
20 2.984691388104809 16
1 5.534334496209408 3
2 1.474226609132851 19
3 5.376429002934604 4
4 3.284132761620522 10
5 2.0233844382804453 17
6 4.599218722056175 7
7 5.325479564479273 5
8 2.3387660909838393 16
9 7.770264613120164 1
10 4.06512690449719 9
11 5.113857218147517 6
12 2.3822677180104685 15
13 3.200792072224862 11
14 0.0 20
15 1.8213000000000383 18
16 4.516959871815751 8
17 2.4221701216528198 14
18 2.7021678765610537 13
19 5.85985987181574 2
20 2.933535583770377 12
1 7.657624324904347 5
2 6.04848452248484 7
3 7.748762076751728 4
4 5.303379984973251 11
5 2.5814000000001576 19
6 8.492705099342837 2
7 5.686724324903888 10
8 4.976005099342834 12
9 9.814063611141991 1
10 4.4996580807536795 13
11 5.774920375669005 9
12 4.465334966051648 15
13 5.871899999999207 8
14 3.572962076752354 17
15 4.4828136061328365 14
16 6.294554459872176 6
17 0.0 20
18 2.824909700828018 18
19 8.222685734082543 3
20 4.324821062165785 16
1 9.149269176131446 1
2 3.9899961824586825 13
3 5.79342068672258 5
4 5.6067532801032876 6
5 5.59029669813202 7
6 4.169402749152793 12
7 7.323164990813173 3
8 4.872443541211187 10
9 7.396192401444306 2
10 4.531934159001882 11
11 5.512900926410593 8
12 2.7869325427062397 19
13 3.5607077417709547 15
14 0.0 20
15 5.235322091609202 9
16 3.559234641409878 16
17 3.940962655290888 14
18 2.848992401444308 18
19 7.292708151125046 4
20 3.1944583846043533 17
1 5.691089103713119 2
2 2.0296094325633427 10
3 5.415437025009628 3
4 2.0220226353919095 11
5 1.3453581427173382 16
6 2.1374478428876986 9
7 3.8499293414511193 6
8 0.0 20
9 6.034747025009627 1
10 1.2521513822462147 17
11 2.2344647093862373 8
12 1.7514382829781148 12
13 3.88674884999106 5
14 0.07869893439639464 19
15 0.628912003069807 18
16 4.493689103713119 4
17 1.666838828331629 13
18 1.4701116422535827 14
19 3.532049763458391 7
20 1.4075403828759505 15
1 4.483655393355708 2
2 1.94358383564891 13
3 3.908803456495657 4
4 0.8002313617857335 18
5 1.4250210368006746 16
6 3.0611861487356915 7
7 2.192235181337421 12
8 0.0 20
9 4.367347555967384 3
10 3.41564755596736 6
11 4.798886135155374 1
12 1.4905538356491401 14
13 2.2809794249256727 10
14 0.7481890008889014 19
15 2.2523193336297354 11
16 3.5595976529404485 5
17 0.854788963198944 17
18 2.399405943119981 9
19 2.932799999999933 8
20 1.4427447958255195 15
1 7.172492091941012 1
2 3.684999023387862 8
3 4.235655290357157 6
4 2.8347202566019805 12
5 2.572929660737464 14
6 3.0784959259416436 11
7 4.242621533311438 5
8 3.2967249555535054 10
9 4.939025946671039 3
10 2.672195946690179 13
11 4.745773964433817 4
12 2.4713319822352 16
13 1.4910284118511368 18
14 0.0 20
15 2.2636902566094914 17
16 4.957589008892954 2
17 4.037620256609455 7
18 1.0256552903480145 19
19 3.424963964448368 9
20 2.5344259466677035 15
1 6.430258257440598 2
2 3.2801026467713514 12
3 6.200923297374183 3
4 2.6707824336609836 15
5 5.307659472065513 6
6 5.378318994757661 5
7 6.089511087011272 4
8 2.967342646771387 14
9 6.4859052201787755 1
10 3.888764930453034 11
11 3.0904365764084103 13
12 1.9371134251955529 19
13 4.498156008836096 9
14 1.988270363089544 17
15 0.0 20
16 5.082207201259305 7
17 4.164194504232424 10
18 1.9387052201794301 18
19 5.071682433660982 8
20 2.0833065748040367 16
1 4.573481324500945 5
2 1.317907336853442 17
3 4.330479992927126 6
4 2.8604227510898634 11
5 3.664715637394429 10
6 3.968210844186274 9
7 4.014944170276067 7
8 0.5939540759236013 18
9 5.661342641929322 2
10 0.0 20
11 4.871168406102642 4
12 0.20449638023845207 19
13 2.7679154236226085 13
14 2.7370684061026145 14
15 7.602791883846384 1
16 5.090463760619988 3
17 2.197570007071802 16
18 2.789120007067371 12
19 4.008001353635171 8
20 2.5144958147107523 15
1 7.533839128104066 1
2 2.4732552311793703 12
3 5.098526428857774 4
4 2.5520998556658685 11
5 4.279566791411102 5
6 5.320847541485158 3
7 1.6869958778695724 17
8 1.9612006341516306 16
9 5.671314994026366 2
10 2.3825017557391437 13
11 2.3488260582417664 14
12 1.491277019766678 19
13 3.6587011294324636 7
14 0.0 20
15 2.708905734379081 10
16 2.230414160052529 15
17 3.2085466146561976 9
18 1.657987685953432 18
19 4.055955922917785 6
20 3.6049264288577723 8
1 7.82358299980217 2
2 1.1542178342290454 16
3 11.095612165770985 1
4 0.03145049098759367 19
5 1.8561794883344311 12
6 3.2528829998021545 9
7 4.718012866140351 5
8 0.5191194401218509 18
9 4.477619440121862 6
10 4.181298248656481 7
11 1.7750236311725633 13
12 0.0 20
13 4.150396206953554 8
14 1.2181796033778718 15
15 6.559312165770983 3
16 4.964321561799634 4
17 1.228866276033848 14
18 1.1322121657709991 17
19 2.4378347059413126 10
20 1.9478041743023469 11
1 5.906130565129877 1
2 2.225736224595571 10
3 5.60516732508571 3
4 1.6818916952630427 14
5 2.117858433959299 11
6 2.977672977738467 6
7 5.219575706668734 4
8 0.0 20
9 5.644889054091124 2
10 1.0494918369812134 17
11 3.9316763181641825 5
12 2.8641211895711183 8
13 0.7404007903804635 18
14 0.6840405477659659 19
15 1.063480236994669 16
16 1.8090777623970244 13
17 2.6841701384597325 9
18 2.021678491247535 12
19 2.9003007704262993 7
20 1.0792526688629456 15
1 3.6290168122521647 9
2 2.302443605648624 16
3 4.982404306385048 2
4 3.7351074518086906 8
5 3.83748145917293 7
6 4.062347770818168 5
7 4.003808147527711 6
8 1.539508147527722 19
9 4.495787132799231 3
10 6.978904267136037 1
11 2.957963036902163 12
12 3.130404267136039 10
13 2.384040267055122 15
14 0.0 20
15 1.7795692615521663 17
16 3.057618147527712 11
17 1.7082637218580297 18
18 2.5150872112972538 14
19 4.40051814752776 4
20 2.7461214014728452 13
1 4.177495544274307 3
2 0.9714947641654417 14
3 6.878975854471459 2
4 1.0046885865943576 13
5 0.0009796637133838715 19
6 1.7328623789323747 9
7 3.3781504045457904 5
8 0.8394708276398524 15
9 6.896825849214528 1
10 0.6769431859570811 16
11 2.4426120448045148 7
12 0.5184647641654414 18
13 2.648725849214534 6
14 0.6478532619691753 17
15 1.2292713869453133 12
16 1.4394457570274974 11
17 2.156355933492984 8
18 0.0 20
19 3.6654059519154227 4
20 1.5729504045457907 10
1 6.180000115349616 3
2 7.654590115363822 1
3 4.770240115375026 7
4 2.940773615365757 13
5 1.5565401153710465 16
6 5.638400115206638 4
7 5.194975115371892 6
8 2.114567230769233 15
9 4.218429038466757 8
10 0.47920276917285065 19
11 5.2578401153857115 5
12 0.9370001154532925 18
13 4.160800115357352 9
14 2.1547644614805406 14
15 3.2335001154231673 11
16 6.499990115423168 2
17 1.3326001153638183 17
18 3.161900115473928 12
19 3.90923819231291 10
20 0.0 20
1 6.2018321701274495 2
2 1.5997861128399515 15
3 4.898401690475005 4
4 1.427877889447031 17
5 3.2139736339470883 6
6 3.1673393653162867 7
7 4.099113297394974 5
8 1.731041063968268 13
9 9.491481109270275 1
10 1.6781778919572303 14
11 2.2573646831279097 9
12 1.8359717027398659 11
13 5.243381102777477 3
14 1.2719113371714557 18
15 1.762481103241416 12
16 1.9349546737678929 10
17 1.4715276904276295 16
18 0.0 20
19 2.746574445977203 8
20 0.9769000092513238 19
1 4.857931212627969 2
2 2.1864639815706424 9
3 5.1098422244422075 1
4 1.5593273648837926 15
5 1.567349708586025 14
6 2.816702580637381 5
7 2.6304637497357852 7
8 0.2946315197568701 18
9 4.253131519756871 3
10 1.0679145170875728 16
11 2.109323895956264 10
12 2.098673804175984 11
13 1.9109270969130638 12
14 0.17809639545770972 19
15 0.8330769131301057 17
16 2.7629404774610684 6
17 0.0 20
18 2.291551440009188 8
19 3.2884053839097573 4
20 1.8485315197568721 13
1 7.016612812956636 3
2 5.3645096993403225 8
3 7.296632812961658 2
4 4.818907562618367 9
5 5.62073945637085 6
6 6.061607562617914 5
7 4.265734999999264 12
8 0.7662342435564282 19
9 14.646400384324021 1
10 3.693953980293095 13
11 4.328600000000177 11
12 1.3602075626201824 18
13 1.8362342435553 17
14 2.1388467044313977 16
15 6.917400384325475 4
16 5.608535756446415 7
17 2.3775654183912587 15
18 2.780202312272862 14
19 4.581853952491251 10
20 0.0 20
1 6.101899109714539 2
2 1.2126011123003582 19
3 4.483621293876365 5
4 2.715514159782284 9
5 2.480938916497847 10
6 3.27015831951795 7
7 1.9659688347621624 11
8 1.4650461008529658 18
9 7.90167673065838 1
10 1.6805288347160747 15
11 5.633578906534684 3
12 0.0 20
13 3.2237999999642617 8
14 1.9305424987105508 12
15 1.6409219576291105 16
16 4.762508896538487 4
17 1.8283031709701596 14
18 3.3544767306249166 6
19 1.4939172324306538 17
20 1.8433178143720237 13
1 3.715698707426237 2
2 2.651432852886699 6
3 4.126322852886682 1
4 1.9022228528867013 7
5 0.0 20
6 1.8104744722354207 8
7 2.6933899374946195 5
8 0.8848053044543475 12
9 2.879011632749491 4
10 0.2883810451790729 15
11 3.403581433331854 3
12 0.012954991443835606 19
13 0.09121122833586104 18
14 0.2836493556124542 16
15 0.4797434067705548 14
16 1.0376528677980228 11
17 0.1980974148524799 17
18 1.1764570221025683 10
19 1.4331854345692039 9
20 0.8555634067705825 13
1 8.789860694097277 1
2 6.059702681445466 3
3 6.3428461655532455 2
4 3.9332543793258026 12
5 3.3261213881945446 17
6 5.2998718462325645 7
7 5.938973787268999 4
8 2.2095850095567022 19
9 4.8311756378334465 8
10 2.747348105153136 18
11 5.877558195212169 5
12 3.5468606940972762 14
13 4.726163668069292 9
14 0.0 20
15 3.877391677968528 13
16 4.635386181054942 10
17 3.474078808347211 16
18 3.490945146580959 15
19 5.566002681445463 6
20 3.9949026814454656 11
1 8.301189036486111 2
2 4.143016649967762 13
3 8.580528079383587 1
4 4.485701358599934 10
5 3.8426598404108097 15
6 3.2581094520275666 16
7 5.915960194143789 4
8 3.237499287831488 17
9 7.537192029316695 3
10 4.147166605975726 12
11 4.522910963510097 9
12 4.174666560973938 11
13 4.950603398048271 8
14 0.0 20
15 2.2662079405446187 19
16 5.116298676854428 7
17 5.142526605974915 6
18 3.851281003968997 14
19 5.872142014689684 5
20 3.0791741754605235 18
1 6.3807544982437765 1
2 1.8632070875834397 13
3 5.7913143526140125 2
4 2.7481555615006688 9
5 2.830697125629121 8
6 3.990855555642576 5
7 1.235500002338267 18
8 0.18953580352819355 19
9 3.4365028580358183 6
10 1.7732699209580995 14
11 3.3481542589839033 7
12 1.4617525025150189 16
13 2.4643734870963656 11
14 1.3739258874319942 17
15 1.9434534828863819 12
16 4.491893520467739 3
17 0.0 20
18 4.421061224340971 4
19 2.4729574702130934 10
20 1.6455345129154488 15
1 5.928241760496201 1
2 2.2651371386097883 11
3 5.812844643064759 2
4 2.1763248640792128 13
5 2.2224491719435897 12
6 2.72658525371468 7
7 3.9573417604962007 4
8 0.0 20
9 4.578923038653006 3
10 2.9010802679205208 6
11 2.4135330681618905 8
12 0.1188217914180818 18
13 3.342621791418081 5
14 0.1956363555445706 17
15 2.283817305729188 10
16 2.3613706613307524 9
17 0.7625252621160912 16
18 1.2018050939201714 15
19 1.6841852884925523 14
20 0.08253738367050367 19
1 11.055699075607766 1
2 4.251463864034412 17
3 9.75086661103365 3
4 5.968855161883332 12
5 5.664863864034373 14
6 5.298872461616552 16
7 8.192249537803594 4
8 5.60076409549517 15
9 10.08290488200849 2
10 0.0 20
11 7.923355161883165 5
12 7.247567862150517 6
13 6.084925358932445 11
14 5.7892551618833314 13
15 6.546245580186374 8
16 6.31043803499161 9
17 6.866437088943412 7
18 3.7737000000006202 18
19 6.157266611033923 10
20 2.1866638640344043 19
1 5.256917519722899 4
2 1.0779908726725034 16
3 5.601504565658517 2
4 1.702835181356288 13
5 1.2099525805428657 15
6 1.8809026299589753 12
7 3.994767253758618 6
8 0.0 20
9 6.333891872314216 1
10 5.382191872314031 3
11 4.9112525805428495 5
12 1.533691872314064 14
13 2.059678027014138 10
14 1.940195505499004 11
15 2.7397739499612808 8
16 0.9071335913615337 18
17 2.157925505498897 9
18 0.40615003046647624 19
19 3.1345026299590693 7
20 1.0134951306191553 17
1 5.790460000027727 5
2 1.6773668131493276 19
3 6.07048 4
4 2.9138000000277238 15
5 3.049777985930652 14
6 4.890450269708081 7
7 4.4244833565483805 9
8 0.0 20
9 7.157998916949596 2
10 3.8353762101047737 10
11 4.868299999871169 8
12 1.9812994584442922 17
13 6.715868049356262 3
14 3.301359888579265 13
15 3.3681167474523823 11
16 3.341549187658053 12
17 1.9464497292490224 18
18 7.609076210175301 1
19 5.6063050791252484 6
20 2.300973368054673 16
1 4.707400000000298 11
2 0.0 20
3 8.117729863575114 3
4 2.676707499999597 17
5 4.094835845838087 13
6 5.314176166434331 9
7 5.533333806276072 8
8 2.444433806276073 18
9 8.52420184174689 2
10 7.827872025923432 4
11 6.991467885398556 5
12 6.303201841746196 6
13 3.5144338062730958 15
14 3.0847938335615073 16
15 3.9076850000019263 14
16 4.9694253274190645 10
17 8.823232025920483 1
18 0.2825924999995939 19
19 5.674333806284239 7
20 4.214340334243211 12
1 4.766351728570097 1
2 1.3346653370956663 14
3 3.120703502899559 5
4 1.116614123477437 15
5 2.7480653371050874 6
6 3.8435062375577456 3
7 4.047444884558185 2
8 0.0 20
9 3.4105869960585977 4
10 2.1610314642979915 10
11 2.3354420597189396 7
12 2.2202141234803086 9
13 1.027539835344152 16
14 0.38163000000033076 19
15 1.600829766380417 12
16 2.013032059722111 11
17 0.43824166870607106 18
18 1.367006237559359 13
19 2.332165339516362 8
20 0.761065339515252 17
1 8.757041341177525 2
2 4.558743364704451 11
3 9.786030552936154 1
4 3.477652411761717 14
5 4.473245388234532 12
6 5.928168976452641 8
7 7.092999764720885 6
8 2.1312370588306924 19
9 4.248099999997325 13
10 3.0675298941182394 15
11 7.155864764702267 5
12 2.255970105887738 18
13 0.0 20
14 5.414568976468868 10
15 7.2358689764704245 3
16 2.994329788232873 17
17 5.85749976470227 9
18 6.1342413411756205 7
19 7.181768976474963 4
20 3.0030453882364037 16
1 4.384615545118498 5
2 3.0843075767807466 9
3 5.059499999999996 1
4 2.750465440170711 12
5 3.0685546246743782 10
6 4.830366716383578 3
7 3.388347754213803 7
8 3.266304719845652 8
9 4.443930812084286 4
10 2.202648911235223 16
11 3.7203999999999984 6
12 1.5745368655221155 18
13 4.960680528455919 2
14 1.5863000000000096 17
15 2.70494757678074 13
16 0.0 20
17 3.053106597192208 11
18 2.2891524715440443 15
19 2.566563351726989 14
20 1.5294191944325974 19
1 5.4676441986283635 2
2 1.681686596639416 13
3 6.4405278201433225 1
4 1.6388440171859366 14
5 2.2421862994161534 8
6 2.6612804767586486 7
7 3.3076896339592325 4
8 0.0 20
9 2.2332896339592323 9
10 1.8069501985188101 11
11 3.732298403064986 3
12 0.40768238035833027 18
13 3.2309645945691963 5
14 0.1563713634566688 19
15 1.4299781597846772 15
16 2.2320861503914236 10
17 1.3776849904933912 16
18 1.6980855030504207 12
19 3.012015666686068 6
20 0.6418255790995087 17
1 7.912689692150571 1
2 3.640277385884644 9
3 5.473575387467966 3
4 2.121833530291002 14
5 5.231920639962553 5
6 3.170550762805576 12
7 4.072238868249332 6
8 1.3214596678874653 19
9 5.684123906172092 2
10 1.6516182783409392 16
11 3.346058696231575 11
12 5.324588639962521 4
13 3.0472711070696663 13
14 0.0 20
15 1.947082890516627 15
16 3.9379793842975723 7
17 3.470598013715385 10
18 1.3910671723821748 18
19 3.7401080137153473 8
20 1.5138482783414395 17
1 7.498738208923372 2
2 2.986977776202879 11
3 7.73177012311512 1
4 2.3466764243431086 15
5 1.8176656831821905 17
6 3.0082956886218137 10
7 4.922095688621947 4
8 2.484378733826407 14
9 6.80004051285904 3
10 0.7989588406224 19
11 4.410667920363876 6
12 0.0 20
13 3.2238000000028353 9
14 0.8513150395498088 18
15 3.6632923814385183 8
16 4.14832431996976 7
17 2.2302146397618112 16
18 2.946801520755575 12
19 4.612990901641542 5
20 2.723952970594805 13
1 6.377811158893431 2
2 3.119656179242907 13
3 6.486824716973222 1
4 3.0914849254657244 14
5 3.6388267716389273 10
6 4.816024716973948 6
7 5.199905690368903 4
8 1.6821182000358033 18
9 6.0234116830971285 3
10 2.1497657734906217 15
11 5.067564160567265 5
12 0.5178116830981612 19
13 1.7753116830983402 16
14 0.0 20
15 3.6581047753425158 9
16 3.3088116830981233 11
17 3.2099563973336265 12
18 3.778258778116847 8
19 4.431579755560886 7
20 1.6954438207609235 17
1 8.890546628315914 1
2 3.4737535775077193 10
3 5.244019129534738 6
4 5.434488245954648 5
5 4.217820244197639 9
6 2.690846910844603 12
7 5.637966855806255 3
8 1.7428954614677772 15
9 8.070918980109084 2
10 1.6408280569961595 17
11 4.520367443737492 8
12 5.145127635617784 7
13 0.05834849151930577 19
14 1.8515124312734685 14
15 2.862851495324361 11
16 1.5918484915070574 18
17 1.6465500131337087 16
18 0.0 20
19 5.634353577511272 4
20 2.0782869108410527 13
1 6.687097587559549 1
2 0.9085886443322779 17
3 4.608809211682774 2
4 1.8549571109463798 10
5 1.179197110946387 13
6 3.3264235651442378 5
7 2.861682470149026 6
8 0.0 20
9 4.436479153787072 3
10 0.9711208755913034 16
11 2.0968837417102932 8
12 1.407509674147545 11
13 2.078062442003848 9
14 1.0371723604986345 15
15 0.6746066881131525 18
16 4.198509674147557 4
17 1.253715996926788 12
18 1.1727411143568407 14
19 2.462286994221829 7
20 0.4886271923918637 19
1 4.981277274208306 3
2 2.7145659487522567 9
3 5.916579898482422 2
4 2.237172500013432 12
5 2.062588586312075 15
6 0.8206222859636565 18
7 3.6931422520160946 6
8 1.4434885047450952 17
9 6.733525962106681 1
10 0.0 20
11 2.7327844237974794 8
12 1.8724309423074645 16
13 2.6980601482310065 10
14 0.3905000000166381 19
15 2.2117999999966598 13
16 2.8992282506796236 7
17 4.1881570006984905 4
18 2.532528586295866 11
19 4.0898522519092655 5
20 2.1845717492350527 14
1 9.40122545170278 1
2 5.478138871517001 11
3 8.320290859133122 3
4 5.832358155417946 7
5 7.88222983777089 4
6 4.090939147368413 15
7 8.960638871517022 2
8 4.892206626934962 14
9 6.320745697213597 5
10 0.0 20
11 6.08235009504644 6
12 4.929868816408683 13
13 5.65258815541795 8
14 1.0122999999999909 19
15 3.8928045108358975 16
16 5.638918199690399 9
17 5.300829837770872 12
18 1.3509893486068116 18
19 5.570339837770891 10
20 3.5085789266254075 17
1 9.311678579248863 2
2 4.248776174716628 10
3 6.285514129851234 8
4 2.576167935815697 13
5 1.900407935691475 15
6 6.812173487593542 6
7 8.599678570607477 3
8 0.6098520614792999 18
9 9.522286029973618 1
10 8.314238570728605 4
11 3.1255820627158437 11
12 0.0 20
13 6.580778571169924 7
14 0.9914820630666052 17
15 4.762775878137615 9
16 8.114278568737092 5
17 1.3921761924475766 16
18 0.5845379338178627 19
19 2.6752379362498315 12
20 2.1839761924787537 14
1 5.2429999996858525 5
2 1.662614403763369 16
3 5.597410361352248 4
4 3.338599170293128 9
5 2.6628391702869 12
6 4.404247978629461 6
7 6.211602931985809 3
8 0.8875479791396663 18
9 6.276389707651625 2
10 1.5336052333476655 17
11 2.1513479786293925 14
12 0.0 20
13 4.217674626057376 7
14 1.902901296477174 15
15 2.4387773595558335 13
16 0.7835500348911228 19
17 3.836916156241673 8
18 3.1327791703173538 10
19 7.270677359542669 1
20 2.814597359491353 11
1 9.279154712643683 1
2 1.2288102873563918 19
3 7.790274827586641 2
4 4.406554712643575 11
5 0.0 20
6 2.687311321839066 17
7 6.844954712643684 5
8 4.355999425285933 12
9 6.691397931034228 6
10 5.331512356321856 8
11 3.701300000000093 14
12 7.624237126436711 3
13 2.7463263218390646 16
14 4.737629425287644 9
15 3.979637126437133 13
16 4.456727068965897 10
17 5.609454712643726 7
18 1.874622643678192 18
19 7.333037126436807 4
20 3.093398678161334 15
1 5.371894531428492 1
2 3.972998284947046 3
3 4.8576669722166566 2
4 3.148544531428493 7
5 0.4561899457052898 19
6 3.1868669722166425 6
7 1.3873099235634005 17
8 1.3484203700519772 18
9 3.4960999999999802 4
10 2.1720982849470167 14
11 2.3731601850259416 13
12 1.589976470020129 16
13 2.558912919193895 12
14 0.0 20
15 3.0408093274994785 8
16 2.7811933628558183 9
17 1.669046252016905 15
18 2.7490945314284567 10
19 3.3805609173566262 5
20 2.5743069722166445 11
1 6.370930683487998 2
2 3.331781932434719 11
3 6.05937671393878 3
4 2.2465852576489986 19
5 3.2017739523294075 13
6 3.3154812810996486 12
7 4.631161232465314 6
8 2.417227525651694 18
9 6.387536841824584 1
10 3.770826836954251 9
11 4.544120008723939 8
12 5.698161231117545 4
13 4.57100911542947 7
14 2.7777871042299593 15
15 2.5777232702291553 17
16 2.792241523615778 14
17 2.7189955672303476 16
18 0.0 20
19 5.253874602662073 5
20 3.7382530147051676 10
1 6.039243011862895 4
2 2.850028138654752 13
3 6.744730055990228 1
4 3.199178405023901 11
5 3.284405837534108 10
6 4.104223192780003 8
7 4.977643551976689 6
8 2.3415146544360486 16
9 6.112420965348287 2
10 2.164280603514567 18
11 5.768245420211031 5
12 6.044643551976652 3
13 3.0194084050238286 12
14 2.452938910226292 14
15 2.400043551976883 15
16 3.448233524440185 9
17 0.7643182718393073 19
18 0.0 20
19 4.69972365762479 7
20 2.2459854826744503 17
1 5.510509753231805 2
2 1.2375151716245796 14
3 4.736627100576721 4
4 2.3196792335831193 7
5 1.091567224459235 16
6 3.016467036906624 5
7 4.880906973236532 3
8 0.05131240588689989 19
9 5.894337843595292 1
10 1.1830576312336676 15
11 2.11234097316927 11
12 0.9256879753357847 18
13 2.1916823201217968 8
14 1.4870151443070991 13
15 0.9782406980419034 17
16 2.650018280050864 6
17 1.7047451443070891 12
18 2.1367633642931474 10
19 2.181912909465548 9
20 0.0 20
1 9.014523333358358 3
2 6.692695031431533 8
3 11.322255786177806 1
4 5.1818233332456405 14
5 4.0776233333282805 15
6 0.0 20
7 7.311823333356902 5
8 3.51081842767612 17
9 7.180800000003127 6
10 5.790723333322618 11
11 2.6777999999989097 19
12 7.067341823870435 7
13 9.307969748417262 2
14 2.789995031431529 18
15 3.6414301257924833 16
16 5.538095031518786 12
17 6.603411635263697 10
18 8.112255786160373 4
19 6.662306729540057 9
20 5.214576666668332 13
1 4.8514101297263545 1
2 2.805263236676253 9
3 4.121328914625428 2
4 1.0187101297263528 16
5 3.2762449950020507 7
6 2.0101610678165134 14
7 3.5260000000000034 5
8 2.5359843421820982 10
9 3.6726666666666707 4
10 3.807040644412058 3
11 2.9684362938220663 8
12 2.5196066839233286 11
13 0.8436549080394644 17
14 0.4438003728446074 18
15 0.016354522175886732 19
16 2.0250547948679922 13
17 1.0694333333333355 15
18 0.0 20
19 3.3603697995240522 6
20 2.138499695664696 12
1 0.9663599999871901 17
2 3.020028222736109 12
3 5.865931469171388 6
4 3.0836685308111598 10
5 4.468127440751605 8
6 10.951969004730534 1
7 7.356379668234232 2
8 3.018831469171391 13
9 4.54719999995433 7
10 2.7752157345833623 14
11 0.04420000000430413 19
12 6.250569004727097 4
13 4.088831469253273 9
14 1.8713842654028114 16
15 2.605969004741187 15
16 0.7070690047277752 18
17 6.1208796682511375 5
18 0.0 20
19 6.390389668183966 3
20 3.032626658749997 11
1 8.073670210500655 2
2 4.154608183325539 10
3 7.746902727965511 5
4 2.448519743501054 16
5 2.2209531412363863 18
6 4.042607733488821 11
7 8.030593249528378 4
8 0.0 20
9 9.655801556947182 1
10 3.560145256476984 13
11 6.03197522061391 6
12 3.467351937286836 14
13 5.69404525647699 7
14 0.8469102564989481 19
15 3.9859379782823083 12
16 2.850681025995787 15
17 4.41712458228193 9
18 4.898078315731217 8
19 8.054194930568823 3
20 2.355233340393946 17
1 8.28284473457537 2
2 3.385306679717762 9
3 5.575256376907976 3
4 3.03508622373409 11
5 3.5149437762666107 8
6 3.939486201976017 7
7 2.073493826145009 16
8 2.712679669726306 14
9 10.022813949827423 1
10 5.059044734574745 5
11 3.14253152831314 10
12 2.9897925493230453 12
13 2.855316223734227 13
14 0.0 20
15 2.4640562237348598 15
16 4.801076201976533 6
17 0.7782312753815663 19
18 5.09357863902646 4
19 1.767200000000263 17
20 1.320506679718091 18
1 5.795810143040497 2
2 3.1591897933072937 10
3 5.044910198185928 3
4 2.5797032568585276 14
5 4.084398263211076 8
6 2.9770475430342875 11
7 4.690835097784522 7
8 0.5886525673864336 18
9 6.791047441250981 1
10 2.57201021075749 15
11 4.703926745038792 6
12 0.552810212863629 19
13 3.3111982604486276 9
14 1.0350086657234834 17
15 0.0 20
16 4.798422664107778 5
17 2.966747441798387 12
18 1.8367788849672377 16
19 4.980603263892131 4
20 2.6141982634101923 13
1 5.938072011555095 1
2 1.7243411518649423 12
3 5.059499997942428 3
4 0.9204963384970357 16
5 1.396022839933992 13
6 2.515909227895106 10
7 3.234652727591257 7
8 1.1529445372809553 15
9 5.111444532658545 2
10 2.5884553794032756 9
11 4.219736005749213 4
12 2.4344837748808414 11
13 1.2157527465218252 14
14 0.10051423536325288 19
15 0.14606415710566223 18
16 0.0 20
17 3.223058018705279 8
18 3.3152720129866022 6
19 3.63114666842602 5
20 0.43571669812270275 17
1 6.589150774593524 2
2 2.320942166160499 12
3 6.473101316784875 3
4 1.813550211817777 15
5 2.8627222220851847 10
6 3.842791159141223 5
7 3.8015739255842322 7
8 0.9480525024952442 18
9 7.82582853870275 1
10 1.3959214078249866 17
11 5.1340013281288925 4
12 2.9034755755774877 9
13 2.8155403186968964 11
14 0.0 20
15 1.7561701110129584 16
16 2.0179557770167666 14
17 0.664382976730499 19
18 2.037684595951421 13
19 3.8030362283688555 6
20 3.07226475987258 8
1 5.416779068282061 2
2 3.86148670702706 10
3 5.398961627978744 3
4 4.726929350815801 6
5 1.3634599999999995 18
6 3.422799108646657 12
7 4.772003928691814 5
8 1.7203078573819988 17
9 6.967996071330612 1
10 2.060586707031135 14
11 4.792456508565556 4
12 0.0 20
13 3.544379270097124 11
14 0.19937918936918164 19
15 2.0206791893670957 15
16 2.706886707027924 13
17 4.536762711060167 7
18 1.8333999999858854 16
19 4.065711786065294 8
20 3.9053616279838224 9
1 5.470648124497317 1
2 0.7632481244973142 17
3 3.8733440463826208 2
4 0.8887094372343475 16
5 1.048637403241961 13
6 2.151990635031579 7
7 2.7034804269338197 4
8 0.4894027936307723 19
9 1.1815049320840827 12
10 0.9365303303943628 14
11 2.029245733143891 8
12 3.709981539000296 3
13 2.417218463899043 6
14 0.0 20
15 0.9124764194485648 15
16 2.6442136103960907 5
17 1.3367877706184987 11
18 0.5383933796189568 18
19 1.6249653152207904 9
20 1.5394306350315787 10
1 8.197505550915235 1
2 1.7338510116113417 18
3 7.649353289351362 2
4 2.494867954942711 16
5 2.8536055509155007 12
6 1.7925567440607897 17
7 3.481501768432055 10
8 2.7753921253536755 13
9 6.3625448102705935 4
10 4.303453289351392 6
11 6.554905550915189 3
12 2.9289574839193224 11
13 6.144105550915181 5
14 2.522257089058824 15
15 0.0 20
16 2.704840829994063 14
17 3.4917684678122103 9
18 4.042951517417124 7
19 4.036262409685554 8
20 1.4048517196893964 19
1 9.015309032290185 2
2 6.247560645154354 9
3 9.586183871019648 1
4 5.498350645166559 11
5 4.391849032290187 14
6 5.415349032290185 12
7 7.476656129025221 6
8 3.7704999999989934 18
9 7.7290000000227295 5
10 6.984258064517292 7
11 8.093149032084957 4
12 5.301041935473668 13
13 8.277199032290184 3
14 4.152130000004389 15
15 0.0 20
16 2.481799999999999 19
17 6.448114193598175 8
18 3.9506561290378395 17
19 6.041356129035504 10
20 4.129737419351559 16
1 6.3182951400921095 1
2 0.7933346761788937 16
3 4.07105259596671 4
4 1.730224762754196 12
5 1.6044099949856885 13
6 1.8003445068521329 11
7 3.2070868012900093 5
8 0.4805746761788945 19
9 5.901667445936444 2
10 2.4855501466081815 10
11 2.808136496024935 7
12 0.6131119018249553 18
13 4.240419062841751 3
14 0.0 20
15 2.726091822131023 8
16 2.563447481129736 9
17 0.8251918221310226 15
18 0.6361591242498861 17
19 3.0921159803819456 6
20 1.4558723369886284 14
1 7.574458097093773 1
2 3.5460520520509298 9
3 6.131965331262363 3
4 3.0824941034300473 13
5 3.9788612245041994 8
6 3.181032799256888 11
7 4.5763091571184376 5
8 2.1150429355537534 15
9 6.566735938912537 2
10 1.0301114982899446 19
11 4.63917415728641 4
12 4.016704157119045 7
13 1.6692770519775852 18
14 0.0 20
15 3.1575501037792635 12
16 3.202777052060325 10
17 1.703142110548296 17
18 2.724535615687844 14
19 4.44801033857866 6
20 2.094905885135424 16
