1 4.776859386206265 11
2 2.7932517029534694 16
3 6.533481227598077 3
4 1.4692000000004564 18
5 4.816431702955639 9
6 5.881307146237177 6
7 6.9214764249286205 2
8 1.2658869809706483 19
9 3.779000000002089 13
10 5.2049906137889055 7
11 6.3492141869056145 4
12 0.0 20
13 7.360456105594915 1
14 3.449607146233804 15
15 2.1140585699837118 17
16 3.9809480123939016 12
17 4.8146357862511255 10
18 3.4874317029528576 14
19 6.2810878655843485 5
20 4.976720025592875 8
1 6.97879457582623 1
2 1.7848322077864074 18
3 4.849720346310635 12
4 6.131853420099949 6
5 6.84845457582626 3
6 6.288954761883484 5
7 6.441826060661024 4
8 0.0 20
9 5.444630346310614 9
10 5.968654366229142 7
11 6.9428547618832805 2
12 4.163629839293885 14
13 5.736713030330541 8
14 3.857254761883222 15
15 5.160328893164325 10
16 3.3728762770484986 16
17 1.7208603463106167 19
18 1.9752303463106173 17
19 5.076222554096893 11
20 4.67514173155242 13
1 7.683072807006142 1
2 1.664739789792006 18
3 5.083916471398249 7
4 4.522991578981397 10
5 7.552732807006097 2
6 5.87765580083833 5
7 4.906150835644125 8
8 0.0 20
9 7.366358265546204 3
10 3.464428017767095 15
11 5.306595516517976 6
12 3.587358265546207 13
13 4.523149866155038 9
14 1.6485456140120327 19
15 2.465179022996632 17
16 4.064713702382738 11
17 3.524423653521122 14
18 3.8921059939580043 12
19 6.772099999999925 4
20 3.46216419466058 16
1 7.142690847251964 1
2 2.130373282403662 14
3 5.6097340311471875 6
4 4.940085668713667 9
5 4.083126491919382 11
6 6.592598503069725 3
7 6.085785668713731 4
8 1.4978525817029555 16
9 5.8804728343573345 5
10 0.0 20
11 5.503741973848283 7
12 3.7654486858415117 13
13 5.004651443784347 8
14 0.600159999993866 19
15 1.2898457172110982 17
16 4.662689279318638 10
17 0.8209557218772341 18
18 6.7622514437578225 2
19 3.8117320648248243 12
20 1.6193419738227597 15
1 5.26829563095081 4
2 2.1716704915430918 15
3 6.451896001779531 1
4 0.0 20
5 4.191538880232471 9
6 4.452847521810101 6
7 2.8880520509542524 11
8 2.0067549132926135 17
9 6.062669271860299 2
10 3.0665008259662336 10
11 2.8719343690492716 12
12 2.1388617112259993 16
13 4.392065630950827 7
14 2.363071261901629 14
15 1.3310532759415867 18
16 4.313760028238151 8
17 2.391869274521842 13
18 4.716275457536025 5
19 5.663071261901554 3
20 0.8895817369376817 19
1 5.4785 9
2 4.425431383784535 14
3 6.757083110327518 5
4 2.545499999999976 17
5 6.844171150528688 3
6 8.225538358958964 2
7 4.9433415551639275 13
8 2.70663138378491 16
9 10.564938358958976 1
10 5.408186669916684 10
11 5.295998279456755 12
12 5.684454754743882 8
13 5.308728737718447 11
14 2.537444139728537 18
15 4.309421963174084 15
16 6.7021574754368745 6
17 2.4652055673891455 19
18 5.977342026925615 7
19 6.8369720269259995 4
20 0.0 20
1 5.498783284030679 2
2 2.3560116292380915 13
3 4.831442088836686 3
4 3.304476156118822 10
5 2.2012047156407224 14
6 2.7244540597850775 11
7 4.122918678879148 4
8 0.0 20
9 4.049115703227445 5
10 6.791415677856111 1
11 3.633451797675228 8
12 0.6778792070491155 18
13 3.986620294041784 6
14 0.6800636998709071 17
15 1.6822322241732908 15
16 3.401761000209614 9
17 0.4815489531751922 19
18 2.4456996370761486 12
19 3.636627914324216 7
20 0.8312319615211492 16
1 6.977958200245697 1
2 2.247088538083537 15
3 6.225284664209661 4
4 3.8491578398853394 8
5 6.28040302006552 3
6 3.2458573669123614 12
7 3.2438445454545453 13
8 0.0 20
9 6.61528654176904 2
10 2.5415873669123807 14
11 3.2464907309582274 11
12 1.6013969164619164 16
13 4.075276363636361 7
14 0.46638454545454344 18
15 0.2960418181818123 19
16 5.171458425470913 5
17 3.6261878398853264 9
18 3.2821703669123665 10
19 5.041073132678134 6
20 0.6588872727272701 17
1 6.248717532917058 2
2 2.6315021466812336 13
3 4.924946639365369 5
4 3.938000682132176 11
5 4.029614682123318 10
6 4.396373307925854 8
7 1.0856823410634409 16
8 0.0 20
9 6.518555699162469 1
10 4.497028101445644 7
11 5.375484535016945 4
12 2.3755599010162287 15
13 5.72800687040648 3
14 0.9698451185380779 17
15 0.5484323410642373 19
16 4.664651497311004 6
17 2.4242543879027956 14
18 3.228433946553313 12
19 4.269845118539733 9
20 0.8810123410632658 18
1 6.886822816697094 1
2 2.1181563418969063 17
3 6.557301826027031 3
4 4.359201826027583 11
5 6.589163748055815 2
6 3.8728596048230117 13
7 5.307510981921435 9
8 0.0 20
9 6.1672406367461505 5
10 5.788801461601539 7
11 4.381544798037314 10
12 5.811590981921528 6
13 5.605213807367295 8
14 6.388961461601053 4
15 0.33529441412726646 18
16 3.070110981921947 15
17 2.1277831829278586 16
18 3.354026034511775 14
19 4.057408145513313 12
20 0.21286253235236252 19
1 9.92484145015022 1
2 2.575732956398505 16
3 6.296016422944337 4
4 2.157354879229893 17
5 3.1039000000116266 14
6 7.913995657296123 2
7 3.80926872228306 10
8 1.0267855626308644 18
9 7.475512565332723 3
10 4.330029299245773 8
11 3.3516418260126413 13
12 4.364487243005919 7
13 4.989439915412792 6
14 3.659233035861845 12
15 0.0 20
16 6.22403284589213 5
17 0.5732399154116616 19
18 3.093576252899026 15
19 3.7768695493944726 11
20 4.1108125653310035 9
1 6.613330769089122 3
2 3.217936798880927 12
3 4.673595408126847 8
4 4.320752833345353 10
5 3.6406008044202025 11
6 4.344400805080683 9
7 4.790301927383923 7
8 0.0 20
9 7.316867400171708 1
10 1.5585104108699768 19
11 5.1652621746216685 5
12 4.852655696839086 6
13 6.635258091803884 2
14 2.72742950251389 15
15 2.041048960347779 18
16 2.99265214072453 13
17 2.145862201578171 17
18 2.979787028649934 14
19 6.424790029867704 4
20 2.3538061913104347 16
1 7.157453846329586 1
2 3.3516086213551386 12
3 6.967838692478806 3
4 3.037590714242765 13
5 3.483192732820295 11
6 4.977715093428733 8
7 7.052892397643239 2
8 0.0 20
9 6.159592397643239 5
10 2.0647662694041955 15
11 5.276221322852156 7
12 1.4594124311308843 17
13 4.420683762219683 10
14 0.5675674611916071 19
15 0.6741386924788135 18
16 5.566524427824202 6
17 2.8959874453796672 14
18 4.524069107857874 9
19 6.803987445379667 4
20 2.0144888646065047 16
1 7.097219889373589 1
2 3.835496951139215 11
3 5.887728475416358 5
4 3.7625073082720464 12
5 4.232811304816613 8
6 5.181355796344799 7
7 3.55921739365721 14
8 0.0 20
9 5.662611304816603 6
10 2.961622794541255 15
11 6.3302963971728765 2
12 2.8527070556823464 16
13 6.008794323435776 3
14 3.6510860869017914 13
15 2.1431192221896627 17
16 5.9008897169815535 4
17 1.8010211714551905 18
18 3.914815438911473 10
19 4.065908552950039 9
20 1.7641086553059129 19
1 2.9479424572686077 8
2 0.0 20
3 4.901108140598673 1
4 2.7703733880328913 10
5 3.1313579047940516 7
6 4.839555829084447 2
7 2.8772849145365043 9
8 0.60540163113377 17
9 3.2663924572688097 5
10 1.1720280614893 14
11 0.23370315695766974 19
12 1.8356076689918481 13
13 4.436107668989976 4
14 0.6073883625889169 16
15 1.169273388032935 15
16 3.184358212039064 6
17 4.813944885866629 3
18 0.3131041812954978 18
19 1.9606463139127994 12
20 2.0706059724249735 11
1 11.431878868975055 6
2 4.057679999542978 18
3 8.31969169742325 10
4 14.672952264170089 1
5 8.537617548359455 9
6 9.174952263469663 7
7 12.407652264128473 3
8 9.046352264188855 8
9 11.51435226434899 5
10 5.084139435366332 17
11 3.0856000001397366 19
12 6.766352266997704 13
13 5.518050566122428 15
14 0.0 20
15 5.2196562268729 16
16 7.400521132308536 11
17 6.965571132057263 12
18 11.56715226416876 4
19 12.426782264173095 2
20 5.953378862532732 14
1 4.257178067357219 4
2 4.61257458664344 2
3 3.8084787639592608 7
4 2.4036939314913695 13
5 2.2128993557857854 14
6 3.0955989188258273 10
7 2.9155304726547353 12
8 0.0 20
9 4.7462756620608015 1
10 0.6181005308001142 16
11 4.25721458664381 3
12 2.9176145866416126 11
13 4.2515732763380125 5
14 1.3523607962000368 15
15 0.30525026539995803 18
16 0.5608493557857863 17
17 0.1258993557851733 19
18 3.2726953304546598 9
19 4.033899355787724 6
20 3.2985745866438867 8
1 7.019348756155775 1
2 1.6111575767190909 15
3 5.1669382228886995 3
4 2.9358368572842233 8
5 3.8273401691048696 6
6 5.550178540759159 2
7 4.355378540755806 4
8 0.27900928939742586 19
9 4.130089383675938 5
10 2.4725891714705295 10
11 1.620520071366599 14
12 1.805679822648563 13
13 2.4388100713551593 11
14 1.1012733741004066 16
15 0.0 20
16 3.7944733741030072 7
17 0.8173846031191097 18
18 2.5595637591046354 9
19 2.1416800713647826 12
20 1.0290401691110467 17
1 7.178237336876492 2
2 4.5369592346121586 10
3 6.4092548550651 3
4 4.55099084557195 9
5 4.900009154430461 8
6 6.145637336877055 4
7 2.9414613251903936 16
8 0.0 20
9 7.826982540511566 1
10 3.76445485506475 12
11 6.0293659961302035 5
12 3.082071643668131 15
13 2.5645471256382253 17
14 1.85540803875679 18
15 0.8925040743129555 19
16 4.991441708323265 7
17 3.6430620031999745 13
18 4.322147125638634 11
19 5.155408038756684 6
20 3.1002610067103364 14
1 5.004219302354074 3
2 3.411856598717861 11
3 4.617599526692932 6
4 2.6811806212456535 15
5 3.936906495242016 8
6 4.9264474716637325 4
7 4.12898235066531 7
8 0.0 20
9 3.6274846705487453 9
10 3.1739837876769696 12
11 4.6569384481838245 5
12 0.8407805136940025 19
13 5.500663609494127 2
14 2.0166636085094067 16
15 3.026362264933805 13
16 3.4294151465557077 10
17 1.562343430422643 17
18 2.8754070614801064 14
19 5.627625339323597 1
20 0.9105764158954188 18
1 6.077408993002374 2
2 2.947234865657057 12
3 5.535918187812705 3
4 3.895551645678726 9
5 3.4943294563862857 11
6 5.453165964791177 5
7 3.767191881996654 10
8 0.0 20
9 5.324996504124508 6
10 2.77228762017045 14
11 2.06239624484078 16
12 2.5145615735112727 15
13 5.115061573511023 7
14 1.2005462486947516 18
15 1.6125530360623836 17
16 6.487563564709463 1
17 0.39413216102166215 19
18 3.989018187812713 8
19 5.494329120617131 4
20 2.8768164136349736 13
1 3.8400177898379204 4
2 1.646369640842682 14
3 2.9478245093234534 8
4 2.6784849675286577 10
5 3.1559013168187784 6
6 4.019371316818635 3
7 5.534801316818632 1
8 0.0 20
9 3.0546473663709692 7
10 4.1353075897898615 2
11 2.7908915642637036 9
12 0.8302517045215465 16
13 1.970709800291285 12
14 0.5556441300230894 18
15 1.8560254029982488 13
16 3.5576517045217697 5
17 0.7932713168187806 17
18 1.168258619204376 15
19 2.0297802942159713 11
20 0.35760131681798235 19
1 6.3881278947292355 9
2 2.3343289473698885 17
3 6.127720000019439 11
4 5.90447000000689 12
5 6.360345789490266 10
6 7.610787368416342 8
7 10.094870000001816 1
8 1.779067000003133 19
9 8.296500000010743 5
10 4.624960526315821 15
11 9.337469999999255 4
12 2.1903605263263928 18
13 8.24206699999727 6
14 5.179087368424629 14
15 0.0 20
16 7.800070000002668 7
17 5.681499999988647 13
18 9.999667000003125 2
19 9.858630000002924 3
20 3.1179621052477184 16
1 8.152129169809474 4
2 5.157892226414184 13
3 4.222970830186954 18
4 6.840443377358624 8
5 7.693036811322079 5
6 5.6286999999990215 11
7 7.027110698112747 7
8 0.0 20
9 9.076855283017242 2
10 4.924429999999317 16
11 8.342885283018271 3
12 5.019242075472881 15
13 7.156518169811251 6
14 5.524589999999217 12
15 4.5516181698071785 17
16 6.812973754716463 9
17 4.059521660379552 19
18 6.081265981127137 10
19 11.87232999999922 1
20 5.093870773584789 14
1 6.711500000002178 5
2 3.566299999999572 15
3 6.543375742412298 6
4 4.3947999999999965 13
5 5.746994117269665 9
6 4.788935798955396 12
7 5.540499999999571 10
8 2.6517802806331945 17
9 7.717358613611759 2
10 6.3815401403123415 7
11 5.867188487958488 8
12 4.3881551141407815 14
13 6.8033881151819395 4
14 2.8232831099372784 16
15 2.2365693842926566 18
16 5.4994586136171035 11
17 0.0 20
18 8.560040140314351 1
19 7.328061116232036 3
20 1.9827884879555566 19
1 6.71531449586784 4
2 2.3361893583188946 13
3 4.584747566238034 7
4 6.727816927159223 3
5 5.1379668066427655 6
6 5.507479136333165 5
7 4.2829286066175225 9
8 0.0 20
9 6.959376927187378 2
10 3.3457469271597913 11
11 10.160816927163408 1
12 0.9111469271873136 17
13 0.6043591176294791 19
14 0.9011184623566115 18
15 1.3674088021595856 16
16 3.8254320141040736 10
17 1.973786954663846 14
18 2.361959117796593 12
19 4.360779136300538 8
20 1.5381169545921693 15
1 5.829786700461714 3
2 0.2226256191397913 19
3 5.464279423734171 4
4 0.8175654477318566 15
5 2.662682634732219 11
6 5.036468603556696 5
7 3.354432925547037 8
8 0.0 20
9 7.332902399726434 1
10 0.47682989411385 18
11 6.598932399722323 2
12 1.4296162474523275 13
13 4.648565447649625 7
14 0.6581759652012282 16
15 2.760685375741296 10
16 4.655022829919778 6
17 0.5945954477208861 17
18 3.1759771534980006 9
19 1.0647762474185862 14
20 1.9707326225729858 12
1 5.91907775332942 3
2 2.9145728801538944 12
3 3.7470866842629604 9
4 2.970092915617857 11
5 2.4171124963867343 14
6 4.7859748015351915 4
7 4.250958332472374 5
8 0.0 20
9 6.665978743281544 1
10 3.6008618962791545 10
11 2.7237507621518304 13
12 1.64148813289931 16
13 6.060909451649826 2
14 0.6363777718456971 18
15 2.3137355087997 15
16 3.988682698327611 8
17 0.33703550404714777 19
18 4.215520370096262 6
19 4.086495577945906 7
20 1.5358787420249924 17
1 4.532754279033646 8
2 2.807727991544067 15
3 4.672557148258372 7
4 5.400791564525002 6
5 4.40241427903436 9
6 5.778590139474902 3
7 5.466583300649234 4
8 0.0 20
9 6.0729383374234605 1
10 1.0877162634237698 18
11 5.4416942054854545 5
12 3.9315915645256827 10
13 3.656524279033772 12
14 0.7822961466837137 19
15 1.7696915645250022 16
16 3.76860000000152 11
17 3.22486599991652 13
18 2.9771691989222133 14
19 5.8011839139741515 2
20 1.5867504485075838 17
1 14.084947983339655 1
2 7.60059798339112 11
3 7.21899999995658 14
4 6.995749999572428 16
5 7.385851317144338 13
6 9.900262683460584 5
7 9.515797983058897 6
8 0.0 20
9 11.093125366682747 3
10 4.574200000014569 19
11 13.195527983316357 2
12 5.526550000088623 18
13 10.890538633142809 4
14 7.406538633374353 12
15 8.584125950067703 10
16 8.875225366601093 9
17 6.772780000173137 17
18 7.0271499999682385 15
19 9.03060464995275 8
20 9.311127983409754 7
1 6.560362257542199 4
2 2.725496820731439 16
3 5.656705658562382 7
4 4.528442460590822 11
5 4.8438595885646185 9
6 7.2267872081207365 1
7 7.172458672185628 2
8 0.0 20
9 5.505809059576531 8
10 1.727517021105033 18
11 5.963655744054231 6
12 3.841649102323211 14
13 6.831229219879257 3
14 2.837453120489222 15
15 1.0389909217187951 19
16 4.426255744054244 12
17 4.567599999998443 10
18 4.109805658561141 13
19 6.137453120490432 5
20 1.7285282046470685 17
1 5.194375928898444 2
2 2.2307538550138544 14
3 4.167745376042659 4
4 2.1971907520853184 15
5 5.061322329939024 3
6 3.818772883676402 5
7 3.1184075934947644 9
8 0.0 20
9 5.317943043619884 1
10 2.354822329939025 12
11 3.5903737424635076 8
12 2.626436164307381 10
13 2.2702032843034896 13
14 0.9780227090561708 18
15 1.5520292849948754 16
16 1.4928742403177155 17
17 3.7001687309796116 6
18 2.419179550359531 11
19 3.6840889943439974 7
20 0.9167538550138545 19
1 11.586635283018742 2
2 6.363358490564652 14
3 6.577927924527997 12
4 4.517917924527997 18
5 8.129607924527914 7
6 10.064318867925685 3
7 6.01632792452769 15
8 0.0 20
9 12.655007924527997 1
10 8.085568679244753 8
11 7.860007924527681 9
12 6.520407924528614 13
13 9.238032641507667 5
14 4.83690792452769 16
15 4.358507924527687 19
16 9.247807924527766 4
17 4.5675999999981975 17
18 6.800607924528029 11
19 8.475600000003613 6
20 6.876559433960071 10
1 7.710886024620404 2
2 0.7245794496169942 19
3 10.188086024995306 1
4 2.7662844947000553 15
5 3.442628012442767 12
6 5.972174404449557 5
7 4.201869359274228 8
8 0.0 20
9 2.9978444947730427 14
10 6.218865061444326 4
11 5.294726956131616 6
12 3.46664409768595 11
13 6.648828012513269 3
14 2.3957774757855015 16
15 3.8943860249816584 9
16 3.7573269561484124 10
17 1.9176860250602767 17
18 3.058985962170026 13
19 4.6294295758171025 7
20 1.6922267979755667 18
1 7.187545198194812 2
2 3.602552007241483 9
3 4.326537466965647 7
4 1.58701259978051 16
5 3.073152803983957 10
6 6.466736870148207 3
7 1.9004678194643954 15
8 0.0 20
9 8.609102429790802 1
10 4.0899873035105365 8
11 1.937029655372124 13
12 0.24052759912278043 19
13 6.040920944984045 4
14 1.9060025998006345 14
15 0.8503678194590272 17
16 5.292644951643258 5
17 2.432678907555463 12
18 2.826328428812009 11
19 5.099901168118922 6
20 0.2936284288162119 18
1 8.292752093000953 2
2 5.2182317105315 15
3 7.902729597219013 5
4 5.5427989538077505 12
5 6.128662594523685 10
6 7.902816605490093 4
7 9.536531095808119 1
8 0.0 20
9 8.022930123962375 3
10 5.265991198609862 13
11 7.6345987396969175 6
12 4.66108504363 16
13 7.467964948575243 7
14 1.3163208540530205 19
15 5.251159688341 14
16 6.501332016902839 9
17 4.056864637570074 18
18 7.385531093513423 8
19 5.843425583576776 11
20 4.490097989242287 17
1 14.38904247355898 1
2 4.198860000371875 16
3 10.536560142992355 4
4 9.585021366747702 5
5 9.223497758110916 7
6 8.300215666917307 11
7 8.599753403225364 8
8 3.9584213709578013 17
9 10.678332535112736 3
10 0.0 20
11 12.60940782402794 2
12 8.444590670592245 9
13 6.237959999901561 15
14 6.695996136300123 13
15 2.3818325299808576 18
16 2.3744446310018015 19
17 9.36205137095941 6
18 6.614784331523917 14
19 6.947900000011403 12
20 8.316394274336831 10
1 2.9193328170410076 6
2 0.0 20
3 4.216192634082112 2
4 0.019692634082108196 19
5 1.3138119793140266 15
6 3.9724241474808086 3
7 3.5757239586282745 5
8 1.344916127613109 14
9 5.597065121688907 1
10 1.8579420737404004 12
11 3.7655487580914953 4
12 2.6898589547334906 8
13 1.8729662064292132 11
14 0.39790429037955444 17
15 0.8839397787757595 16
16 2.7182926340823297 7
17 1.544192458971668 13
18 2.442238561449626 9
19 2.0270189824234333 10
20 0.3636379648468806 18
1 5.496629218211302 4
2 2.88257215857913 16
3 5.4526037946703045 5
4 3.9821541504722004 11
5 5.695026762131981 3
6 7.013253524265117 1
7 5.311199964130132 6
8 1.9989802863942203 17
9 6.227180286396752 2
10 3.247018336812192 15
11 4.592351879400268 10
12 3.8231851252642945 12
13 5.270653524264087 7
14 1.0545610792891673 19
15 1.9766999999995938 18
16 4.876488701389568 8
17 0.0 20
18 3.5329518794003008 14
19 3.592499999999999 13
20 4.673153524264087 9
1 7.675590070353831 3
2 4.759548475725063 11
3 7.617001203765065 4
4 5.152079645667703 9
5 6.117622761842307 5
6 6.060605226834144 6
7 3.361300000027729 16
8 0.0 20
9 7.903624059467086 2
10 2.807687167844096 17
11 8.023301203761779 1
12 3.416058087534836 15
13 4.929087167968593 10
14 2.6345389926938383 18
15 3.7899384757624377 13
16 5.851991591173681 7
17 2.550707449205366 19
18 4.29404418946559 12
19 5.410286394261206 8
20 3.658187167843814 14
1 9.120486999809263 1
2 1.6470459999806084 18
3 3.7735069998060426 8
4 4.676587000035733 7
5 5.414286999716484 5
6 6.11808700005327 3
7 5.822286999809267 4
8 2.615886999981345 16
9 6.844087000096988 2
10 1.46303800000693 19
11 3.6330619999990086 10
12 0.0 20
13 3.6861460000495594 9
14 2.0631979999984624 17
15 5.0053870000357215 6
16 2.727399999997542 15
17 3.3272870007804034 13
18 3.374686999981348 12
19 3.5224840000044932 11
20 2.891616999852106 14
1 8.413742640087374 1
2 4.212047918649424 16
3 6.42246124194237 7
4 5.647757359912623 13
5 6.0083092847636745 10
6 6.547702443805062 6
7 6.784124161088439 4
8 0.0 20
9 7.943718279172312 3
10 5.5853870976885025 14
11 5.9289204032049065 11
12 3.23223152164614 18
13 6.012711818831406 9
14 3.4067519410148757 17
15 6.3975169890353625 8
16 6.651319770746783 5
17 4.7727891719138045 15
18 5.753848116863346 12
19 8.324837634103837 2
20 2.044520403204904 19
1 7.5958155924759465 1
2 3.446426657970576 10
3 7.1963416504189235 2
4 3.9672342715913054 7
5 5.088704569545771 5
6 6.481369420568511 3
7 4.20038440752454 6
8 0.0 20
9 0.3269279610051563 19
10 3.0692279610051507 15
11 2.8322859508444735 16
12 3.319117630097056 13
13 1.399413753947592 18
14 3.633769420568525 9
15 2.6041603322805935 17
16 6.0465176300976555 4
17 3.671169420568525 8
18 3.157013753947796 14
19 3.3534459508447014 12
20 3.359737961005182 11
1 6.858369999998246 3
2 3.2427699999992017 15
3 3.876549999999545 13
4 5.085219999999543 8
5 4.380329999999781 12
6 4.3944256666664305 11
7 6.759229999999759 4
8 1.5819299999997667 17
9 5.810129999999766 5
10 8.552429999999765 1
11 5.706029999999764 6
12 7.263309999999765 2
13 5.281870000001296 7
14 0.9312899999998354 19
15 1.9766999999988646 16
16 4.8518699999999075 10
17 0.0 20
18 3.741034333333096 14
19 4.870600000000646 9
20 1.1746100000003548 18
1 6.0831815294672555 2
2 0.0 20
3 4.982698487271356 7
4 3.629428596301392 15
5 4.627230352807314 8
6 4.278001966054788 11
7 5.44210000000099 4
8 3.993992517578445 12
9 4.54879999999978 9
10 3.5568856631336256 16
11 5.001609953313218 6
12 3.826102517578472 14
13 4.492460966287282 10
14 1.323391747762841 19
15 7.6545905607057225 1
16 5.223345458278691 5
17 5.677890560705476 3
18 3.5105134353734324 17
19 3.9523346823495067 13
20 1.9379019660554087 18
1 8.935859511930408 1
2 3.0610829240688058 12
3 5.51855275208923 5
4 5.047613096048398 7
5 4.856241380563418 8
6 8.076936303989397 2
7 4.4586745862355786 9
8 0.0 20
9 6.271897570240107 3
10 1.7861923114766456 18
11 5.413376672906023 6
12 2.223582719871416 16
13 3.9075923114766358 11
14 0.5660616666666525 19
15 2.508008448856102 14
16 4.322839475401764 10
17 1.7923133333333325 17
18 2.709962557761367 13
19 5.80998577557192 4
20 2.430865927812424 15
1 8.869297171495727 2
2 6.959914732030808 8
3 7.794636067563992 3
4 5.626599999990598 11
5 7.162357630845163 7
6 7.599155834221441 4
7 6.417195072074208 9
8 0.0 20
9 10.11335333438939 1
10 5.9000012616883 10
11 7.38319612964019 5
12 5.096218800734874 14
13 2.7947499999989414 19
14 4.648296703784808 15
15 5.370498982728217 13
16 7.341496703769748 6
17 4.373055834214479 17
18 4.552349999998722 16
19 5.41198000000019 12
20 4.2979545933115 18
1 3.0569408163366005 8
2 1.820831505233558 12
3 3.8947260836888797 3
4 2.599492664790086 9
5 0.2579598841610271 17
6 3.6623867424714605 5
7 3.745192664790065 4
8 0.2157861589910488 18
9 1.7101118661680204 14
10 1.6728876486470876 15
11 3.419259746287569 7
12 0.04789615899075095 19
13 3.4641598841610555 6
14 1.0901757357940607 16
15 0.0 20
16 4.283540138433236 2
17 2.150117188445438 11
18 2.54156081633682 10
19 4.705903778255692 1
20 1.7144471884455235 13
1 6.445628000156786 3
2 0.9000430000742008 17
3 3.8778430004379545 11
4 6.529168000163103 2
5 4.273927999710146 9
6 5.413027999984101 5
7 1.5148946668297074 16
8 3.6224613334966835 12
9 6.7607279999527545 1
10 0.0 20
11 4.676361333286299 7
12 2.981728000890853 13
13 4.561416000294116 8
14 0.8132930000762904 18
15 0.4647946666193299 19
16 4.0093680002136525 10
17 2.186928000767442 14
18 5.738027999993033 4
19 5.2713559992453565 6
20 1.557583000438819 15
1 7.506144970251693 3
2 3.16523491075508 16
3 5.211753469107594 11
4 4.76389467276866 12
5 4.684676938215333 13
6 5.2176452036612435 10
7 7.063576938214959 4
8 2.0191420961098596 17
9 5.635831734553747 9
10 8.378131734553785 2
11 6.616724970251724 6
12 1.6860000000000168 18
13 8.48214209610984 1
14 1.5049899405034681 19
15 6.0134769382151445 7
16 5.952994192219635 8
17 0.0 20
18 4.036046288329649 15
19 4.479104791762113 14
20 6.858906938215144 5
1 6.911806758148936 5
2 5.485253365020088 12
3 7.225075238039716 3
4 6.022053962513581 9
5 5.538624377505329 11
6 7.151793241851037 4
7 7.48008648370202 1
8 0.0 20
9 7.436104503213276 2
10 5.282852146287409 14
11 5.267780061584492 15
12 5.3857395898137 13
13 6.5348596011144995 7
14 4.192508622563756 19
15 5.569512895486304 10
16 5.218204503213402 16
17 4.353242007087867 18
18 6.082494824724065 8
19 6.693661385113683 6
20 4.811693241851028 17
1 8.856943430811555 1
2 6.58743468999906 10
3 8.843010354837197 2
4 4.902603410052238 15
5 7.076810354837324 9
6 7.72284492643009 6
7 7.270743830481927 8
8 0.0 20
9 7.784039545528929 5
10 3.793585205598747 18
11 8.168835024557998 4
12 5.314244926430095 14
13 5.878746422048658 12
14 3.301740556023847 19
15 5.358651444765292 13
16 7.334617591708367 7
17 4.869553159136154 16
18 6.585173312168639 11
19 8.476679545528937 3
20 4.832330191154116 17
1 6.376974850089097 4
2 2.8025327797941255 12
3 5.805836730594885 5
4 0.09325654307906017 19
5 3.658252143592351 10
6 5.413313366085112 7
7 1.5379632694010197 17
8 1.874343090434229 15
9 7.325828828991497 2
10 1.2095132694014503 18
11 3.2272498167565677 11
12 1.7475997953781028 16
13 5.431806334094914 6
14 2.1695710975365725 13
15 0.0 20
16 6.3914220086028255 3
17 4.46939717291067 9
18 4.5122963256309365 8
19 8.347436364111552 1
20 2.1201632651264104 14
1 4.225320610716707 6
2 1.7999750831157353 17
3 4.434078380550689 4
4 2.7988614941076193 12
5 5.456969446741127 1
6 5.009659602342503 2
7 3.3612999999999884 9
8 0.0 20
9 4.766065314541682 3
10 2.8286259068917574 11
11 3.0868253329083406 10
12 1.7472253329083247 18
13 4.093400208012039 7
14 0.9835941597494307 19
15 2.2749129865905036 14
16 3.494858851480473 8
17 2.519225384080421 13
18 2.002802986590515 16
19 4.228753991446635 5
20 2.2218715883910605 15
1 5.354780251834185 1
2 2.6378183347294812 11
3 1.3017658888099082 14
4 2.5551389844182117 12
5 3.8884196845200387 6
6 4.387261212695616 2
7 3.922833905014876 5
8 0.0 20
9 3.7766575198328978 7
10 0.6985649566437941 17
11 3.7092015564862173 8
12 0.47654480885463135 18
13 4.207097802380601 4
14 0.7230978023814827 16
15 1.3407142000230647 13
16 3.2039448088569387 10
17 0.8555458888093526 15
18 3.3179040268511693 9
19 4.309806938064837 3
20 0.2380336773921483 19
1 6.6283751968091025 2
2 2.4826412636588957 13
3 5.375147340493825 3
4 1.1307938091857674 19
5 3.965804594857249 9
6 4.257554673705452 8
7 4.6050800183899865 6
8 0.0 20
9 3.7035994638344527 11
10 2.9021795799327177 12
11 4.704107380417188 5
12 1.6700865068904382 16
13 4.936580489143584 4
14 1.3141515759029576 18
15 2.0229348387414814 14
16 3.765319159120335 10
17 2.0062098899228302 15
18 4.396496843008095 7
19 6.772099986316821 1
20 1.6660138407621015 17
1 5.743934548038882 11
2 8.385293638819846 5
3 8.42375363883693 4
4 9.206363643401929 3
5 8.236823637762233 6
6 9.208463645866319 2
7 2.1463563664668768 18
8 3.5797636147541207 16
9 7.807963652116321 7
10 5.760703638315704 10
11 4.633663642271021 13
12 2.650436359201841 17
13 4.360945458672045 14
14 6.3608636366853295 9
15 0.0 20
16 11.904963637134532 1
17 6.3982636350176545 8
18 5.228554542322611 12
19 4.305063637138288 15
20 1.8583636434042305 19
1 8.4349 1
2 5.395522783369292 5
3 4.937775224264119 9
4 2.2442699085945206 18
5 6.633333340257419 3
6 5.082550201403409 8
7 4.46034150442175 10
8 0.0 20
9 5.855836319485175 4
10 0.9110537388789646 19
11 5.151982712833701 7
12 3.486997794291038 14
13 6.680036659742576 2
14 2.470628444753987 16
15 4.101672783369292 11
16 2.8071537388789727 15
17 2.3999522264813655 17
18 3.7213535507161706 13
19 5.37829131601826 6
20 3.835033340257441 12
1 5.891204704076171 1
2 1.297203032236661 15
3 5.063438787065218 3
4 1.9352016815830122 14
5 4.087406185984046 8
6 4.243301395151973 6
7 3.273550942762473 13
8 0.4171261054908073 18
9 4.764506064479537 5
10 5.644755305284214 2
11 4.800637332798143 4
12 0.16905538427458167 19
13 3.3472960249979673 12
14 0.0 20
15 0.742396024999199 17
16 4.099670234323558 7
17 3.664720234323731 11
18 3.9589225185804944 10
19 4.057236024998158 9
20 0.8990538730280115 16
1 6.164618563747547 3
2 1.798627981979556 15
3 8.22273917651049 1
4 2.173793131039191 12
5 3.8568397913513244 10
6 5.919126914691029 4
7 3.6226768437753023 11
8 1.570979791347955 18
9 6.2857672922081385 2
10 1.7263704061905485 17
11 5.303609418300324 6
12 1.9838647913520828 13
13 4.219417763265483 7
14 0.7833147913520833 19
15 1.92903917651418 14
16 5.482033094087785 5
17 0.0 20
18 3.9048704062035107 9
19 4.104782236729348 8
20 1.7550893642298122 16
1 5.319990381211254 4
2 3.01716943194066 15
3 5.467092856616947 3
4 4.483369431940659 11
5 4.569405850388114 9
6 5.1350543931092085 7
7 5.1939529066193195 6
8 0.0 20
9 7.3628829010709484 1
10 3.7989873289394924 12
11 6.039838330481847 2
12 3.645366215643654 13
13 5.259809501400422 5
14 1.7758095014004258 18
15 1.7525984132102965 19
16 4.502438330481833 10
17 2.078429082399323 17
18 3.014445606890793 16
19 4.961928490190537 8
20 3.2567056956307265 14
1 8.571382018191185 2
2 3.8628681029592404 13
3 6.621104051510051 4
4 5.638382018173152 6
5 4.022878765623884 12
6 6.236599999972985 5
7 5.627352472575834 7
8 0.011782018176925035 19
9 8.772218315074195 1
10 0.0 20
11 7.6819620181088295 3
12 5.545722926865823 8
13 4.494000000006361 11
14 3.3891176334573694 14
15 3.3447852670517744 15
16 5.240004990542811 9
17 3.010500000009732 16
18 2.9258418780756483 17
19 5.186715653149309 10
20 2.574829999999999 18
1 7.556818550961548 1
2 3.326033417555025 15
3 5.936864190524489 4
4 4.410406259619669 11
5 5.369899791343804 7
6 6.52587224388914 3
7 4.76913746603594 9
8 0.0 20
9 4.228199973850831 12
10 4.469920744808291 10
11 6.816957637105434 2
12 3.36528921412844 14
13 5.321000346342713 8
14 2.7457738774818434 17
15 2.6892861944551516 18
16 5.429116650786565 5
17 3.831004289988168 13
18 2.9096746497376182 16
19 5.388235483326261 6
20 2.0120334191285547 19
1 5.47849998511988 2
2 3.0983692400485054 12
3 5.390726868485461 3
4 2.5875399700782333 14
5 4.4321196878711 7
6 5.790539978749978 1
7 3.053981557841691 13
8 0.38477983199202326 19
9 4.3014910401300535 8
10 1.0234365647358143 18
11 5.351241559715328 4
12 3.9553204168247036 11
13 5.060815682919648 6
14 2.0353613777691604 16
15 1.565167076053333 17
16 4.167559681174751 10
17 2.3318415813219096 15
18 4.215890462261455 9
19 5.075520426839317 5
20 0.0 20
1 4.6805682962217094 2
2 2.392103917320365 13
3 2.8479185740288626 9
4 3.2565766660636353 7
5 3.211637303645665 8
6 3.6291762107147454 6
7 2.671624762623567 10
8 0.3152679565212142 19
9 7.367806399436362 1
10 2.4143564707543193 12
11 2.279323698174032 14
12 1.7123337469576871 16
13 4.0607929317071685 4
14 0.0 20
15 0.9477791281101491 18
16 2.6126225759702537 11
17 1.4079880567403604 17
18 4.1651883003582535 3
19 3.824696946948758 5
20 1.7376360495077516 15
1 4.319154111113342 5
2 1.5028123333325625 18
3 4.480612333332854 4
4 1.8343332222201167 15
5 2.714412333332582 11
6 4.048599999999055 6
7 3.5335832222201176 8
8 2.2750549999992487 12
9 6.051612333332658 1
10 1.9918376666642468 14
11 2.914790111110492 10
12 2.27261233333263 13
13 3.7330801111100422 7
14 0.9705832222218347 19
15 0.0 20
16 4.88880999999933 2
17 3.29901499999925 9
18 4.830508888888789 3
19 1.6197132222218356 17
20 1.708499999999438 16
1 13.593883659566089 1
2 4.952364297863667 15
3 7.090293616926238 7
4 3.2334700000020224 17
5 8.010182340441567 5
6 7.269396383037154 6
7 8.49587000000204 3
8 5.15898365961811 14
9 9.068826808501871 2
10 0.0 20
11 6.8090949786746595 10
12 5.289826808559584 13
13 7.064469999987766 8
14 4.355882340341636 16
15 3.1279268085018677 18
16 5.9710569787928165 11
17 3.0104999999997704 19
18 5.646544297918314 12
19 6.9485531914776475 9
20 8.291199999999751 4
1 8.106177353557346 1
2 3.740953756501276 18
3 6.875567934463919 6
4 7.783837423441789 3
5 5.374861974353163 11
6 7.012866507576968 5
7 6.7226539518885655 7
8 0.0 20
9 8.015397360197198 2
10 5.125501786719462 12
11 6.6076876219379495 8
12 4.4527556573705445 13
13 7.749811284027182 4
14 3.995809078908317 16
15 4.4327050426027235 14
16 6.325096203637376 9
17 3.789171890884661 17
18 4.345829751166753 15
19 6.04113765086715 10
20 3.232955106194331 19
1 6.674977287186829 12
2 4.423899985968292 16
3 11.274147144409167 2
4 9.85540571613577 5
5 6.9643642873743 10
6 10.007885728506057 4
7 6.339100003878951 14
8 0.0 20
9 12.108171425748328 1
10 9.30361571139135 7
11 9.307932857787254 6
12 3.9724042938348036 17
13 6.463000004888186 13
14 2.0722185728775058 19
15 4.741332858823142 15
16 6.699804283518017 11
17 2.525518569212804 18
18 10.044198712369859 3
19 8.36016428637347 8
20 8.318505714907445 9
1 7.219095013246525 1
2 1.7188000000028585 16
3 5.966955596440961 2
4 4.489322860258018 7
5 4.451878953411384 8
6 4.792452913852235 5
7 3.6340000000020756 10
8 0.0 20
9 5.711550152037488 3
10 4.57420000000258 6
11 0.7467200000020773 19
12 1.6711623050405606 17
13 5.159127332646948 4
14 1.161279788132532 18
15 2.7212250964409628 13
16 3.49365015204552 11
17 2.2612225826451207 14
18 3.3570470861568977 12
19 4.30055850287091 9
20 1.879714145503766 15
1 11.644747333336978 1
2 2.544196666667351 18
3 8.546464666666683 6
4 8.923544666667189 3
5 7.313124666667344 8
6 8.367296666663293 7
7 8.76047000000593 4
8 5.214475333319963 15
9 10.64980799999704 2
10 2.7304699999998707 17
11 7.298296666664142 9
12 5.958696666678744 13
13 4.851870000000548 16
14 5.593619333332442 14
15 6.29344733333696 12
16 7.0485646666665005 10
17 0.4356699999998428 19
18 6.609469999998373 11
19 8.708924666663819 5
20 0.0 20
1 4.038034458864276 6
2 3.041939480509809 14
3 3.825956839818199 9
4 2.20874696969091 16
5 3.2575429696897573 11
6 5.411746969685357 2
7 4.216946969714643 4
8 0.0 20
9 3.8400657142748686 8
10 1.4721481818115107 18
11 4.959051904750771 3
12 2.4131267099592586 15
13 5.82730069263034 1
14 0.6632394805290995 19
15 3.1668469696861745 12
16 3.950164969689758 7
17 3.091161904755883 13
18 3.3314532900436897 10
19 4.191083289987669 5
20 1.7443832900436897 17
1 7.420271999999997 2
2 5.200867999999996 6
3 4.5216899999999836 10
4 3.464499999999993 13
5 4.718649999999998 9
6 5.461875999999992 5
7 7.0975499999999965 3
8 0.0 20
9 6.944280000000037 4
10 9.686579999999978 1
11 5.154583999999992 7
12 3.1652799999999726 14
13 3.466879999999991 12
14 2.0331800000000273 17
15 1.8633999999999893 19
16 4.726379999999952 8
17 2.6316499999999916 15
18 1.9393099999999657 18
19 4.176819999999995 11
20 2.1959799999999983 16
1 5.487903667704343 3
2 3.412145338169326 11
3 4.816463172731941 6
4 2.170316559731583 14
5 3.5431620214243367 10
6 5.3051054927606565 4
7 4.376037889424434 7
8 1.61911008192742 15
9 6.273788773909988 1
10 0.1787499999999964 19
11 4.127337978575636 8
12 3.0086990948214822 12
13 5.530832172399574 2
14 1.230512872370459 18
15 0.0 20
16 3.950246421065778 9
17 1.569987446897406 17
18 2.8635559120483594 13
19 5.216548964096953 5
20 1.618043303109662 16
1 6.087380349829787 4
2 2.3353781801519258 13
3 6.056561819848122 5
4 3.672254570044499 11
5 3.7661781801518392 10
6 4.469978180151875 9
7 4.583479264990824 8
8 0.3254247954962044 18
9 5.195978180151875 6
10 0.0 20
11 4.962026763550689 7
12 3.0210590871955936 12
13 6.972378180151874 1
14 0.11853479549618307 19
15 0.8982627860696488 15
16 6.24153095993716 3
17 0.7336914108405423 16
18 2.2643897748101542 14
19 6.582465909924061 2
20 0.6559440900759217 17
1 7.725448628008571 1
2 3.7292725647793787 12
3 6.760127788906246 4
4 2.470596003149828 16
5 4.993927788906132 10
6 5.673596003149895 7
7 5.47947377374037 8
8 1.4679388995874811 19
9 7.665680304522528 2
10 0.0 20
11 6.1368934348408555 6
12 3.2033961276646976 13
13 6.45838501729823 5
14 2.569959076918093 15
15 2.407643244662526 17
16 5.095663155288366 9
17 2.819474982701717 14
18 4.80660402927338 11
19 6.947900000000006 3
20 1.6340115696763062 18
1 7.00036164797514 1
2 2.926370692289785 16
3 6.119664993069435 2
4 2.693088491405355 17
5 4.58556887983153 8
6 5.72981285471773 4
7 5.0790838653364725 7
8 0.0 20
9 5.494398910871615 5
10 4.3341098686410096 9
11 3.9930292102585723 11
12 3.32432121747813 13
13 6.032303990220555 3
14 3.3166814569267076 14
15 3.0003673775252038 15
16 4.29005653230524 10
17 2.3432739518985235 19
18 2.559221973915073 18
19 5.186112691060405 6
20 3.8066087526413988 12
1 9.296940964762719 3
2 5.277134452347543 10
3 4.820571631134455 11
4 2.1092077549469197 17
5 4.377369999184889 12
6 9.382038708061788 2
7 6.756270000170987 5
8 3.7533387074767934 14
9 8.170864192221604 4
10 9.79546644862382 1
11 5.565153747897943 9
12 3.085170002599993 15
13 5.940207754492993 6
14 1.9149338766365518 19
15 5.706169999960011 7
16 5.626135152403151 8
17 0.0 20
18 3.048370000173442 16
19 3.9079999999523913 13
20 2.08835339530805 18
1 5.222231374317209 2
2 2.0153046305170905 13
3 4.778332207869132 3
4 1.4214904707801617 16
5 4.734211909651474 4
6 4.0740861163497 6
7 4.122583075821269 5
8 1.313909968057677 17
9 6.413486116349628 1
10 2.054257161974646 12
11 2.4216955341386672 11
12 1.8731941482200187 14
13 3.691077141845265 8
14 0.42459986728675103 18
15 1.4816679945214797 15
16 4.065553851245511 7
17 0.1871941482200481 19
18 2.7447600189692865 10
19 3.6396654074215804 9
20 0.0 20
1 5.946420333560693 9
2 6.10089760584712 4
3 6.077164198652595 5
4 4.454271940493937 14
5 6.0099407072995685 7
6 6.658929603093609 2
7 6.352946321587981 3
8 0.0453858011278756 19
9 4.6858319399898205 11
10 6.024496321758225 6
11 7.4815010809126665 1
12 3.0196712315656247 17
13 5.989803198798011 8
14 4.21325118407733 15
15 0.0 20
16 4.551012151614036 13
17 4.092495252125982 16
18 5.2371799597541555 10
19 1.615799999971001 18
20 4.638185393678864 12
1 6.587486601387207 1
2 1.9254356467456089 15
3 5.611555251695399 2
4 3.950056089447913 9
5 4.884431664615663 6
6 5.424179150218498 3
7 3.8183698019808583 10
8 0.0 20
9 5.365892958527189 4
10 2.789339711779498 13
11 4.814420384731116 7
12 2.8861689912325588 12
13 4.552681264806876 8
14 0.6964931391703861 19
15 1.5784469510751866 17
16 5.111399446308122 5
17 1.8851398577372833 16
18 2.6196156520716496 14
19 3.2416952475196905 11
20 1.4808429645932337 18
1 5.601892782695993 2
2 3.296121754124098 12
3 4.263316276206661 10
4 1.5246228554304904 18
5 5.150191060615865 4
6 6.067362424249403 1
7 2.287569545968527 15
8 0.0 20
9 4.32886901387621 9
10 4.375860170845143 8
11 3.9150269910534794 11
12 1.5593616468434872 17
13 4.815029434654722 6
14 0.370825394555768 19
15 3.2862944361404787 13
16 5.3408124242515065 3
17 5.073087303488559 5
18 3.0141844361420667 14
19 4.744706212128188 7
20 1.8967096969835653 16
1 4.587581642744473 2
2 2.547543723906103 13
3 4.54008867447014 3
4 1.7263361104638204 16
5 3.4900208606542833 11
6 4.197927767537167 5
7 4.091500914142889 6
8 0.5998886744701464 19
9 5.35971534377513 1
10 4.380402424834681 4
11 3.838124368240417 8
12 2.1193369572894576 15
13 3.9826916289589835 7
14 0.895381341818362 17
15 0.0 20
16 3.7600388443322768 9
17 0.8267116804168975 18
18 2.5010779048054403 14
19 3.5643361956139317 10
20 2.7117916289589914 12
1 8.43490000000002 3
2 4.667331092476238 16
3 8.291186960682959 5
4 5.7745468646633125 12
5 5.681536585689314 13
6 8.183008348369023 6
7 6.941515320288711 10
8 0.0 20
9 9.288026616589725 2
10 6.133734971039678 11
11 7.554810607980546 8
12 5.323787603676711 15
13 8.37310060798039 4
14 2.939908063121516 18
15 2.577636585689124 19
16 8.053616237484663 7
17 3.616162094682383 17
18 7.45457960406636 9
19 9.5318536122852 1
20 5.629099030532722 14
1 5.071241449085743 1
2 3.5708591278637303 12
3 4.257436766932272 7
4 1.9681493054424395 18
5 3.77382783673416 9
6 3.7363606276299457 10
7 4.109478733996687 8
8 0.0 20
9 5.005457403515688 3
10 4.574200000000914 5
11 3.461923510032043 13
12 2.7151762863924374 17
13 5.008672356165194 2
14 3.1960606259651536 15
15 3.059378733996798 16
16 4.9897839183669745 4
17 1.465903451963389 19
18 3.408188173931808 14
19 4.26781817393145 6
20 3.633439521730496 11
1 7.348627783340276 1
2 4.323987440046315 8
3 5.424439454847324 4
4 3.805420403739724 10
5 4.072848217905703 9
6 5.259499454831353 7
7 3.361299999995287 13
8 0.0 20
9 5.419123163613369 5
10 0.21321999999598829 18
11 5.983142946315409 3
12 0.9183822166439306 15
13 5.337078454831355 6
14 0.5329059582170634 16
15 0.17114999999506697 19
16 3.645782216647138 11
17 2.170068921883198 14
18 3.4629306917282987 12
19 6.028238109291582 2
20 0.5037299999962674 17
1 4.361906752284228 6
2 1.2287451363532045 17
3 4.390295823634569 5
4 1.4359573842266133 15
5 3.574675461285217 9
6 5.27729763157192 2
7 4.416469830266328 4
8 0.0 20
9 6.1364022787641 1
10 2.153120582408104 13
11 3.789377428035306 8
12 2.781275547587152 12
13 5.083816679129278 3
14 1.239926421790581 16
15 0.7851237121286712 18
16 3.3863753888829358 10
17 1.6266887098005969 14
18 2.8021238617982958 11
19 4.1714201382898946 7
20 0.7763754773208844 19
1 5.969603651046784 1
2 3.0686058595242707 11
3 4.599644062847843 7
4 2.9191739914579573 13
5 3.4928881250464863 10
6 4.937003650966089 5
7 4.0801015146823 8
8 0.0 20
9 2.4270289914654968 14
10 2.9598592418548213 12
11 5.005944062747774 4
12 0.8574987413658244 17
13 4.853549194394626 6
14 0.5287130175105128 18
15 0.9001630176595152 16
16 5.617773991504789 2
17 0.14297707098945844 19
18 1.3688254010476726 15
19 5.122939142434802 3
20 3.5826491944551266 9
1 7.979774999968984 1
2 2.3461456249889254 13
3 5.633084374976694 7
4 3.8123456250024894 10
5 3.776945625042785 11
6 7.015345624998578 2
7 6.80877500016176 4
8 0.0 20
9 5.116806874938779 9
10 0.6881356250024409 16
11 6.892685624999403 3
12 2.343145624998715 14
13 5.377374999968982 8
14 0.23435562500176355 19
15 0.5093856249985818 17
16 6.539184062449131 5
17 3.144634062449127 12
18 0.2372756249993877 18
19 5.883493125053649 6
20 0.9786456249853783 15
1 6.686963207595946 5
2 0.0 20
3 6.671107231169351 6
4 5.217542404776904 12
5 5.343216790925953 11
6 8.859652006070114 1
7 6.330390124161532 7
8 5.748804241438484 8
9 7.6572167930800115 2
10 2.6367167908282028 16
11 6.9344527481766125 3
12 5.44274345749462 10
13 5.1665557309606225 14
14 1.6889167904732436 17
15 0.9662899998849244 18
16 5.1732072191890985 13
17 5.6335520032689494 9
18 0.6941800000184406 19
19 6.8315772191890325 4
20 3.8956557284770676 15
1 10.079808571439756 1
2 3.207177857182741 13
3 2.175131857154536 17
4 0.8481878571826926 19
5 0.9398018571482014 18
6 5.626608571517317 4
7 4.76325571422025 7
8 2.8274744642874325 15
9 7.966008571422297 2
10 5.121661964326441 5
11 4.906405714220272 6
12 3.2561578571544167 12
13 4.150104285711663 9
14 3.290357857154406 11
15 2.9986244643534503 14
16 5.9835578571570185 3
17 0.0 20
18 3.901357857148039 10
19 2.335601857156375 16
20 4.601308571444822 8
1 5.197490395960845 4
2 4.097231379005965 9
3 5.567761808956006 3
4 1.6010999999999638 16
5 1.511607541721614 17
6 4.910277177979287 5
7 3.8905075417212944 10
8 0.9384649737045341 18
9 6.316135932622235 1
10 0.1787499999999662 19
11 4.273378044475124 8
12 4.444917500924871 7
13 3.330838191043833 11
14 1.913418350962256 14
15 0.0 20
16 4.558104713537129 6
17 2.968796543775707 12
18 1.817823535407176 15
19 5.839624761195054 2
20 2.9514359326230575 13
1 8.548353671411034 1
2 3.8028734445217127 19
3 6.462695864569227 8
4 4.977969367437983 12
5 6.1993906361204685 10
6 8.025693217632627 3
7 6.481847932285594 7
8 0.0 20
9 4.22820000000075 16
10 4.149466387154895 17
11 7.568012153765829 5
12 3.8522853077131627 18
13 7.765660000000751 4
14 4.509827616005906 14
15 5.48877683570558 11
16 6.681588466851613 6
17 4.567600000004188 13
18 6.31618106913147 9
19 8.475599999999998 2
20 4.4399763871542826 15
1 5.0285083617469075 4
2 4.260537050257274 8
3 4.421908361817031 6
4 3.0516083618432126 14
5 4.511927050337963 5
6 3.9959083617500317 9
7 7.987608361756795 1
8 0.1824201650916737 19
9 3.356163279846172 13
10 3.854108361759312 10
11 3.0194000013124387 15
12 3.5699270503580314 12
13 4.416200001381677 7
14 1.0365770503379825 18
15 1.4080270499547058 17
16 5.750208361712563 3
17 0.0 20
18 6.173800001036223 2
19 3.7355096740665372 11
20 1.514708361409645 16
1 7.081083618824941 2
2 3.6852869350937763 18
3 5.6950099860712955 7
4 5.025156105836179 13
5 5.489529705403136 9
6 5.9231483287939835 5
7 5.418816084411026 10
8 0.0 20
9 6.378103626423213 3
10 5.225406127261331 12
11 5.971816345719375 4
12 4.632216345719379 14
13 7.285966275863422 1
14 4.029588817619718 15
15 4.005255326366463 16
16 5.746175378286535 6
17 1.5326016404065768 19
18 3.8746163811750605 17
19 5.576353025561253 8
20 5.334363725964723 11
1 6.313113488981074 3
2 2.509617555106302 15
3 6.535652599697855 2
4 2.80428485360951 14
5 5.003586744491858 8
6 6.987795389534998 1
7 3.949984853624342 12
8 0.0 20
9 5.036518994622983 7
10 4.357185389497554 11
11 5.814470904421153 5
12 1.4253862956450245 17
13 5.339535110233198 6
14 0.41176174449186087 19
15 2.307415003369609 16
16 6.253285389542035 4
17 1.390259102302264 18
18 4.988752599708851 9
19 3.566779171293779 13
20 4.647695389543309 10
1 4.787325484122684 3
2 3.120236548597948 14
3 4.113927258228463 8
4 2.5342958389741845 15
5 4.127476903479257 7
6 5.628700000316186 1
7 5.457966258310144 2
8 0.0 20
9 4.708837258631865 5
10 4.093562742248068 9
11 3.8271365485979483 12
12 1.7450661937447345 16
13 4.026566258337866 10
14 0.7415365488243459 19
15 1.580100000237107 17
16 3.6515448711371716 13
17 4.567600000300418 6
18 3.8618769035311216 11
19 4.721506903280114 4
20 1.3291769034608638 18
1 8.428323894778956 2
2 3.5655431533816153 13
3 7.7886938432914725 3
4 5.263533524189199 7
5 4.948641057353575 10
6 8.466533524152494 1
7 2.4957568465397024 15
8 2.2754556125409104 16
9 7.453083477253159 4
10 2.2421410574007057 17
11 5.1224970201527205 9
12 3.6090705396572167 12
13 3.1982943907381003 14
14 4.046334157671249 11
15 1.4464136930897156 19
16 6.7395341576024395 5
17 0.0 20
18 6.241793843251047 6
19 5.260253017383205 8
20 1.9273943906881383 18
1 6.53859999999998 5
2 3.6379746337343937 17
3 7.287712889576177 2
4 5.465216493219714 9
5 5.829985468655788 6
6 7.064397176295067 3
7 5.5531746337343995 8
8 2.0089384918272475 19
9 6.795159295455658 4
10 5.233627289691584 11
11 4.456071462225131 14
12 0.0 20
13 5.2633648764704954 10
14 3.817917890759415 16
15 4.538282456266868 13
16 8.180808123080354 1
17 3.901914474743295 15
18 4.836783973720911 12
19 5.574299752941009 7
20 3.5397016236622907 18
1 4.847335975319812 5
2 1.6255402686461042 16
3 4.883243272558797 4
4 2.5623244881204403 11
5 4.0769744085208295 9
6 4.604427686712819 6
7 5.582105710292533 1
8 0.07965733858289115 19
9 5.265163895207738 2
10 1.9583088586141968 13
11 4.531193895205652 7
12 2.161899999996864 12
13 3.868793964905448 10
14 1.0547566356123266 18
15 0.0 20
16 4.310721708505964 8
17 1.3783276867127994 17
18 5.13356732580908 3
19 1.6872217085056986 15
20 1.7715010476164155 14
